02016012206582009105899065216404881620326160166
02016012206582012103851073718405531860367179188
02016012206582013102381055813904191450274134140
02016012206592007102705065017704731640309151158
02016012206592008103870062416404601600300149151
02016012206592008104924069617405221750347175172
02016012206592009103897067716705101650345177168
02016012206592010104270064317404691670302151151
02016012206592011100864067716705101640346169177
02016012206592011103876062216404581600298149149
02016012206592011103949062516404611590302155147
02016012206592011104228064917804711630308150158
02016012206592012101764064815604921620330157173
02016012206592012102209068817405141740340171169
02016012206592012106103068416905151660349171178
02016012206592012110084064517704681670301149152
02016012206592013100946068817105171670350174176
02016012206592013101566065416304911650326163163
02016012206592013101695066316305001640336166170
02016012206592013103678068517305121740338171167
02016012206592013106133065117704741660308151157
02016012207002010103776069617105251720353175178
02016012207002011102824071117905321770355178177
02016012207002011103565071016905411720369181188
02016012207002011103821066816904991640335163172
02016012207002011104693064716304841600324159165
02016012207002012103935062416204621550307151156
02016012207002012104828054615203941360258128130
02016012207002013100474069617305231720351177174
02016012207002013100787072718705401800360179181
02016012207002013101119068816905191720347168179
02016012207002013101333063616204741540320156164
02016012207002013101344057615104251490276141135
02016012207002013101440064316504781550323160163
02016012207002013101884064217004721580314157157
02016012207002013102813063715104861550331164167
02016012207002013103175066916405051620343166177
02016012207002013103474071718105361740362183179
02016012207002013103707067516905061650341166175
02016012207002013103786070917405351700365176189
02016012207002013103993068717505121660346169177
02016012207002013105021071117305381760362177185
02016012207002013105698067217005021690333161172
02016012207002013105858067816605121650347174173
02016012207002013109009070317305301740356176180
02016012207002013110041054415103931360257126131
02016012207012009110028068216705151670348171177
02016012207012010102026065716604911630328163165
02016012207012011100057068816305251710354180174
02016012207012011103079067616905071650342169173
02016012207012011103499064016304771570320157163
02016012207012011103650063515704781610317161156
02016012207012011103793062816204661490317151166
02016012207012011103964069416805261740352178174
02016012207012011105098064516704781630315161154
02016012207012011106345067516205131620351176175
02016012207012012102978067316305101620348175173
02016012207012012103930062616604601570303153150
02016012207012012104280063916704721570315154161
02016012207012012104430062816704611570304151153
02016012207012013100970070217505271780349175174
02016012207012013101650069017105191700349177172
02016012207012013101665067416905051640341169172
02016012207012013101949063816404741560318155163
02016012207012013102611070017005301730357179178
02016012207012013102946063317004631560307154153
02016012207012013103887063816004781570321160161
02016012207012013103907070818505231730350176174
02016012207012013104275063116704641520312152160
02016012207012013104940072817505531810372188184
02016012207012013105722063316804651590306157149
02016012207012013106153069217905131740339168171
02016012207012013109005070718205251790346176170
02016012207022007104812068317105121710341177164
02016012207022009101252069218105111740337169168
02016012207022011103400065316504881620326161165
02016012207022011105940071418405301840346174172
02016012207022012100724069018405061820324173151
02016012207022012103554070418505191820337171166
02016012207022012103815068719104961740322167155
02016012207022012104019070318405191800339174165
02016012207022012106091069217705151700345169176
02016012207022013100079069217305191720347171176
02016012207022013100696067216905031650338170168
02016012207022013101244069618305131770336173163
02016012207022013101478064917004791590320163157
02016012207022013101944069618105151730342173169
02016012207022013102108069019005001750325165160
02016012207022013102112067818204961690327168159
02016012207022013102199074819005581900368182186
02016012207022013103166068616905171710346174172
02016012207022013103213065617704791680311161150
02016012207022013104536071218305291820347176171
02016012207022013105970068216705151690346172174
02016012207032010101280067618104951710324169155
02016012207032011104633069917905201790341172169
02016012207032011105664068217005121820330170160
02016012207032011106545068917605131700343171172
02016012207032012102089069417905151780337176161
02016012207032012102126069417205221710351171180
02016012207032012103375072917805511790372184188
02016012207032012104419070717805291770352176176
02016012207032012104575070617905271720355178177
02016012207032013100735070417305311820349175174
02016012207032013102050071820205161840332172160
02016012207032013102355069617405221810341171170
02016012207032013102728070017405261770349174175
02016012207032013103288069317405191630356169187
02016012207032013103440070117505261740352175177
02016012207032013104876069717305241820342170172
02016012207032013105191073218705451720373180193
02016012207032013105723072518305421810361180181
02016012207032013105742069417805161660350168182
02016012207032013105863077121205591880371186185
02016012207032013105890073618405521850367187180
02016012207032013106469066917104981640334166168
02016012207042008100444068617005161610355174181
02016012207042008104739070017905211740347174173
02016012207042010100777072919305361860350175175
02016012207042010103426073519605391840355185170
02016012207042012105243073219405381840354177177
02016012207042013100208071319305201790341173168
02016012207042013100920069618505111820329172157
02016012207042013101190072719405331850348172176
02016012207042013101557073618605501850365184181
02016012207042013102663068616305231810342174168
02016012207042013102668072019205281790349179170
02016012207042013102861073319705361880348179169
02016012207042013103354073319505381860352184168
02016012207042013103808072317805451810364182182
02016012207042013103818070318305201780342178164
02016012207042013103849067218004921650327168159
02016012207042013104512070016405361750361180181
02016012207042013105217072918405451790366187179
02016012207042013105407071517205431810362185177
02016012207052011102048076019305671920375190185
02016012207052012101558061315604571620295151144
02016012207052013100528069817805201780342170172
02016012207052013101024073319105421820360181179
02016012207052013101416073218005521810371186185
02016012207052013101936068917705121760336171165
02016012207052013102142061816104571610296152144
02016012207052013102954074018905511870364182182
02016012207052013104904070517805271810346175171
02016012207052013106389061315504581590299154145
02016012207062011101879076319105721900382193189
02016012207062011104329074218205601850375185190
02016012207062011109118076719305741900384192192
02016012207062012102961077718905881860402200202
02016012207062013100747072117405471810366183183
02016012207062013100901073117405571800377180197
02016012207062013102177076418805761840392191201
02016012207062013102451076520505601910369189180
02016012207062013102507073917905601770383182201
02016012207062013102512077418905851860399197202
02016012207062013103323072518105441810363185178
02016012207062013103927073617705591870372178194
02016012207062013103944072217705451780367182185
02016012207062013109177075520505501890361190171
02016012207072011100715073419205421890353180173
02016012207072011104563074219105511880363185178
02016012207072012102498070819005181770341169172
02016012207072013103172074719305541870367183184
02016012207072013105382074719305541850369185184
02016012207072013106136074519205531870366185181
02016012207082008102924065015904911600331164167
02016012207082011104030068917305161670349170179
02016012207082013100094070718005271740353177176
02016012207082013103094070618005261730353177176
02016012207082013103652070517705281840344182162
02016012207082013104273068917605131680345173172
02016012207082013106262070317905241660358179179
02016012207082013110060070417805261790347183164
02016012207092011102826067116805031660337168169
02016012207092011103490064016604741580316160156
02016012207092012104866067016505051680337172165
02016012207092012110064065417404801630317158159
02016012207092013100549069417405201750345170175
02016012207092013102166068517605091730336169167
02016012207092013102688068318205011680333167166
02016012207092013104341067518704881720316161155
02016012207092013105264072518005451870358183175
02016012207092013105421070617505311760355179176
02016012207092013110124077018705831900393197196
02016012207102011102013067416205121690343169174
02016012207102012102789065715605011620339164175
02016012207102013102161067617704991670332169163
02016012207102013104103068717605111680343172171
02016012207102013105574069717405231760347179168
02016012207102013106452065515505001600340174166
02016012207112008104812067016305071680339170169
02016012207112010106459067717105061690337166171
02016012207112012100895067117504961700326167159
02016012207112012103950069717205251780347170177
02016012207112013102530067417105031690334169165
02016012207112013104265067316605071680339168171
02016012207112013104520064815904891610328167161
02016012207112013104552066816505031650338171167
02016012207112013105821082020706132050408209199
02016012207112013106095081719806192040415210205
02016012207122010104306068417905051720333168165
02016012207122010110032087124206292190410207203
02016012207122011103918069717605211680353174179
02016012207122011104429070818405241740350176174
02016012207122012101116081121505961970399204195
02016012207122013100023067917505041710333168165
02016012207122013100733066617704891630326157169
02016012207122013100986072218105411780363181182
02016012207122013101610071718805291830346178168
02016012207122013101797071118905221770345175170
02016012207122013102053073418905451840361181180
02016012207122013102100067617804981710327165162
02016012207122013103722067817205061740332173159
02016012207122013103978060316604371540283136147
02016012207122013105378071018605241740350175175
02016012207122013105546071018605241740350182168
02016012207122013105596065817004881760312166146
02016012207122013105667069518605091700339172167
02016012207132010104388068217905031670336172164
02016012207132010106400071619505211740347174173
02016012207132012106103069117605151730342171171
02016012207132013101144070617505311780353179174
02016012207132013101514078720905781990379192187
02016012207132013101546077520705681900378192186
02016012207132013103464067717505021680334167167
02016012207132013104007078820405841970387197190
02016012207132013104752078820205862010385188197
02016012207132013105809069217705151720343173170
02016012207132013110095069218005121740338171167
02016012207142011100864061315004631580305152153
02016012207142012102452071018305271780349177172
02016012207142012105599070617705291790350178172
02016012207142013100244069617605201720348176172
02016012207142013100291067318604871730314152162
02016012207142013100539068916905201690351168183
02016012207142013100768072018405361770359182177
02016012207142013101600071619705191790340169171
02016012207142013102050067820204761690307163144
02016012207142013102723071718805291750354173181
02016012207142013105517071918405351790356174182
02016012207152011103565063115804731550318157161
02016012207152013103474069116005311800351165186
02016012207152013103993067916805111670344166178
02016012207152013105021070917605331720361175186
02016012207162009110028066717504921660326163163
02016012207162011100057067216505071710336169167
02016012207162011102824072318505381800358179179
02016012207162011103097067317604971720325165160
02016012207162011103964067616805081710337171166
02016012207162011106345065716304941590335170165
02016012207162012103708068318504981800318159159
02016012207162012105747067817805001700330169161
02016012207162013101650067016705031700333168165
02016012207162013101774070119105101810329163166
02016012207172012103554069317905141760338174164
02016012207172012103815071419305211740347176171
02016012207172013100022069217205201670353172181
02016012207172013100423065916604931640329168161
02016012207172013100734068318205011750326170156
02016012207172013101244069218005121780334168166
02016012207172013101681067916405151660349176173
02016012207172013101946067216405081760332168164
02016012207172013102108065216704851630322159163
02016012207172013102112068518105041700334167167
02016012207172013102693067218004921670325166159
02016012207172013102791067717005071640343171172
02016012207172013104451067516805071650342168174
02016012207172013105890066016904911640327166161
02016012207172013110083069717805191720347169178
02016012207182011101751066616704991610338167171
02016012207182011104633067217105011710330166164
02016012207182012101566066617904871760311163148
02016012207182012101804066217204901670323159164
02016012207182012102089064616904771610316165151
02016012207182012102361070318005231770346177169
02016012207182012103669070218505171720345177168
02016012207182012104019069817505231720351177174
02016012207182012104575067017005001630337166171
02016012207182013100334069417305211710350172178
02016012207182013102005070818405241780346174172
02016012207182013103440068016805121680344174170
02016012207182013104621068316305201740346174172
02016012207182013104876066917204971700327172155
02016012207182013105407066716505021670335169166
02016012207182013105676066116804931740319165154
02016012207182013105682079221205801970383188195
02016012207182013106384064316904741590315158157
02016012207182013106469067616405121680344173171
02016012207192010100115069219105011720329166163
02016012207192010100777067817904991770322159163
02016012207192011102050063616504711640307153154
02016012207192012101594073318705461810365181184
02016012207192012105243068218105011740327161166
02016012207192013100321067617205041710333170163
02016012207192013101190070117805231750348180168
02016012207192013102861071418805261790347178169
02016012207192013103354071618605301760354181173
02016012207192013104277063316304701640306155151
02016012207192013104512069417605181680350174176
02016012207192013105191069617705191690350176174
02016012207192013105217070218205201700350173177
02016012207202011101117068617805081740334172162
02016012207202012110120066017704831650318162156
02016012207202013104517065717604811640317162155
02016012207202013110037067217904931630330164166
02016012207212008104739066617404921700322161161
02016012207212011102048056215204101440266136130
02016012207212012102961071817305451750370184186
02016012207212013100528058415904251450280144136
02016012207212013101416069217305191710348176172
02016012207212013102512070517605291710358179179
02016012207212013104904067217105011710330171159
02016012207222010103608063015704731550318155163
02016012207222011101879070017805221740348177171
02016012207222011109118070418105231770346172174
02016012207222012102498065517504801600320157163
02016012207222013100747065816104971600337162175
02016012207222013102177071418105331760357173184
02016012207222013102451068218804941700324162162
02016012207222013103323067716905081710337172165
02016012207222013104158065317804751670308155153
02016012207222013106262069117705141770337170167
02016012207232013103172069617405221730349177172
02016012207232013103927068917005191770342175167
02016012207232013105421066316904941670327164163
02016012207232013105563068917005191710348176172
02016012207242012100734069517405211860335173162
02016012207242013102688070318305201810339174165
02016012207242013105535070619805081820326172154
02016012207252011102013066016404961640332168164
02016012207252012102789065316404891660323166157
02016012207252013100856067518604891670322163159
02016012207252013101144067917005091680341171170
02016012207252013101883078720905782070371190181
02016012207252013102100053414103931340259129130
02016012207252013103978053514103941350259129130
02016012207252013109149070018605141750339170169
02016012207262013105113066318204811710310154156
02016012207272011103607073819205461750371185186
02016012207272013105195071318805251860339173166
02016012207282013100484071518505301780352178174
02016012207282013109029064516704781660312156156
02016012207292010110031060514804571490308154154
02016012207312013105682075920705521940358187171
02016012207322013100162073618505511810370185185
02016012207322013101265070018905111750336175161
02016012207332012103031068517005151710344174170
02016012207332013100708069218105111730338168170
02016012207332013101294064216204801580322160162
02016012207332013101913067817005081700338172166
02016012207332013102727073618205541860368184184
02016012207332013103309065016404861590327162165
02016012207332013103739069118805031670336171165
02016012207342012100691069016605241690355175180
02016012207342013100265068518305021740328170158
02016012207342013103000067018204881740314162152
02016012207342013103463067117504961770319160159
02016012207352013101449067316805051720333167166
02016012207352013101934068416905151750340170170
02016012207352013104429069317205211730348172176
02016012207362011103535067317205011650336172164
02016012207362011106071070217405281760352174178
02016012207362012101567071318105321780354176178
02016012207362012105076066215605061630343166177
02016012207372013100807068017805021740328165163
02016012207372013103523068616905171670350172178
02016012207382013102496072819105371860351180171
02016012207382013105563067517205031680335169166
02016012207382013110055073919305461890357179178
02016012207392012103260071618405321820350181169
02016012207392013101455074619605501880362183179
02016012207392013105128072717805491790370184186
02016012207402011101699000020100001910000000000
02016012207412011104451071318305301800350181169
02016012207412012103204069518205131760337170167
02016012207412012104385069017605141770337179158
02016012207412013101912078617406121750437219218
02016012207412013104464070618105251750350181169
02016012207422011103280068617205141720342172170
02016012207422013100862069717405231720351177174
02016012207422013100942068418904951800315159156
02016012207422013101883072218005421910351179172
02016012207422013104929081319806152040411205206
02016012207432013102485065615904971610336162174
02016012207432013103730066316305001620338164174
02016012207432013105386064415604881620326163163
02016012207462012103443083223405982180380195185
02016012207472011101406064315704861570329164165
02016012207472011104599062116104601550305154151
02016012207472013105704065315904941620332166166
02016012207482009100378068417905051720333173160
02016012207492013102727069617505211770344173171
02016012207502012105752069517805171830334175159
02016012207502013104390068517905061720334169165
02016012207502013104865068417705071730334169165
02016012207512013102510070317805251790346179167
02016012207522011103535069817105271790348178170
02016012207522011104965068617805081700338172166
02016012207522012101321066816405041630341169172
02016012207522013101455067518104941680326168158
02016012207522013103429069218005121750337176161
02016012207522013109112068817705111740337167170
02016012207532009102738068517305121710341164177
02016012207532013101316067016705031690334162172
02016012207532013110112075619005661900376190186
02016012207552011104451067017504951660329164165
02016012207552012103204066016604941650329163166
02016012207552012103260069717405231800343173170
02016012207552012104385066216904931660327166161
02016012207552013105128069617605201760344174170
02016012207552013110055071518605291850344168176
02016012207562012102094064717404731640309158151
02016012207572012103443071919805211800341175166
02016012207572012106134069018105091730336171165
02016012207572013101025070518205231730350173177
02016012207572013101912067616605101680342167175
02016012207592012101108069517305221740348174174
02016012208002013100357079321305802000380194186
02016012208002013101491066316504981600338166172
02016012208002013104879066016404961610335158177
02016012208002013106290068517405111730338167171
02016012208012013110034078819505931900403206197
02016012208012013110085079019605942000394194200
02016012208022008101058071218605261780348175173
02016012208022012106191070618305231750348173175
02016012208022013100853065915705021630339166173
02016012208022013102865072518405411800361185176
02016012208022013105743070017605241760348172176
02016012208022013109095067117105001680332167165
02016012208032013102615070618105251780347176171
02016012208032013104786071118005311770354181173
02016012208052012105309069717305241740350175175
02016012208282012100671062015704631590304159145
02016012208292011102269067517105041690335166169
02016012208302010101172069418605081790329170159
02016012208302011102041070718805191870332170162
02016012208302011103324067017005001690331165166
02016012208302013100345069018705031750328171157
02016012208302013103339069117505161770339171168
02016012208302013103910068317105121730339172167
02016012208312012101513066217404881680320164156
02016012208312013105701065417004841590325172153
02016012208322010102449068018204981660332165167
02016012208322012104680071518505301810349183166
02016012208322013100342067317404991720327167160
02016012208322013101907075521105441900354177177
02016012208322013103980079321305801970383198185
02016012208322013104871070917805311770354179175
02016012208342011104759073018805421810361181180
02016012208352013105233055715504021370265135130
02016012208352013105833055615304031400263133130
02016012208372012101148068317705061740332171161
02016012208382013102241067818104971730324160164
02016012208392010104353072520805171800337172165
02016012208412010104843069819505031880315173142
02016012208422013105131071418605281790349179170
02016012208442010104176056015004101440266137129
02016012208472011102041067918304961710325169156
02016012208522012104129069217805141760338166172
02016012208522013100210064716704801630317160157
02016012208522013101885064816704811640317159158
02016012208532013101702063014504851500335167168
02016012208532013102795061815404641450319151168
02016012208582011102043069318305101700340171169
02016012208582012100793068717205151780337172165
02016012208582012104499069518605091700339172167
02016012208582013100018068617305131780335170165
02016012208582013100531068918205071690338169169
02016012208582013103195069518505101700340172168
02016012208582013103988068918305061680338169169
02016012209042012104129066817504931680325165160
02016012209062013101577070317305301720358178180
02016012209062013102474066916705021720330166164
02016012209072012102692074919805511880363184179
02016012209082009103113064116504761600316157159
02016012209082010102412069517205231740349178171
02016012209082013101647068317005131680345173172
02016012209082013102342077820805701990371194177
02016012209112010104302063914704921490343166177
02016012209112012109115062113804831500333168165
02016012209112013100237065715405031590344169175
02016012209112013100466063415204821540328160168
02016012209112013102352065316104921530339166173
02016012209122013100115065615704991600339170169
02016012209122013100679066317304901660324162162
02016012209122013105808067217504971730324165159
02016012209132013105712074819005581890369183186
02016012209152008106354064217104711600311157154
02016012209152011102043065717204851590326160166
02016012209152011103898061716204551490306150156
02016012209152012101712066816904991640335163172
02016012209152012104499065817104871600327160167
02016012209152013100365069517505201660354171183
02016012209152013100816065016404861590327167160
02016012209152013100857066616804981710327174153
02016012209152013102919067516905061670339167172
02016012209152013103988065717104861600326161165
02016012209152013104934067417005041680336169167
02016012209162009104977061215804541530301149152
02016012209162011100187063017604541730281148133
02016012209162012103491061415404601550305154151
02016012209162013100206062015604641570307155152
02016012209162013100404061215804541540300150150
02016012209162013103068072518005451840361183178
02016012209172012100097066917204971680329166163
02016012209172013100555075419705571890368183185
02016012209182012105670066416804961660330169161
02016012209192011105825063014604841580326159167
02016012209192012103937062515404711550316156160
02016012209192012104329064515704881580330163167
02016012209192013105494062014404761500326162164
02016012209202010104035071418805261850341175166
02016012209202011104308070518905161890327166161
02016012209202012104511074719805491970352180172
02016012209202013105243070919005191840335171164
02016012209212011105905076919705721970375194181
02016012209212012100379068216905131730340173167
02016012209222011100564064716404831610322157165
02016012209222011106338068516605191660353177176
02016012209222012100538066917404951750320167153
02016012209222012102453063016204681620306158148
02016012209222012102503063515904761680308159149
02016012209222013100943061416204521590293153140
02016012209222013104215065616404921640328164164
02016012209222013104550066216105011710330167163
02016012209232010103291069917805211740347167180
02016012209232012103627069117205191750344173171
02016012209262010102405064717204751660309157152
02016012209262013106047069418605081780330167163
02016012209462009103518069819405041880316162154
02016012209472010103881064317004731640309157152
02016012209472011101778067116405071630344170174
02016012209472011106544071218105311780353178175
02016012209472012101289070017905211680353172181
02016012209472012103921068817205161640352173179
02016012209472012106200067717305041730331171160
02016012209472012106252067417005041680336171165
02016012209472013100305069918005191680351172179
02016012209472013100622068117205091750334163171
02016012209472013101794062016304571540303153150
02016012209472013103977063515504801550325152173
02016012209472013105029069817705211750346175171
02016012209472013105712060715904481570291144147
02016012209472013105784064416804761660310156154
02016012209472013105808060515804471560291145146
02016012209472013106172064116804731630310157153
02016012209482010101156068519004951780317165152
02016012209482011101005067717505021710331168163
02016012209482011102874064817204761560320161159
02016012209482011103716069717605211720349174175
02016012209482011105730069117105201800340180160
02016012209482012102024069617605201710349172177
02016012209482012103138063215504771510326160166
02016012209482012105206069619405021770325168157
02016012209482013100655067916605131640349179170
02016012209482013100910067517604991710328172156
02016012209482013101022061115104601520308156152
02016012209482013102938064916504841610323161162
02016012209482013103964072218305391760363182181
02016012209482013106175062315804651500315152163
02016012209492010104032069617905171730344175169
02016012209492011103354066817504931700323160163
02016012209492012101173069718005171730344175169
02016012209492012104139070317905241760348179169
02016012209492013101125065317204811630318160158
02016012209492013102064068717705101750335170165
02016012209492013102110069817805201740346177169
02016012209492013102803069117105201750345175170
02016012209492013103960068516905161700346172174
02016012209492013105990067516805071710336167169
02016012209502008104268072818805401800360180180
02016012209502008105857069917405251790346171175
02016012209502010102446070517405311800351175176
02016012209502010104043069217005221720350175175
02016012209502011103152073619305431820361178183
02016012209502011103520065216504871640323162161
02016012209502011106350070317205311820349177172
02016012209502012103624073418805461810365182183
02016012209502012104314064416704771600317159158
02016012209502012106228065616904871610326164162
02016012209502013102916071918405351820353176177
02016012209502013105265065016204881630325159166
02016012209502013105304064916804811670314159155
02016012209502013105455065416904851630322159163
02016012209502013105565066016404961680328165163
02016012209502013105794065617204841650319162157
02016012209502013106013065616804881630325163162
02016012209502013110097065816704911690322163159
02016012209512010103291069517705181700348172176
02016012209512010103501077020805621840378192186
02016012209512012103088070718005271800347177170
02016012209512012103090071317905341780356177179
02016012209512012103627069018105091700339169170
02016012209512012104808061915704621530309155154
02016012209512013100122071317905341790355176179
02016012209512013103098069417405201700350175175
02016012209512013104169079920405951930402198204
02016012209512013104179078820305851830402195207
02016012209512013104491062015404661570309154155
02016012209512013104504064416904751630312157155
02016012209512013104927071617705391740365182183
02016012209522009103618070917005391710368180188
02016012209522011102560067716605111680343168175
02016012209522011103078062715704701530317157160
02016012209522011104031061416004541550299152147
02016012209522012100255072917605531740379182197
02016012209522012101161063815604821560326161165
02016012209522012101430068816605221630359170189
02016012209522012101894060315004531490304148156
02016012209522012102698075218905631940369189180
02016012209522012103814073317805551830372191181
02016012209522013102389063917504641570307151156
02016012209522013102689060114704541510303149154
02016012209522013104411071917105481760372185187
02016012209532008103016064016004801580322161161
02016012209532011103449067217205001750325171154
02016012209532011106614067716505121680344176168
02016012209532012100644065417004841700314166148
02016012209532012102676067617005061690337168169
02016012209532013100603065315604971710326166160
02016012209532013101447063415304811580323162161
02016012209532013101914071918905301780352172180
02016012209532013105209071218705251780347175172
02016012209532013105342061615304631530310153157
02016012209532013105364061515504601500310153157
02016012209542009102331066217604861660320164156
02016012209542012103874068018104991710328173155
02016012209542012104103066917704921650327167160
02016012209542012104464070418205221750347174173
02016012209542012110039066316604971650332163169
02016012209542013101414070718305241730351177174
02016012209542013102179072718505421840358180178
02016012209542013104076072718505421820360178182
02016012209552010105912065015504951570338161177
02016012209552013100039065716504921640328163165
02016012209552013101251067317005031630340168172
02016012209552013101494068517705081710337168169
02016012209552013102287065416504891590330163167
02016012209552013102296062216204601540306153153
02016012209552013102378069217805141840330163167
02016012209552013103939062516204631530310155155
02016012209552013106215062715904681540314155159
02016012209562007103968070917405351720363180183
02016012209562010103704073418105531760377187190
02016012209562012100329074819105571830374189185
02016012209562012110089079721305842030381187194
02016012209562013100736075719005671850382197185
02016012209562013102261064416504791610318154164
02016012209562013103066065116704841510333163170
02016012209562013103333072017705431740369186183
02016012209562013103998065416504891520337167170
02016012209562013104828069517805171720345173172
02016012209562013105703064516304821630319159160
02016012209572011101921067418704871680319161158
02016012209572011105976065416504891640325162163
02016012209572012103932066817704911720319167152
02016012209572013103289071117805331650368181187
02016012209572013105924067217804941700324170154
02016012209592010110098068917805111740337166171
02016012209592011103491069117805131730340171169
02016012209592013100781067817405041680336174162
02016012209592013101121068918105081680340168172
02016012209592013101602066416604981630335164171
02016012209592013101842062315804651560309153156
02016012209592013102353064916004891600329162167
02016012209592013104194066316404991680331165166
02016012209592013104408066316704961640332169163
02016012210002009100374070718605211740347177170
02016012210002011101667070317305301770353180173
02016012210012010103881059315504381530285143142
02016012210012013103999070217105311750356175181
02016012210012013106172058715304341520282143139
02016012210022009103518064417004741650309162147
02016012210022012102815070118305181690349179170
02016012210032011101005064717104761640312163149
02016012210032011103716064916004891650324167157
02016012210032011110011066116804931630330162168
02016012210032012102024066416604981580340168172
02016012210032012106252066517104941690325167158
02016012210032012110085068216705151680347165182
02016012210032013100910065017304771670310165145
02016012210032013104858068217005121700342169173
02016012210032013106150065414905051640341169172
02016012210042010106229067118004911740317166151
02016012210042011103768069218105111660345169176
02016012210042012103180068717305141730341175166
02016012210042012105927065216504871710316162154
02016012210042013106050072318105421780364182182
02016012210052010104032066917104981650333167166
02016012210052012100287061715804591530306155151
02016012210052012101173066617104951660329160169
02016012210052012104678063315604771580319160159
02016012210052012106289061715804591530306155151
02016012210052013101508061315604571500307155152
02016012210052013102803065716904881660322159163
02016012210062008105857069418305111830328162166
02016012210062009103618065515904961650331166165
02016012210062010102446070818705211810340167173
02016012210062011103152071119305181820336171165
02016012210062011106350070519005151810334163171
02016012210062012103090067817605021640338169169
02016012210062012103624071519105241800344174170
02016012210062012103814065416404901590331163168
02016012210062013102916071719305241820342171171
02016012210072010103501071118105301760354173181
02016012210072011102560068016705131650348164184
02016012210072011102827069817405241800344175169
02016012210072012100255070217605261730353178175
02016012210072012101430068517005151660349169180
02016012210072012102698070017905211730348179169
02016012210072012103626073518305521850367180187
02016012210072013104169071118105301780352171181
02016012210072013104179072317905441800364186178
02016012210082013104411071817705411780363178185
02016012210082013105194070418205221860336174162
02016012210092007103968068917205171780339177162
02016012210092010101988070317205311750356178178
02016012210092012110039066016704931620331162169
02016012210102013106232068417305111690342170172
02016012210122009100687069317905141760338171167
02016012210142012105988067816805101720338169169
02016012210152011101667066216904931690324167157
02016012210162013105745068517305121650347171176
02016012210182010101497057515904161480268138130
02016012210192011103768069917905201680352176176
02016012210192011110011064117004711600311159152
02016012210192013105373070817205361750361183178
02016012210222012102604067314005331480385172213
02016012210222013100121077320705661950371187184
02016012210222013100552077120005711920379192187
02016012210222013106050072018805321790353178175
02016012210232012103626066817804901630327158169
02016012210232013101611069016705231710352174178
02016012210232013102800065916004991610338164174
02016012210232013103377069417205221730349175174
02016012210272011104144067018004901660324166158
02016012210282012110040069618005161730343173170
02016012210312013105148068016305171660351181170
02016012210382013101611072518105441780366186180
02016012210382013102800067416705071670340166174
02016012210382013103377068917105181720346175171
