12015102404562010104090064216904731600313157156
12015102404572009105680067619204841710313150163
12015102404572010105027069920104981730325160165
12015102404572012105820065515205031570346172174
12015102404572013100999065817804801650315159156
12015102404572013102738069417305211730348174174
12015102404572013103565065317504781630315159156
12015102404572013104544063718004571600297153144
12015102404582009101528066117404871680319160159
12015102404582010102960063917704621630299148151
12015102404582010104173066217704851680317160157
12015102404582010104304061816504531560297149148
12015102404582011100294064117004711500321158163
12015102404582011103812057215104211410280132148
12015102404582011106585066118304781660312157155
12015102404582012103502065218004721610311154157
12015102404582012104735064017704631640299151148
12015102404582012110050063416604681630305154151
12015102404582013100159064216304791610318160158
12015102404582013102407069519105041780326166160
12015102404582013103024065417204821620320159161
12015102404582013103647084522206232120411190221
12015102404582013105652066517904861700316159157
12015102404582013110067064816804801600320156164
12015102404592008102762063717504621580304148156
12015102404592009110031067918004991730326163163
12015102404592010104298066018304771670310159151
12015102404592010105843067918904901730317162155
12015102404592012101801065518204731630310154156
12015102404592012104105067918704921710321166155
12015102404592012104746068419204921690323167156
12015102404592012105703069118805031760327164163
12015102404592013101803067918804911750316165151
12015102404592013103857068819504931760317164153
12015102404592013104005067318704861800306158148
12015102404592013104318068018404961680328167161
12015102404592013104518065818404741700304156148
12015102404592013104523065718204751680307162145
12015102404592013105288065917804811720309158151
12015102404592013105537066917704921710321157164
12015102404592013105720065318204711690302153149
12015102404592013105915066917404951720323165158
12015102404592013106000065017904711640307151156
12015102404592013110057062617404521570295149146
12015102405002009110112068118404971670330167163
12015102405002010100707062216404581670291156135
12015102405002010104309063316604671640303152151
12015102405002011100066067417105031740329172157
12015102405002011103620063915904801550325160165
12015102405002012104086075319505581940364185179
12015102405002012110117065917504841590325168157
12015102405002013100499068517305121740338171167
12015102405002013105104066816205061710335172163
12015102405002013105509068517505101710339167172
12015102405002013105790066717504921630329164165
12015102405002013105875065017404761710305158147
12015102405002013105919062917004591570302153149
12015102405002013105930065317604771730304150154
12015102405002013105972066216604961690327167160
12015102405002013106018065317704761600316157159
12015102405002013106026065918204771550322161161
12015102405002013106390063316304701640306155151
12015102405002013109012068818205061800326167159
12015102405002013110035062616204641500314157157
12015102405012009102704066818004881650323160163
12015102405012010105836072718905381830355179176
12015102405012011102569068218304991750324162162
12015102405012012100499064217204701750295159136
12015102405012012100627065817704811760305165140
12015102405012012101064070718705201810339171168
12015102405012012101989066516904961730323161162
12015102405012012102418072019205281850343178165
12015102405012012102741070419505091770332171161
12015102405012012104069065117704741770297161136
12015102405012013100828073619105451840361180181
12015102405012013101046071219005221820340173167
12015102405012013102239071018605241790345171174
12015102405012013102876062716404631490314148166
12015102405012013103499072119405271780349175174
12015102405012013103753070917605331770356178178
12015102405022010109146074520605391860353179174
12015102405022011102929067218104911670324167157
12015102405022011104481070419605081670341170171
12015102405022012100740070919705121780334167167
12015102405022012104602065518504701680302153149
12015102405022012110011073020005301790351178173
12015102405022013104319070318905141740340171169
12015102405022013104794067117304981690329166163
12015102405022013105302072019405261770349175174
12015102405022013105655069718505121790333168165
12015102405032010100517068620104851700315153162
12015102405032011105914066516804971620335167168
12015102405032012102099068618205041680336159177
12015102405032012104901065717504821690313156157
12015102405032013102488070118405171750342172170
12015102405032013104044064917204771630314153161
12015102405032013104570070218405181770341171170
12015102405032013104788064716904781680310155155
12015102405032013105800069817705211740347172175
12015102405032013105995067717804991790320162158
12015102405042009102128068219304891730316157159
12015102405042009105989067219004821700312159153
12015102405042010101834069715505421790363178185
12015102405042013102193076418505791910388194194
12015102405042013103568068218404981690329165164
12015102405042013103590069219304991690330164166
12015102405042013105975065517304821660316161155
12015102405042013106472072519005351900345173172
12015102405052010104962074420005441840360182178
12015102405052012101868074121105301780352168184
12015102405052012110042068018404961690327162165
12015102405052013100687071018705231700353173180
12015102405052013101604074320305401830357177180
12015102405052013101887077222005521960356177179
12015102405052013101989067216905031650338164174
12015102405052013101994071419905151850330162168
12015102405052013103606067817805001700330163167
12015102405052013103747069718105161630353168185
12015102405062008103192067319204811720309156153
12015102405062009101380066418404801590321157164
12015102405062009106549063816904691650304151153
12015102405062010104871066417204921720320165155
12015102405062011103771069218505071740333167166
12015102405062011105321073221105211890332174158
12015102405062011105322069517905161760340169171
12015102405062012103405067218704851620323166157
12015102405062012103493070621004961840312160152
12015102405062013101270068617605101750335168167
12015102405062013101728067217604961810315163152
12015102405062013102921072719305341870347181166
12015102405062013103232072719305341880346180166
12015102405062013104051074420005441880356179177
12015102405062013106031065616204941700324164160
12015102405072008101012068118504961680328164164
12015102405072010101326070319505081730335166169
12015102405072011100323067017604941630331168163
12015102405072011110003065418204721620310157153
12015102405072012101586068917305161800336170166
12015102405072013103574069517205231730350176174
12015102405072013104370072918205471830364182182
12015102405072013105210067717904981710327162165
12015102405072013105659068419404901690321161160
12015102405072013105937067416905051640341169172
12015102405072013106477066616804981690329166163
12015102405082007101798068417205121720340169171
12015102405082011103587067017204981660332163169
12015102405082011103618066017104891600329159170
12015102405082011104824063616304731600313157156
12015102405082011105747067017005001660334167167
12015102405082012100308067618004961710325161164
12015102405082012105451067518004951600335162173
12015102405082012106055068619404921670325162163
12015102405082013100571069017305171710346172174
12015102405082013101198068217705051770328160168
12015102405082013102809068416405201680352171181
12015102405082013103234065617004861580328159169
12015102405082013103258072519805271830344173171
12015102405082013103727067617804981670331164167
12015102405082013104442066917004991730326163163
12015102405082013104754072319905241810343175168
12015102405082013105474068418804961700326161165
12015102405092007102397066516305021660336167169
12015102405092012106232075519905561900366186180
12015102405092013101042070118405171730344169175
12015102405092013101658071016305471730374197177
12015102405092013102734073920205371850352185167
12015102405092013105057067217404981660332161171
12015102405092013105525085222506272080419215204
12015102405102009100973069818005181750343171172
12015102405102009106005065616204941700324168156
12015102405102011102616071718005371810356176180
12015102405102011106574070619105151740341173168
12015102405102013101688071217905331740359173186
12015102405102013102379072018305371740363175188
12015102405102013102781066617904871760311162149
12015102405102013104542073419105431880355178177
12015102405102013104950069318305101690341170171
12015102405112010101930069017305171680349176173
12015102405112011105931067518104941720322162160
12015102405112012103843071118305281830345182163
12015102405112013100794070319805051780327163164
12015102405112013100844069218405081700338166172
12015102405112013101921067417804961690327167160
12015102405112013103475073819405441830361182179
12015102405112013103593072319505281730355176179
12015102405112013104253066417904851690316161155
12015102405112013104522068319204911770314154160
12015102405112013105587068518105041750329165164
12015102405112013105965068718205051730332167165
12015102405112013105981066717004971640333163170
12015102405122013102547073919305461800366178188
12015102405132009105546067017704931640329163166
12015102405132011105687071422204921800312159153
12015102405132013101413064516804771580319161158
12015102405132013101828067417604981710327164163
12015102405132013102433068018604941740320161159
12015102405132013103562066817104971700327167160
12015102405142008103136056817003981440254125129
12015102405142012100363071818605321840348178170
12015102405142012100517066018004801730307158149
12015102405142012103986070518905161840332172160
12015102405142013101716069719605011740327170157
12015102405152010104886069318305101770333171162
12015102405152012101064067617804981720326165161
12015102405152012102741070817905291710358181177
12015102405152012105427075620905471940353181172
12015102405152013100831069718505121760336171165
12015102405152013101249070818305251710354176178
12015102405152013101399069418605081710337171166
12015102405152013104150069619005061770329170159
12015102405152013104975069418505091720337171166
12015102405162008104397065616404921690323163160
12015102405162010109146070620205041880316171145
12015102405162011105555070019105091720337173164
12015102405162012110011067019604741720302161141
12015102405162013100196068119604851690316155161
12015102405162013102124066816904991680331166165
12015102405162013102197070320504981760322163159
12015102405162013103991065817604821630319165154
12015102405162013105728068019604841690315155160
12015102405172007103884071218205301770353179174
12015102405172010101834068617605101750335170165
12015102405172010106467068218304991730326164162
12015102405172012100740072119505261770349178171
12015102405172012104519065117704741690305155150
12015102405172013102221075118805631880375185190
12015102405172013104468064316204811570324160164
12015102405172013104601072217705451790366177189
12015102405182009101813073719605411830358180178
12015102405182010101025069618605101740336169167
12015102405182010103602066017504851640321163158
12015102405182010104412079921605832060377193184
12015102405182011103748064817604721530319169150
12015102405182013104608072519205331820351178173
12015102405182013105776072719305341810353177176
12015102405192008104829073620305331840349173176
12015102405192010104962072518905361730363163200
12015102405192011103934067321104621610301149152
12015102405192011104612077321205612020359182177
12015102405192011105451066417504891640325160165
12015102405192013100382066517804871630324161163
12015102405192013101822078621705692050364186178
12015102405192013102838067417604981750323163160
12015102405192013102882069918605131720341168173
12015102405192013103410072619605301800350180170
12015102405192013103526074719505521890363181182
12015102405192013104051073018805421790363180183
12015102405192013104238076020705531950358187171
12015102405192013104532076020905511940357186171
12015102405192013105962076322205411930348180168
12015102405192013106015067617605001740326163163
12015102405192013106193069818605121720340169171
12015102405192013106449070218605161700346175171
12015102405202011104490074819905491920357182175
12015102405202011105992073619305431840359177182
12015102405202012100481069718205151730342172170
12015102405202012102701077122305481970351178173
12015102405202013100045071318405291740355174181
12015102405202013104246074320205411880353181172
12015102405202013105348071218105311780353174179
12015102405202013105862074820005481990349175174
12015102405212009103182072120305181820336172164
12015102405212013101028074018205581850373184189
12015102405212013102191069618205141750339170169
12015102405222011103089068719104961710325161164
12015102405222011103639073920005391920347174173
12015102405222011104042056015304071450262135127
12015102405222012101011070518105241770347174173
12015102405222012104676069018705031740329163166
12015102405222012105219073519905361840352182170
12015102405222012105789064516604791600319158161
12015102405222013104490070217905231750348181167
12015102405222013110084077219805741950379196183
12015102405232008104463067617205041680336166170
12015102405232009102303067917105081790329168161
12015102405232010102310070616905371810356179177
12015102405232011102556071120205091720337166171
12015102405232012102080076219805641860378191187
12015102405232012102705071817705411870354183171
12015102405232013100142074219205501960354188166
12015102405232013100905072719805291910338179159
12015102405232013101129071117805331800353180173
12015102405232013101713072718305441870357185172
12015102405232013102747074020405361920344181163
12015102405232013103772073720205351800355183172
12015102405232013104039070917605331820351179172
12015102405232013104090074719205551760379189190
12015102405232013104740071618105351790356182174
12015102405242010104256065617704791630316159157
12015102405242010105872071219105211760345172173
12015102405242011103965066417204921720320161159
12015102405242011106083073820405341880346177169
12015102405242012102013074720305441850359182177
12015102405242013100197074720605411860355178177
12015102405242013100690074720005471800367186181
12015102405242013101723072119705241780346176170
12015102405242013103516069617705191790340179161
12015102405242013105035068117105101680342172170
12015102405242013105480070118705141730341169172
12015102405242013105839068117305081670341173168
12015102405242013105855067316905041640340174166
12015102405242013106442072719905281780350173177
12015102405252009100807075519905561890367183184
12015102405252009106403067818204961680328165163
12015102405252010104870070818005281780350176174
12015102405252011103410072518905361760360182178
12015102405252012105113070718205251780347174173
12015102405252012105582072420105231850338177161
12015102405252013102225072619205341760358181177
12015102405252013102430077020705631940369188181
12015102405252013103390072218805341800354181173
12015102405252013104782072120105201830337172165
12015102405252013106137070217805241730351175176
12015102405262009105704070320105021760326164162
12015102405262010100540067917305061720334166168
12015102405262010110033065818104771690308159149
12015102405262012101533063415704771580319160159
12015102405262012102118073518805471860361181180
12015102405262012104906072719305341860348178170
12015102405262012105358068218304991740325169156
12015102405262012105519070018905111770334168166
12015102405262013101748064816204861680318157161
12015102405262013105247067317205011700331164167
12015102405272010104837075020905411860355182173
12015102405272012100116076219605661980368185183
12015102405272013103375076320405591940365187178
12015102405272013104055076720605611950366186180
12015102405282009100777062316104621520310154156
12015102405282012104598066816605021720330175155
12015102405282013100019070718405231770346173173
12015102405292011102525064416704771570320151169
12015102405292011104353071418805261760350174176
12015102405292012102293064117304681580310156154
12015102405292012104229068218205001670333163170
12015102405292013103599068918705021720330162168
12015102405292013104037065117204791650314155159
12015102405302011100584073920705321920340172168
12015102405302011110099064317004731630310157153
12015102405302012104646065715804991560343165178
12015102405302013100320068117305081750333167166
12015102405302013102452067317305001650335162173
12015102405302013104987069217905131680345172173
12015102405312013105631064218204601660294155139
12015102405322009100583069418005141700344168176
12015102405322010100093068718105061790327168159
12015102405322010104432072120005211820339177162
12015102405322011100740069318905041780326166160
12015102405322011100778070218705151750340168172
12015102405322012105560071118205291890340177163
12015102405322013101079067017404961630333166167
12015102405322013102955074020705331890344175169
12015102405322013102972066517004951720323166157
12015102405322013103844065816604921630329164165
12015102405322013105768067617605001740326165161
12015102405332010104427070317505281760352173179
12015102405332011103362068018904911740317161156
12015102405342010106257073620105351980337175162
12015102405342012101572073920105381820356183173
12015102405342012105400070519005151730342169173
12015102405342013103182075420005541930361182179
12015102405352013100607075820005581910367183184
12015102405362010100666071818405341840350180170
12015102405362010101350074620805381950343183160
12015102405372010103921070418905151790336171165
12015102405372011102511067817904991760323161162
12015102405372013100550075021505351840351173178
12015102405372013102807072517905461800366183183
12015102405372013105449070818905191790340172168
12015102405382012104759068519004951710324164160
12015102405382012105428069917805211800341172169
12015102405402012104509068219504871660321167154
12015102405402012104710067216905031690334166168
12015102405402013102049066418504791600319162157
12015102405402013104085066716705001710329164165
12015102405412008104798068518704981780320165155
12015102405412011105094055315703961430253132121
12015102405412013103559068318305001700330167163
12015102405422011104950066515205131750338175163
12015102405432008101549066015805021730329173156
12015102405432011103306074519805471870360186174
12015102405442013102013072418505391780361181180
12015102405452010103256065915705021690333172161
12015102405452013101377069516405311690362179183
12015102405462012102845073320305301790351178173
12015102405462012105240068718405031760327164163
12015102405462013103295074321605271860341173168
12015102405462013103962069719605011750326161165
12015102405462013106204069519505001740326163163
12015102405472010106552068618305031710332171161
12015102405472013100975070719105161790337176161
12015102405472013102947071019105191810338176162
12015102405482009105000066918504841570327167160
12015102405482012105993067518904861790307155152
12015102405482013101775075319205611880373182191
12015102405482013102906076918705821960386193193
12015102405482013103823076518505801940386193193
12015102405502012100592073519805371790358178180
12015102405502012104153073718705501850365183182
12015102405502013100347067717205051740331168163
12015102405502013100419072418205421800362177185
12015102405502013104038070519605091720337165172
12015102405502013106165068417205121710341169172
12015102405502013109021071320005131620351175176
12015102405502013109022068616705191690350171179
12015102405512009102179070122004811750306156150
12015102405512010101874065717604811670314152162
12015102405512011110062072518605391840355182173
12015102405512012104840064216104811610320158162
12015102405512013105155069917805211750346172174
12015102405512013105357067217604961720324163161
12015102405512013106009074920905401890351184167
12015102405522009104366067117904921690323164159
12015102405522010100735067220504671630304151153
12015102405522012105759067618004961670329162167
12015102405522013103338066017504851600325157168
12015102405522013105897068317405091740335167168
12015102405522013106202071218705251810344177167
12015102405522013110075068717905081740334167167
12015102405532009104256072819005381820356174182
12015102405532010102608072518405411860355182173
12015102405532011100930064917404751610314152162
12015102405532012101285067818504931630330159171
12015102405532012110098072318605371740363179184
12015102405532013100839070318105221780344170174
12015102405532013102088069419704971620335164171
12015102405532013103619066617104951670328165163
12015102405532013104475073520305321840348179169
12015102405542010102202065316604871650322163159
12015102405542012100680065816604921620330167163
12015102405542012105194074119705441800364179185
12015102405542013102941069118005111710340167173
12015102405542013102956072518805371780359179180
12015102405542013104245075919805611820379186193
12015102405542013110108073819405441830361179182
12015102405552012102305077419305812130368190178
12015102405552013103969069419405001750325161164
12015102405562010100651066717104961710325169156
12015102405562011102545071318305301870343175168
12015102405562012102095068719204951740321164157
12015102405572009106306075421305411920349185164
12015102405572011100364074622005261980328177151
12015102405572011103974077622605501990351188163
12015102405572011104344075021805321940338180158
12015102405572012110072075419105631930370187183
12015102405572013102649065316804851590326159167
12015102405572013102997077322605471980349185164
12015102405572013103157075622205341980336180156
12015102405572013103608073920305361740362185177
12015102405572013104231077322605472020345183162
12015102405572013104597074621105352010334188146
12015102405572013105393075921505441950349184165
12015102405582009102923082620406222130409208201
12015102405582011100912076821805501910359182177
12015102405582012104806069918305161730343170173
12015102405582013102295064718104661660300149151
12015102405582013102312064718104661650301150151
12015102405592011102872079720405932040389194195
12015102406012010105925066017104891660323164159
12015102406012012100590066218104811680313159154
12015102406012012101382066017304871650322157165
12015102406012013102149075120205491950354176178
12015102406012013102953075120305481950353180173
12015102406012013106307067216505071650342169173
12015102406022009102925068519004951670328162166
12015102406022010105235071618905271810346175171
12015102406022012100636071319605171770340170170
12015102406022012106358070519705081750333170163
12015102406022013101737069118305081780330165165
12015102406022013104970072019705231880335169166
12015102406032010101161064816604821580324162162
12015102406032011104163072418505391870352179173
12015102406032011105916070018405161760340171169
12015102406032013105607068117705041640340166174
12015102406042009100610069218705051720333167166
12015102406042012102856070619505111740337168169
12015102406042013100704068018005001680332164168
12015102406042013102327070616705391770362177185
12015102406052010100202072218905331790354176178
12015102406052012101483069618505111740337169168
12015102406052012106275075820805501840366182184
12015102406062011103478063416904651600305154151
12015102406062011105350071119605151820333168165
12015102406062013102001066417004941550339162177
12015102406062013102969069818505131680345170175
12015102406062013104996072218905331780355174181
12015102406062013105974068718405031670336165171
12015102406072009100502066218704751760299157142
12015102406072011104848071718705301770353178175
12015102406072011105887069617805181800338170168
12015102406072013102982076619905671960371183188
12015102406082008104835086523606292240405207198
12015102406092010100328075421405401930347181166
12015102406092010103937071819105271840343172171
12015102406092011110042066717304941710323165158
12015102406092012101568066617104951660329167162
12015102406092013102884068018005001700330166164
12015102406092013104473068118105001640336167169
12015102406092013105645068018005001710329165164
12015102406092013105748065817804801600320158162
12015102406092013105917066015805021660336170166
12015102406092013105968066016604941630331163168
12015102406102010101478074220605361830353180173
12015102406102010109051071019505151840331168163
12015102406102011102273072019005301780352180172
12015102406102011110097066919704721530319157162
12015102406102012103348073320805251880337170167
12015102406102012103508075519505601850375188187
12015102406102013102181073119905321840348177171
12015102406102013102730074220605361840352182170
12015102406102013105755068517405111730338170168
12015102406102013105946070318505181810337169168
12015102406112010102459066918504841640320161159
12015102406112010104680069017705131700343173170
12015102406112010110064070319905041660338170168
12015102406112013101081069017305171700347174173
12015102406112013101795063415804761610315159156
12015102406112013103618068117205091620347169178
12015102406112013103699069317905141710343171172
12015102406112013104527069718305141680346170176
12015102406112013106352059915704421440298145153
12015102406122011104294063415904751600315155160
12015102406132013100783069518905061740332168164
12015102406142010104631069117605151740341167174
12015102406142011104293076920005691920377186191
12015102406152011101278065818004781670311157154
12015102406152011101288066917704921680324164160
12015102406152011104128068919404951770318162156
12015102406152012101936066616704991610338168170
12015102406162011101777065016504851680317160157
12015102406172010100473063916604731570316156160
12015102406182013101358065317704761630313156157
12015102406182013104514065517404811660315158157
12015102406192011104855072219105311780353175178
12015102406192013100534069418005141740340170170
12015102406202011105186074520305421860356178178
12015102406202013105192069816905291720357180177
12015102406212010102263077423105431590384167217
12015102406222008103264060317104321550277142135
12015102406222010104627068618505011710330170160
12015102406222011100544062517504501660284146138
12015102406222011103913061716204551570298150148
12015102406222013102190064117104701670303155148
12015102406222013103762063917104681600308151157
12015102406232012101248070319405091840325166159
12015102406232012102367067217904931690324161163
12015102406232013101248066717104961700326165161
12015102406232013101338067418504891680321162159
12015102406232013102805069019404961770319161158
12015102406232013106268071019905111810330173157
12015102406242009102772065817304851650320164156
12015102406242010104227072319005331860347177170
12015102406242011102004068118504961720324163161
12015102406242011103406063816904691600309161148
12015102406242011105579066717404931720321166155
12015102406242011106085067018104891700319158161
12015102406242012104463067117204991620337167170
12015102406242013102961065918004791650314157157
12015102406252010100222061815104671560311156155
12015102406252010105767068117305081730335171164
12015102406252011103431064417004741660308152156
12015102406252013100463063816404741600314158156
12015102406252013101204064316704761660310152158
12015102406252013102351063716404731600313157156
12015102406252013102977063116404671650302153149
12015102406252013103305068116905121720340169171
12015102406262011101643067016605041700334168166
12015102406272009102739063417904551640291148143
12015102406272011103858066417604881730315160155
12015102406292011103627063715604811580323160163
12015102406292012100231062916604631500313152161
12015102406292012100582066216404981630335166169
12015102406302007104877069816505331750358185173
12015102406302010101569069218005121770335169166
12015102406302011103476078420205821980384196188
12015102406302012100229072218305391780361183178
12015102406312010103969070318005231780345175170
12015102406312011101542072920505241820342177165
12015102406312012101624067117404971680329166163
12015102406312012102017070318905141810333171162
12015102406312013100611067116905021740328166162
12015102406312013102178072717805491780371182189
12015102406312013105894069818605121720340164176
12015102406312013106317067617605001690331164167
12015102406312013110048069118705041720332165167
12015102406322011105117067216805041710333168165
12015102406322012101673066018104791720307158149
12015102406322013103761072519105341750359183176
12015102406332009100921068717805091750334166168
12015102406342011105621071921005091820327167160
12015102406372013103337077521305621920370187183
12015102406412013102834066617004961630333162171
12015102406422008102919066117404871660321160161
12015102406422010101569064415404901550335164171
12015102406422013103508079321505781970381196185
12015102406432009104414064816504831630320158162
12015102406432010105860065116604851610324164160
12015102406432012104551063315104821560326163163
12015102406442011102051071419805161760340173167
12015102406442013100601067617704991670332170162
12015102406442013104827074319205511930358177181
12015102406442013105437067119104801690311160151
12015102406442013110024068019304871710316161155
12015102406452010100895064816304851690316164152
12015102406452013103564065617404821670315155160
12015102406452013105991066018004801640316156160
12015102406462012100531066518204831610322156166
12015102406482013105116071818605321820350175175
12015102406492013106341073417805561780378185193
12015102406502013101623073620105351950340177163
12015102406512011100426071218505271740353174179
12015102406512012104484069318705061740332166166
12015102406512013102515066515105141730341175166
12015102406512013106365069517205231760347178169
12015102406532011104724070618805181790339169170
12015102406532013100362062515804671590308155153
12015102406532013105464063416004741620312156156
12015102406532013106033068718904981630335169166
12015102406542013100315066016304971700327162165
12015102406572013100662069718605111760335167168
12015102406572013106275067117604951650330168162
12015102407002011103584075019605541900364183181
12015102407002013109025073620005361850351178173
12015102407042013101706068618005061660340167173
12015102407102010105143071619805181720346170176
12015102407102012102342070318005231810342172170
12015102407112011106084058814204461510295147148
12015102407112013103351068717205151850330165165
12015102407112013103770073919505441880356179177
12015102407122011103900068118704941760318162156
12015102407122012104119074919205571910366188178
12015102407122012104780073318405491900359179180
12015102407122012104889064816604821600322158164
12015102407122013104047068316105221700352178174
12015102407132010103780067418204921660326159167
12015102407132013106228065417304811670314159155
12015102407142013101442069717805191800339166173
12015102407142013103034071420705071770330167163
12015102407152011100976067919704821740308158150
12015102407152011101806065418904651650300151149
12015102407152011105304071919105281890339174165
12015102407162013101499070618005261780348171177
12015102407162013105538067117304981690329166163
12015102407192011104366071919405251880337170167
12015102407192011104686067217304991670332166166
12015102407192013100369067117904921700322162160
12015102407212010104551070117405271710356173183
12015102407212011106031071519505201790341173168
12015102407212013102978067918804911700321162159
12015102407212013105279070518805171740343171172
12015102407222012101672069618805081760332170162
12015102407222012102308072320105221850337166171
12015102407222013104780069718805091760333172161
12015102407232011101724065617904771650312154158
12015102407232012102298073919005491860363181182
12015102407232012105115066616405021630339167172
12015102407232013102301070717505321750357174183
12015102407232013103505069617305231710352174178
12015102407232013106062066217204901640326163163
12015102407242011101188069317805151700345171174
12015102407242011102076067517505001700330167163
12015102407242011104371064417204721600312158154
12015102407242011106021069518705081760332172160
12015102407242013103770067017704931720321160161
12015102407252010109130068117105101690341171170
12015102407252011110076064916504841600324159165
12015102407252013100522065316604871650322158164
12015102407252013101220065416704871650322157165
12015102407252013103033065917804811680313157156
12015102407252013104248065617504811660315155160
12015102407252013105895063616304731590314156158
12015102407262012102639074720005471870360180180
12015102407262013100989073218805441810363183180
12015102407262013101909068217905031710332165167
12015102407262013105976064616304831630320159161
12015102407272010102500067417205021660336172164
12015102407272010104741064315504881570331167164
12015102407272013102712066418104831610322156166
12015102407272013104255062215104711450326160166
12015102407272013104660066416604981680330164166
12015102407282011104676062416304611560305149156
12015102407282012104572063816304751530322153169
12015102407282013102426067717105061600346166180
12015102407282013102502068116605151670348175173
12015102407292008103069067217404981690329167162
12015102407292012100639068518505001720328168160
12015102407292012106412063816104771530324157167
12015102407292013100826064015904811630318160158
12015102407292013103403061315404591490310158152
12015102407292013104671065417004841630321160161
12015102407292013105528065315904941630331163168
12015102407292013106022066516604991680331166165
12015102407302010103862066116404971620335168167
12015102407302010103915064916204871630324159165
12015102407302011103807072218605361860350177173
12015102407302012100407063016604641550309154155
12015102407302012105326065416704871600327164163
12015102407302013100383069117605151740341173168
12015102407312008105744077022605441930351179172
12015102407312011105911065217904731690304157147
12015102407312011106427065717104861660320158162
12015102407312013100024066917204971680329161168
12015102407312013101031066817004981680330162168
12015102407312013105188068318904941730321163158
12015102407322012101348066716405031640339170169
12015102407322012102092061415904551510304151153
12015102407332011104366065317404791740305155150
12015102407512009101774074319605471800367184183
12015102407512010102875065517204831590324160164
12015102407512011103129062916304661530313155158
12015102407512011105161064417404701550315156159
12015102407512012102773063917304661600306156150
12015102407512013100587064816104871660321159162
12015102407512013102363064417204721570315157158
12015102407512013103001070818205261740352175177
12015102407512013103567066017804821720310161149
12015102407512013104086065616804881660322161161
12015102407512013110114077322905441990345180165
12015102407522009105039068018404961680328163165
12015102407522010102102064416104831580325160165
12015102407522011100296070317205311770354176178
12015102407522011103736066518304821750307154153
12015102407522012103341065718704701750295150145
12015102407522012104061067618004961650331167164
12015102407522012104319066018104791650314160154
12015102407522012110113065517904761740302152150
12015102407522013100150068618005061680338168170
12015102407522013102405067017904911650326161165
12015102407522013104053068317505081720336172164
12015102407522013105013067317404991670332167165
12015102407522013105157077220805641930371189182
12015102407522013105438065117504761720304154150
12015102407522013106101064817504731670306160146
12015102407532009102459068318604971720325166159
12015102407532009102469068718705001660334167167
12015102407532011102738070620505011650336163173
12015102407532011103602066317304901740316160156
12015102407532012101725068618305031760327163164
12015102407532012103318068018604941790315161154
12015102407532012104084062716804591710288152136
12015102407532012105842066817104971650332163169
12015102407532013102002069618005161750341172169
12015102407532013102895066417204921680324162162
12015102407532013103331078520305822040378189189
12015102407532013105487068917705121760336169167
12015102407532013106103067617305031730330169161
12015102407542007104687068818305051740331164167
12015102407542012104220064417404701560314157157
12015102407542012104814055216403881440244121123
12015102407542012110059062715104761480328159169
12015102407542013101718068417505091720337171166
12015102407542013101763058716304241520272139133
12015102407542013101925068318904941690325160165
12015102407542013102340062315904641540310156154
12015102407542013103878068118504961720324161163
12015102407542013104011066518504801690311155156
12015102407542013104428069117605151720343171172
12015102407542013104902054915303961370259128131
12015102407542013105360054915103981390259128131
12015102407542013105397065017704731660307157150
12015102407542013110014065217004821680314157157
12015102407542013110109063216604661540312156156
12015102407552008103180064816804801620318159159
12015102407552010101086063116804631580305149156
12015102407552011103088067717005071670340167173
12015102407552013102029066117104901750315162153
12015102407552013102456056515504101410269135134
12015102407552013103243064615604901480342164178
12015102407552013105321063916304761570319161158
12015102407552013106110063815704811640317158159
12015102407562009105771062116304581550303153150
12015102407562010103932068617505111690342173169
12015102407562010104186065016604841680316159157
12015102407562011100372058115704241440280136144
12015102407562011104391064116304781590319159160
12015102407562011105057071918705321800352178174
12015102407562011106067064417204721670305157148
12015102407562013101769070117305281750353177176
12015102407562013101959065116504861630323166157
12015102407562013104506060215704451560289147142
12015102407562013104781061116704441520292145147
12015102407562013105280070118305181760342172170
12015102407562013105718061616604501570293147146
12015102407562013105747065115504961640332165167
12015102407572008102884068517205131690344170174
12015102407572009100860065015604941600334169165
12015102407572009106525066117604851660319160159
12015102407572010103248067418304911640327161166
12015102407572010103767061416704471480299152147
12015102407572010104993066316904941690325164161
12015102407572011103635064917104781620316157159
12015102407572013100483063815404841580326163163
12015102407572013103759062917704521600292147145
12015102407572013105658067017304971650332165167
12015102407572013105673065817804801590321159162
12015102407572013105954062716904581570301151150
12015102407582010100602065516604891690320160160
12015102407582012102743069418205121730339172167
12015102407582013101328067217904931690324157167
12015102407582013102710066316704961640332166166
12015102407582013103110065816704911630328164164
12015102407582013103167065616604901630327165162
12015102407582013104016065217004821640318157161
12015102407582013105726066016904911680323156167
12015102407582013106329063816304751590316156160
12015102407582013106403065617504811660315157158
12015102407592010103770063817804601640296148148
12015102407592011104095072221205101780332170162
12015102407592012104672065516804871640323159164
12015102407592012104858061915804611550306153153
12015102407592013101238072320005231950328173155
12015102407592013101522071820305151850330173157
12015102407592013102258066617804881670321160161
12015102407592013105160067217804941680326162164
12015102407592013106012071820405141910323173150
12015102407592013106118063916604731600313159154
12015102408002009105925063315704761590317156161
12015102408002011105918066916805011770324165159
12015102408002012104401065316604871680319162157
12015102408002012105880064616204841630321158163
12015102408002013100779067817105071640343174169
12015102408002013101855068717505121680344171173
12015102408002013102478057414204321490283149134
12015102408002013104045056414104231410282140142
12015102408002013104787058014704331470286149137
12015102408002013104795060215304491490300150150
12015102408002013105045065517804771590318155163
12015102408002013105732056314104221420280139141
12015102408002013105848068717505121680344171173
12015102408002013105873065516704881670321158163
12015102408012010102321071820805101780332168164
12015102408012011100016070218105211730348171177
12015102408012013104003069418705071740333168165
12015102408012013104602074920005491900359178181
12015102408022011103594062415504691590310156154
12015102408022011104991068517805071740333165168
12015102408022011104993066218004821680314161153
12015102408022012105793067918804911680323162161
12015102408022012105831064316504781650313158155
12015102408022013100353079919906002020398195203
12015102408022013100567065916604931680325164161
12015102408022013101205068117605051700335164171
12015102408022013102009066417704871630324165159
12015102408022013103198066117604851680317158159
12015102408022013103901079719905982040394195199
12015102408022013105588069917805211740347176171
12015102408022013105648064116404771530324163161
12015102408022013105936065016404861650321163158
12015102408022013110026066417804861690317158159
12015102408022013110098066017004901660324157167
12015102408022013110103064516904761510325152173
12015102408032009106492062216004621570305153152
12015102408032011104831066916505041650339165174
12015102408032013101667067618404921650327162165
12015102408032013102623067017104991740325164161
12015102408042013106467064718404631560307147160
12015102408052009100301066217904831710312161151
12015102408052010103963064217804641570307153154
12015102408062009104578067317504981690329163166
12015102408062011103829065516804871640323162161
12015102408062011104010061917004491540295147148
12015102408062012110066065116204891700319162157
12015102408072011103890070517805271810346176170
12015102408072012104510067117804931680325162163
12015102408072013101718070918205271800347174173
12015102408072013101925070918105281800348174174
12015102408072013105320068618005061730333167166
12015102408072013105376068618005061710335167168
12015102408072013106168071020105091760333164169
12015102408082008105592069520004951800315161154
12015102408082011104725066918504841600324161163
12015102408082012110097070619005161820334167167
12015102408082013102804070717605311680363173190
12015102408092009106035066417204921670325163162
12015102408092012104067063816004781600318159159
12015102408102008102944066118404771660311156155
12015102408102010105845064415404901610329162167
12015102408102011105913066216704951620333164169
12015102408102013100594064415904851640321162159
12015102408102013103582064317004731600313154159
12015102408102013105197064217104711600311154157
12015102408102013106362070118505161880328165163
12015102408112010101020064417304711610310154156
12015102408112011100625062817204561620294150144
12015102408112012100936066916705021580344166178
12015102408112013101874064817304751610314157157
12015102408112013102360062916104681550313157156
12015102408112013102534070319105121740338172166
12015102408112013104461063615904771610316161155
12015102408122011103348073221505171860331169162
12015102408122013105908070220105011710330164166
12015102408132013100007069318705061700336167169
12015102408132013101407068317805051730332165167
12015102408132013101850069218505071690338169169
12015102408132013102305069217905131710342171171
12015102408142010104958069818505131710342167175
12015102408142011103101064416404801640316158158
12015102408142012101971075022305271900337170167
12015102408142012102265066617804881640324161163
12015102408142012103817070417705271860341171170
12015102408142013101779069417505191780341172169
12015102408142013103497064817304751620313157156
12015102408142013104699068017905011680333165168
12015102408142013104845064616604801570323158165
12015102408142013104976064216504771560321157164
12015102408142013105319064717204751630312156156
12015102408142013105693067817605021690333164169
12015102408152011100511064316304801640316164152
12015102408152011101532067018204881660322162160
12015102408152012110058060715804491540295152143
12015102408152013103146074618705591840375189186
12015102408162011105889064516004851600325157168
12015102408162013106258066117004911660325160165
12015102408172010100855064917604731600313156157
12015102408172011102577059213804541430311147164
12015102408182008104749066418404801700310157153
12015102408182010102321069019604941700324162162
12015102408192009100667066217404881650323165158
12015102408192012103479067217404981660332167165
12015102408192013106066064116904721630309158151
12015102408202008106586067416805061680338169169
12015102408212012105252068417605081730335166169
12015102408212013102778071018105291830346168178
12015102408212013102900069417905151810334169165
12015102408212013103340067919004891790310162148
12015102408212013103749066117704841700314161153
12015102408222010100690066417504891670322162160
12015102408222013101836065616704891660323164159
12015102408222013104696065516904861630323164159
12015102408232011101588071820205161810335171164
12015102408232013101434058215204301380292140152
12015102408242009110133065317004831690314159155
12015102408242012104188066416604981600338165173
12015102408242013103760067817605021660336166170
12015102408242013105977069517905161750341170171
12015102408252011105000063116504661620304154150
12015102408252011105118070820605021700332163169
12015102408252013102492073419205421850357177180
12015102408252013103987066316904941690325163162
12015102408272012102729068217905031720331167164
12015102408272013101832064015804821710311162149
12015102408292009105009063815804801630317160157
12015102408292013103522067417105031720331166165
12015102408292013103538070517105341710363174189
12015102408292013104304070717405331700363173190
12015102408292013106190063716604711620309155154
12015102408292013109152064016504751630312159153
12015102408302008105866068619204941800314163151
12015102408302010100109069218705051700335166169
12015102408302010104033063215804741620312156156
12015102408332008104697063915304861620324161163
12015102408332011105008062015104691600309156153
12015102408332013102856065616604901610329161168
12015102408332013103573066816005081660342172170
12015102408342007103350062816304651550310151159
12015102408342011105072063517104641620302155147
12015102408362011106095065618104751740301157144
12015102408372010104347064617504711650306155151
12015102408372011100420070820005081790329164165
12015102408372011101042064916304861580328165163
12015102408372011103984070619605101720338168170
12015102408372012105611068518305021690333165168
12015102408382010103880070719105161710345171174
12015102408382011100139068116405171750342172170
12015102408382012104376066818204861590327165162
12015102408382013100609065016604841600324159165
12015102408382013103256067616105151720343170173
12015102408382013106024065016604841600324159165
12015102408402013106234071519405211800341173168
12015102408412013104314069218205101730337168169
12015102408422010102688071119705141750339171168
12015102408422013101762071119405171800337170167
12015102408422013102626071119405171810336169167
12015102408422013104351073019405361800356177179
12015102408432010102546063416004741580316159157
12015102408432013100685062015404661580308154154
12015102408432013101711066317204911640327163164
12015102408432013103848062716604611540307152155
12015102408432013106361073121205191950324158166
12015102408442010102015066917504941710323163160
12015102408442011103486064116104801610319162157
12015102408442012104388066517704881700318157161
12015102408452011102236072521205131780335171164
12015102408462009104957069718305141710343174169
12015102408462011100529062416004641490315154161
12015102408472009105006071319005231820341171170
12015102408472013104545067516805071700337168169
12015102408502011106322066816305051650340171169
12015102408502012103134064616404821610321159162
12015102408502012104882068117305081740334165169
12015102408502013104379068017205081760332169163
12015102408512011103091069418305111710340168172
12015102408532012104144066716405031630340167173
12015102408562007106459063816404741620312154158
12015102408572012103724067016705031700333163170
12015102408572013101264068618704991720327165162
12015102408572013101998069119005011730328163165
12015102408572013102331066616605001670333163170
12015102408572013104080071718005371830354174180
12015102408572013104138068017705031710332164168
12015102408572013105866067116905021690333164169
12015102408572013106321066016704931650328162166
12015102408582010101101070018605141780336174162
12015102408582013102604063916204771670310161149
12015102408582013104960065117304781600318156162
12015102408582013106130065117104801630317160157
12015102408592009103906063015904711590312156156
12015102408592012103249064517204731600313155158
12015102408592012103916065616704891680321157164
12015102408592013104560067017404961670329163166
12015102408592013105892064116904721610311154157
12015102409002010102996068918405051790326168158
12015102409002012101855069917105281830345173172
12015102409002012106095066716705001720328165163
12015102409012012104342069016205281780350180170
12015102409012013100361069316905241670357176181
12015102409012013100541070017505251740351173178
12015102409012013103621068816705211720349173176
12015102409022012104713066817504931690324161163
12015102409032012100633063616404721560316156160
12015102409032012110086066416804961600336162174
12015102409032013100641069718805091760333169164
12015102409032013101379065216404881580330161169
12015102409042009101080072523404911740317160157
12015102409042011102991072019205281820346176170
12015102409042012104947070519405111820329166163
12015102409042013103244072019105291850344175169
12015102409042013105499071919205271840343175168
12015102409052009103514065116404871600327162165
12015102409052010102094071620005161830333171162
12015102409112013104080066917804911740317158159
12015102409182012103772067118504861630323164159
12015102409192011101911070318605171780339174165
12015102409192013104020072519305321800352175177
12015102409252009105421067919404851650320156164
12015102409262011103048069115705341710363176187
12015102409382010103540078921505741990375188187
12015102409492009101360078221105712000371190181
