02009100705582004103066051414603681210247118129
02009100705582005106340050714203651180247118129
02009100705582007102369000015100001350000119000
02009100705592002105164071017805321710361179182
02009100705592005103234069217305191670352172180
02009100705592005105273068117105101640346169177
02009100705592006100062068918305061660340161179
02009100705592006101640069617105251700355175180
02009100705592006101723066216604961640332166166
02009100705592006101820069117405171690348170178
02009100705592006102993000000004061410265133132
02009100705592007103365052314903741340240118122
02009100705592007105645066716705001640336165171
02009100705592007110120065116304881620326159167
02009100706002004103282069117705141720342170172
02009100706002004105106070417405301770353175178
02009100706002005104290068117705041640340165175
02009100706002005105420070217605261780348177171
02009100706002005105526070717705301730357175182
02009100706002005107082072418705371830354177177
02009100706002006106797079120005911930398196202
02009100706002007100083079720005971960401206195
02009100706002007100192073718105561810375191184
02009100706002007100842078819805901970393197196
02009100706002007101622070717305341800354177177
02009100706002007103673069217705151730342169173
02009100706002007103971091523206832250458237221
02009100706002007104630069517105241680356173183
02009100706002007105417069416805261690357174183
02009100706002007105726070716605411680373179194
02009100706002007106156070718205251810344174170
02009100706012005100245070017605241760348172176
02009100706012005103797069217605161710345171174
02009100706012006100449067316805051650340168172
02009100706012006102086062316804551530302148154
02009100706012006102712072318305401680372181191
02009100706012006102790067017304971680329163166
02009100706012006103906069817505231730350177173
02009100706012006105160069217005221690353172181
02009100706012006105876000022400000000000000000
02009100706012007100219065716704901650325163162
02009100706012007100520070917105381730365177188
02009100706012007101652069017305171680349172177
02009100706012007102469069717905181710347172175
02009100706012007102964063916304761520324158166
02009100706012007103058068716505221660356170186
02009100706012007104466075119305581840374185189
02009100706012007104970074818005681800388187201
02009100706012007105243070018105191740345167178
02009100706012007105336062116604551550300147153
02009100706012007105457065516604891650324163161
02009100706012007106511076319505681840384191193
02009100706012007110058067517405011670334166168
02009100706012007110084070518605191820337165172
02009100706022004104179070719305141720342175167
02009100706022004106856070518205231710352177175
02009100706022005104129069217705151710344173171
02009100706022005110159070717905281750353179174
02009100706022006100777073118905421810361183178
02009100706022006101312070018305171770340173167
02009100706022006101832068817305151650350176174
02009100706022006105591067317404991710328165163
02009100706022007100620069218405081670341176165
02009100706022007100754068917505141730341173168
02009100706022007101067073720205351750360187173
02009100706022007101839075219005621800382188194
02009100706022007102528074019805421790363186177
02009100706022007103483074618405621800382189193
02009100706022007104621073319505381870351180171
02009100706022007105169076021205481830365183182
02009100706022007105314000000000000000000000000
02009100706022007105362069117605151720343171172
02009100706022007106112084221606262090417210207
02009100706022007106115076518805771820395201194
02009100706022007106198067216905031660337169168
02009100706022007106334072417905451770368181187
02009100706032003103343071718205351790356180176
02009100706032004101090072618105451830362183179
02009100706032005101404079919306061920414205209
02009100706032005103083073418205521820370185185
02009100706032006104154073319005431840359180179
02009100706032006109208077219805741910383193190
02009100706032007100134074419305511840367180187
02009100706032007100340071417305411790362184178
02009100706032007100525070217505271690358172186
02009100706032007101351074720505421880354180174
02009100706032007101525075419205621850377191186
02009100706032007101762074318005631770386188198
02009100706032007101823072117905421760366182184
02009100706032007101950070218005220000000000175
02009100706032007102427073218105511790372187185
02009100706032007102898070017205281680360174186
02009100706032007103024071718005371750362187175
02009100706032007103372063116804631520311154157
02009100706032007104468076220905531900363182181
02009100706032007104610070918705221750347173174
02009100706032007104996070917305361660370177193
02009100706032007105033067718404931680325156169
02009100706032007105563074018505551820373186187
02009100706032007105701070018205181720346172174
02009100706032007105748072017805421770365182183
02009100706032007105932072218405381730365175190
02009100706032007106091072718205451790366176190
02009100706042000101646068417605081750333171162
02009100706042003100738068816805201670353177176
02009100706042003106213062217004521580294148146
02009100706042004100850069817605221730349172177
02009100706042004103296073418205521770375184191
02009100706042004104078072419405301780352177175
02009100706042005103961069217605161670349172177
02009100706042005106631070218505171770340172168
02009100706042006101705061916204571570300154146
02009100706042006101865070317905241730351172179
02009100706042007101523073018405461760370185185
02009100706042007102512067417205021660336165171
02009100706042007102785072818705411800361179182
02009100706042007104966071018905211790342171171
02009100706042007106214071419505191800339172167
02009100706042007106818071918005391740365181184
02009100706052003103635071318005331750358178180
02009100706052004102885082221106112050406203203
02009100706052004102922051815103671230244121123
02009100706052004106628079920605931930400200200
02009100706052004109030075220605461820364180184
02009100706052005101635074519905460000000000189
02009100706052006100497058715004371400297137160
02009100706052006101923073217705551800375190185
02009100706052006103044074020105391790360184176
02009100706052006106754076819905691940375188187
02009100706052007100509075019205581840374189185
02009100706052007100769081120606051990406207199
02009100706052007101171071717605411740367190177
02009100706052007102672074319405491810368185183
02009100706052007103140075219205601820378187191
02009100706062005103521062117204491530296152144
02009100706062005106856000000003791260253122131
02009100706062006102238068517805071610346172174
02009100706062006103043071018305271750352180172
02009100706062006103110051213603761260250120130
02009100706062006104413063016904611560305146159
02009100706062007100255067417504991660333168165
02009100706062007100936071518005351710364184180
02009100706062007100964067017604941640330164166
02009100706062007101156053714503921280264129135
02009100706062007101347070617705291750354178176
02009100706062007104122070817505331740359179180
02009100706062007104960074419405501770373185188
02009100706062007105126066817404941670327164163
02009100706062007105308066016704931600333166167
02009100706062007105485069417705171740343167176
02009100706062007106424067317404991680331163168
02009100706062007110035067417504991680331163168
02009100706072004100047066719904681630305154151
02009100706072006102950061616404521480304149155
02009100706072006104701069518005151680347172175
02009100706072007100733054915103981430255132123
02009100706072007106586064918404651700295151144
02009100706082004103123000017400000000000000000
02009100706082005102238000000004791570322157165
02009100706082005109107079724305541950359183176
02009100706082006100884069417605181710347177170
02009100706082006101403063216604661670299161138
02009100706082006102625000000000000000291137154
02009100706082006102670067117404971650332168164
02009100706082006103129064917204771600317154163
02009100706082006105450065317204811610320152168
02009100706082007100111069317405191750344172172
02009100706082007101726064716504821620320158162
02009100706082007102797065516804871580329162167
02009100706082007103160076420205621870375191184
02009100706082007110047063816704711560315154161
02009100706092004103328051613903771290248122126
02009100706092004104760000000005781960382193189
02009100706092005102576052114103801300250125125
02009100706092006102661077119805731930380192188
02009100706092007101500079920505941920402201201
02009100706092007102484065517204831610322000000
02009100706092007102803051914103781290249124125
02009100706092007103034000019000001810000191000
02009100706102003100670075919705621910371192179
02009100706102006106318074219105511810370184186
02009100706102007101891057515404211490272141131
02009100706102007102891074718605611880373194179
02009100706102007102917056615304131480265137128
02009100706102007104005076019505651820383191192
02009100706102007104109070618405221730349174175
02009100706102007104615055015403961400256131125
02009100706102007104876055315503981410257133124
02009100706102007109167075419305611890372194178
02009100706112002102852089421506792170462229233
02009100706112004102659080920706021970405203202
02009100706112005103246072720005271850342175167
02009100706112006102919079820305951910404201203
02009100706112006103565075719705601900370194176
02009100706112006103799084420006442040440214226
02009100706112006104267069518505101770333178155
02009100706112007100277053214203901360254127127
02009100706112007100341052213303891290260128132
02009100706112007100435071516605491930356189167
02009100706112007101036070517805271720355177178
02009100706112007104215075218805641730391188203
02009100706112007104238070818505231710352174178
02009100706112007105443052213403881280260129131
02009100706112007105458053414403901350255128127
02009100706122004105106065716504921590333166167
02009100706122005100990074218405581830375188187
02009100706122005102155084721306342090425211214
02009100706122006101723051113703741270247121126
02009100706122006102086051213603761290247120127
02009100706122006103249081419806161980418203215
02009100706122006110018075100000000000000000188
02009100706122007100290072019605241720352172180
02009100706122007100467052713903881340254129125
02009100706122007105336051313603771290248121127
02009100706122007105707051513403811310250125125
02009100706132006102712053813903991290270131139
02009100706132006102790068617505111690342170172
02009100706132006103906068817605121710341170171
02009100706132006104462070317605271690358173185
02009100706142005103234051612403921180274126148
02009100706142005104273072118805331750358179179
02009100706142005105273052815103771320245123122
02009100706142006100449057415604181400278137141
02009100706142006101640053213703951320263135128
02009100706142006101820056315404091420267139128
02009100706142006102276077219705751960379187192
02009100706142006105160052615303731320241121120
02009100706142007101510052013703831280255125130
02009100706142007105145059815904391530286147139
02009100706142007105645000015200001340000123000
02009100706142007106048052113803831280255125130
02009100706142007110040060316304401540286147139
02009100706142007110084054915103981440254132122
02009100706152004103149051113703741260248122126
02009100706152004110139061917804411480293148145
02009100706152005101663092126306582310427212215
02009100706152006102142057915304261440282140142
02009100706152006105876055317003830000000000135
02009100706152006106184065616704891650324168156
02009100706152007101120058014104391410298145153
02009100706152007101609061715304641520312152160
02009100706152007103617062218204401500290145145
02009100706152007103971074420205421860356181175
02009100706152007106511053815703811250256123133
02009100706162004101090000000000000000000130000
02009100706162005110159064016904711560315158157
02009100706162006100062073619705391850354180174
02009100706162006104154054115603851340251127124
02009100706162007101839053714303941330261128133
02009100706162007103483053814303951330262128134
02009100706162007106198059216504271440283141142
02009100706162007106334059116404271430284142142
02009100706162007106495072516905561700386187199
02009100706172002101343070716605411600381186195
02009100706172003106213052114403771310246123123
02009100706172005102976076619205741860388192196
02009100706172006101705051914303761290247124123
02009100706172006103644054214603961350261131130
02009100706172006105591000015200001410000123000
02009100706172007100002075020705431880355181174
02009100706172007100752054114603951330262126136
02009100706172007102028054015003901360254128126
02009100706172007102067074920505441880356181175
02009100706172007102292079821005881990389192197
02009100706172007105889069917305261680358174184
02009100706182003102915055614404121350277134143
02009100706182003103343053615403821330249123126
02009100706182004104179052315403691290240118122
02009100706182004105611054915603931270266129137
02009100706182005100245068717305141710343177166
02009100706182006100777054515303921330259131128
02009100706182006101832052715003771370240121119
02009100706182007100754054915803911390252129123
02009100706182007101067054014603941340260129131
02009100706182007101351053714503921340258131127
02009100706182007102469069517505201700350175175
02009100706182007102528054415303911330258131127
02009100706182007103024053215003821330249124125
02009100706182007104468052914303861330253128125
02009100706182007104621055115803931390254129125
02009100706182007105169053914503941350259127132
02009100706182007105243069517505201710349169180
02009100706192000101646052214703751300245121124
02009100706192003103635064016304771600317000000
02009100706192004106628069017005201690351174177
02009100706192005103961000014700001310000126000
02009100706192005106341056015804021390263137126
02009100706192005106631054215203901350255129126
02009100706192006101434050913403751300245122123
02009100706192006102641067417405001730327164163
02009100706192006103051049813103671260241119122
02009100706192007100782052814603821330249124125
02009100706192007102427051814103771260251121130
02009100706192007102512053014703831340249127122
02009100706192007102898068417505091670342164178
02009100706192007103968000000004320000000000148
02009100706192007104610065816404941610333170163
02009100706192007104810052914603831330250125125
02009100706192007104966059516704281470281146135
02009100706192007104968056716104061450261130131
02009100706192007104996068017505051670338162176
02009100706192007105033064016704731580315163152
02009100706192007105563051114003711270244120124
02009100706192007105641054515503901360254126128
02009100706192007105701052814503831280255126129
02009100706192007105954052413603881260262126136
02009100706192007106214000000000000000254126128
02009100706192007106717055414604081400268134134
02009100706202003110249069220504871800307165142
02009100706202004100047052815803701310239119120
02009100706202004100850054115103901350255125130
02009100706202004103065059615004461480298145153
02009100706202004103296054315203911360255125130
02009100706202004104078055015103991440255132123
02009100706202005102919059816504331490284143141
02009100706202005103521053116003711320239120119
02009100706202006103330057717104061420264131133
02009100706202007100769053514503901360254132122
02009100706202007100871067518404911710320000000
02009100706202007101347052013803821240258126132
02009100706202007102900067116905021650337170167
02009100706202007103367067217404981620336166170
02009100706202007103909068017605041600344000000
02009100706202007105919063617004661640302154148
02009100706202007106586054016103791340245121124
02009100706212002100069074420205421830359182177
02009100706212004102885051914503741210253122131
02009100706212005110126000000000000000000122000
02009100706212006101403053314903841370247129118
02009100706212006101865066916805011640337162175
02009100706212006106754050713603711220249121128
02009100706212007100854071921305061920314176138
02009100706212007103160059017604141480266132134
02009100706212007103203052513703881300258131127
02009100706212007104122053514703881370251128123
02009100706212007104435000019100001800000180000
02009100706212007105485052214203801320248125123
02009100706212007106304053213803941320262134128
02009100706212007110067072319005331790354177177
02009100706222003105676088022606542170437217220
02009100706222004109030050713603711230248125123
02009100706222005109107069820304951770318164154
02009100706222006102950000000000000000274131143
02009100706222006103044054515203931360257133124
02009100706222007100509056115204091390270141129
02009100706222007100601062619204341410293136157
02009100706222007101726052412204021200282131151
02009100706222007102672054015003901350255132123
02009100706222007103140056315404091380271141130
02009100706222007104645062619104351410294137157
02009100706222007105194068518305021680334168166
02009100706222007110047052712504021210281130151
02009100706232005102238000000003951230272130142
02009100706232006102625052100000000000273130143
02009100706232006103129052514203831280255000000
02009100706232006105450000000000000000000123000
02009100706232007100541070518105241730351174177
02009100706232007102797052014003801290251124127
02009100706232007102838069518005151770338166172
02009100706232007103183069818605121600352174178
02009100706232007103234070117605251780347163184
02009100706242004102659075519605591840375188187
02009100706242006102919061718804291460283138145
02009100706242007102591088724106462210425214211
02009100706242007102785070818905191750344174170
02009100706252005102155081220406081930415203212
02009100706252006103249059118004111400271137134
02009100706252006106318054014403961400256130126
02009100706252007102962000000004221490273138135
02009100706252007104005053914203971400257131126
02009100706262003100670065617004861680318163155
02009100706262007102814059815704411510290143147
02009100706262007102891065216904831620321161160
02009100706262007102954059015204381480290143147
02009100706262007103034065516904861620324162162
02009100706262007104109051914003791310248127121
02009100706262007109167065617104851630322159163
02009100706272004110139054016303771290248126122
02009100706272005100990053314203911350256132124
02009100706272005103246072419305311880343179164
02009100706272006106184055114304081400268139129
02009100706272006110018000000000000000000000130
02009100706272007103617054216303791290250126124
02009100706282006104735064017904611540307152155
02009100706282007103790063916904701570313160153
02009100706282007105296063916704721580314158156
02009100706292005101663060615204541500304154150
02009100706302005110084055214804041420262133129
02009100706302006102276071717905381690369177192
02009100706312002101343053714903881380250127123
02009100706312007104323069118305081690339173166
02009100706312007105163067717904981690329163166
02009100706332004103065056215404081450263131132
02009100706332005102027066217104911680323162161
02009100706332006103330052414303811220259122137
02009100706332007100410067415705171600357175182
02009100706332007103968000000000000000000000130
02009100706352002100069054614703991340265132133
02009100706352003110249055316103921380254129125
02009100706352007100871058616904171600257135122
02009100706362004102659072018205381770361180181
02009100706362007101395071117905321730359175184
02009100706372004110160071018305271710356169187
02009100706372005102108071418905251790346173173
02009100706372006106287062615304731500323155168
02009100706372007102163070017705231750348176172
02009100706372007104435071317905341720362179183
02009100706372007104590073519105441780366177189
02009100706372007109189073219505371770360180180
02009100706372007110067057915404251420283143140
02009100706382006102919058821303751360239118121
02009100706382006103249056219403681310237117120
02009100706382007102962058421203721320240118122
02009100706382007105094069518005151730342173169
02009100706382007105943070318405191750344172172
02009100706392004101855074317605671770390193197
02009100706392004105564075618905671860381191190
02009100706392005102155076019705631850378189189
02009100706392005103443055514504101340276134142
02009100706392005103786074218905531860367184183
02009100706392006102859069617505211730348173175
02009100706392006105438072218105411820359178181
02009100706392007102587073819105471850362182180
02009100706392007102591073019405361760360181179
02009100706402003101197073917805611850376184192
02009100706402004100328068816305251660359177182
02009100706402004102428064715304941570337164173
02009100706402006101639066215705051710334163171
02009100706402006104966071018305271820345177168
02009100706402007105617067616905071670340169171
02009100706412006100912077418705871860401192209
02009100706412006105759073518005551790376181195
02009100706412006106132067618304931690324161163
02009100706412006109040066618204841620322159163
02009100706422002105083067317404991680331164167
02009100706422004100941066800000000000331166165
02009100706422004103087052413903851310254125129
02009100706422005102258053213803941350259132127
02009100706422005102326062916104681550313155158
02009100706422005102708051813603821300252123129
02009100706422005106201065116904821600322159163
02009100706422005109307066917104981680330164166
02009100706422006101489061415104631480315154161
02009100706422006103125064416004841560328159169
02009100706422006105757071318205311790352177175
02009100706432005110005065316904841620322159163
02009100706432006100865073218305491800369179190
02009100706432006102770076919705721930379188191
02009100706432007100352077220105711900381190191
02009100706432007100633072318105421760366176190
02009100706432007100986076618005861830403201202
02009100706432007103361071318805251740351172179
02009100706432007103894070017505251820343174169
02009100706432007104720069417205221720350177173
02009100706432007105719070217405281680360176184
02009100706432007106335074919005591890370189181
02009100706432007106361069917105281820346177169
02009100706442004110252064617004761650311156155
02009100706442007105483065717504821630319161158
02009100706442007105774073620205341820352176176
02009100706442007106346073420105331810352177175
02009100706442007110046065917404851650320158162
02009100706452002106006065215604961570339166173
02009100706452007100038065415604981570341164177
02009100706452007100410051913303861230263128135
02009100706452007100924067615905171630354174180
02009100706452007103859075719105661860380194186
02009100706452007103916064715504921540338167171
02009100706462005102965074218205601800380188192
02009100706462007103491071717405431760367179188
02009100706462007106506073718505521750377186191
02009100706472006102275069118405071830324166158
02009100706472006104843063916104781600318155163
02009100706472007104323058415204321470285142143
02009100706472007105163058115404271470280142138
02009100706482004102298063516504701600310152158
02009100706482006101314063317004631550308154154
02009100706482006101615065316104921600332164168
02009100706482006102091070118005211720349173176
02009100706482007101546066716605011610340168172
02009100706482007102531067317105021630339170169
02009100706482007103408064915904901570333166167
02009100706482007200005064415804861580328163165
02009100706502007103511068318205011650336169167
02009100706512003102599071618405321800352177175
02009100706522006100082056915204171430274137137
02009100706522006100879067117204991640335167168
02009100706522006102357060515704481470301144157
02009100706522007101988057115404171490268138130
02009100706522007106488055315603971350262133129
02009100706522007110038055215503971360261132129
02009100706532002110080074119305481820366186180
02009100706532007100095066417004941670327162165
02009100706542004102428057316204111490262139123
02009100706542006101639056716004070000000000122
02009100706542006105757073218905431820361182179
02009100706542007103938058815404341460288145143
02009100706542007105094054815103971350262132130
02009100706542007105617068416805161630353175178
02009100706542007105943054915103981360262133129
02009100706552004105082051713603810000000000127
02009100706552006102859052315003731290244121123
02009100706552006104966052214903731290244121123
02009100706552006106132050412603781200258124134
02009100706552006109040051312803851220263125138
02009100706552007106561068018104991720327163164
02009100706562002100451071317905341820352174178
02009100706562004103671073719305441860358181177
02009100706562005105737071518705281800348174174
02009100706562007100046068716905181640354171183
02009100706562007103487055615304031340269131138
02009100706562007104720056616004061460260134126
02009100706562007106361056716104061460260133127
02009100706562007106551067916205171610356170186
02009100706562007109156055415304011340267130137
02009100706572004100941000000000000000000000000
02009100706572005102326062816504631550308158150
02009100706572006103125055614704091400269133136
02009100706572007104733066316604971710326166160
02009100706582003103013081020306072050402201201
02009100706582004110041082820806202060414212202
02009100706582005102030083520906262040422210212
02009100706582006100865053414203921360256127129
02009100706582006101303075519505601850375188187
02009100706582007105719000014500001360000128000
02009100706582007109332068716405231710352172180
02009100706592001103160078020005801900390191199
02009100706592003105155080320605971970400201199
02009100706592003110141068217405081710337171166
02009100706592004110252000015100001370000132000
02009100706592006106773060115404471490298150148
02009100706592007100038057200000000000275139136
02009100706592007103916057115304181460272138134
02009100706592007105483054215003921370255128127
02009100706592007106506000014800001420000134000
02009100706592007110046055015103991370262130132
02009100707002002106006062516004651520313145168
02009100707002003106813053500000000000252128124
02009100707002004102792071818805301780352179173
02009100707002006106607054814304051350270135135
02009100707002006106770070317305301760354176178
02009100707002007100081067916805111600351170181
02009100707002007100583075619405621770385186199
02009100707002007100924052313403891280261126135
02009100707002007101206072417705471780369178191
02009100707002007101210053814103971350262134128
02009100707002007101223070316705361740362184178
02009100707002007101539073316905641710393187206
02009100707002007102364069617105250000000000188
02009100707002007102976068116505161770339173166
02009100707002007103478054814304051350270135135
02009100707002007103491056615304131500263140123
02009100707002007103859053214003921320260126134
02009100707002007104125065116904821670315160155
02009100707002007104406074818705611880373183190
02009100707002007105973073919205471900357180177
02009100707002007105978075219105611690392187205
02009100707002007106145053914103981350263135128
02009100707002007106242064917104781670311157154
02009100707012006101615052113403871290258129129
02009100707012006104843052314203811300251125126
02009100707012006105271052613903871340253125128
02009100707012007100091071218405281750353179174
02009100707012007104079072919005391850354180174
02009100707012007104136073019205381770361184177
02009100707012007105066065916604931590334164170
02009100707012007105287066117104901580332164168
02009100707012007105476072919105381770361185176
02009100707012007110043072819005381850353180173
02009100707022005100315070018005201720348175173
02009100707022007100931066200000000000329161168
02009100707022007109152065217804741550319159160
02009100707242006100879054815203961370259133126
02009100707242007100081050614003661200246120126
02009100707242007102364052014303771220255121134
02009100707252003110141054614604001470253130123
02009100707252005100315059515204431510292148144
02009100707252005104158059216504271500277143134
02009100707252007100931000014100001260000120000
02009100707252007109152051714203751280247121126
02009100707262001103160056415804061350271136135
02009100707262003103013078520105841950389196193
02009100707262003110151068917705121740338168170
02009100707262004106857063015104791540325162163
02009100707262004110010062715804691550314159155
02009100707262006101303059917604231400283141142
02009100707262006105099074817905691830386192194
02009100707262007100747052800000000000000000131
02009100707262007101039061015404561470309150159
02009100707262007105927052713603911300261130131
02009100707272003105155062419104331460287144143
02009100707272004103671000000004031350268133135
02009100707272005102030077218805841940390195195
02009100707272005105737068918205071790328176152
02009100707272006103544054415203921350257129128
02009100707272007100091057614604301470283149134
02009100707272007100827056815504131480265137128
02009100707272007103836057715204251440281142139
02009100707282002100451067317205011690332170162
02009100707282004100330061316304501620288149139
02009100707282004110041079319405991970402199203
02009100707282004110237059516604291440285140145
02009100707282005100599061315804551480307152155
02009100707282005110124068800000000000342171171
02009100707282007101341066616605001630337171166
02009100707282007103306066216404981620336171165
02009100707282007104885066116404971620335169166
02009100707282007104983053816403741290245122123
02009100707282007105906053516203731270246121125
02009100707292005103927055815004081370271137134
02009100707292006101254069518405110000000000181
02009100707292006104507056514004251380287146141
02009100707292007100522056515004151410274137137
02009100707292007102124055616603901390251125126
02009100707292007104168054516103841380246123123
02009100707302004105607069617005261670359175184
02009100707312004102548064516004851610324162162
02009100707312005100297051813703811320249122127
02009100707312005103058051914403751300245124121
02009100707312006100911051813903791310248124124
02009100707312006100913052814403841340250123127
02009100707312007100239051213603761290247121126
02009100707312007100242052614403821340248123125
02009100707312007102432052914203871310256124132
02009100707312007102507050913503741290245121124
02009100707312007103907052914103881350253125128
02009100707322004101248067116005111620349171178
02009100707322005104631065217604761630313154159
02009100707322006102823054415103931380255133122
02009100707342004101768069417505191670352174178
02009100707342004106803059415704371490288146142
02009100707352005104378073518605491820367180187
02009100707352007102107000022200000000000000000
02009100707362006103584070718405231770346176170
02009100707362007100164077419605782080370184186
02009100707372004102198062617504511510300147153
02009100707392001110095054415303911330258131127
02009100707392004106857055714604111340277135142
02009100707392004110010052514303821300252129123
02009100707392007101039052514403811300251130121
02009100707402001103160056400000000000249125124
02009100707402003105155055817503831340249124125
02009100707402003110151053614303931370256126130
02009100707402005100599000015000001310000000000
02009100707402006101303056718403831340249125124
02009100707412004110237052214903731320241119122
02009100707412005102030071817805401770363178185
02009100707412005110124050112903721210251123128
02009100707412006105099064416804761610315160155
02009100707412007101341050613703691240245122123
02009100707412007103306052513803871320255123132
02009100707412007104714069717805191640355173182
02009100707412007104885051713603811300251122129
02009100707572002106559054815503931390254129125
02009100707582002100536066219104711640307158149
02009100707582003105475064519104541520302152150
02009100707582004106803057216604061400266132134
02009100707582005103927053315003831340249125124
02009100707582006100295072319905241770347175172
02009100707582006101254053215503771320245121124
02009100707582006103162068919304961770319162157
02009100707582006104507052915703721280244120124
02009100707582007100522053014803821340248124124
02009100707582007100836069017705131710342171171
02009100707592004102548049612703691140255120135
02009100707592005104378068116905121640348172176
02009100707592005104631049612603701150255120135
02009100707592007100164073318305501790371194177
02009100708002005100552064916704821600322159163
02009100708002007101838065817104871620325164161
02009100708012004101248066916305061620344170174
02009100708012004105607050112903721210251126125
02009100708012007105780064917104781590319159160
02009100708022003103144069417305211670354177177
02009100708022004104661000000005391860353180173
02009100708022005101467053614203941320262129133
02009100708022007100751067917005091660343171172
02009100708022007101627000014500001310000126000
02009100708022007104264069417005241680356178178
02009100708022007104485070717905281760352176176
02009100708022007106660069317005231720351173178
02009100708032000100785070918005291700359181178
02009100708042005104785068918005091740335168167
02009100708052005103400073719005471780369181188
02009100708052005103409074220205401860354177177
02009100708062005106795050513203731230250122128
02009100708082005101852070717705301770353178175
02009100708082007101564068217805041660338163175
02009100708082007101832074818405641830381188193
02009100708082007103560074119105501840366184182
02009100708082007103911078120905721960376190186
02009100708082007104150069416805261730353177176
02009100708082007104825073718905481850363183180
02009100708082007106319063416804661550311150161
02009100708082007106360066416804961600336164172
02009100708092004100862073817805601860374190184
02009100708092005106738061317304401530287145142
02009100708092007101728066817504931720321166155
02009100708092007102506066817604921710321167154
02009100708092007104213068717005171660351174177
02009100708092007104217067417005041720332169163
02009100708092007104247067016805021650337169168
02009100708092007105288065816204961630333166167
02009100708102003105475055819203661210245119126
02009100708112002100536056516404011460255129126
02009100708112006103162060616504411590282144138
02009100708112007100836074518605591860373190183
02009100708132005110150058815504331470286142144
02009100708132007101947055114104101420268144124
02009100708132007106255057515704181480270147123
02009100708142004102101073418805461790367179188
02009100708142007102006065416804861600326161165
02009100708142007102829069717305241650359177182
02009100708142007103025069816305351630372180192
02009100708152003102462058816404241450279140139
02009100708152007101945070817205361690367183184
02009100708152007102673053214603861280258127131
02009100708162007104485067417604981700328167161
02009100708172004104661000000004081450263134129
02009100708172007100751062015804621480314156158
02009100708172007104264060617304331540279143136
02009100708172007106660059917104280000000000000
02009100708172007106812000014100001350000132000
02009100708172007106813000014100001340000131000
02009100708192001103526066516405011620339165174
02009100708192004106895066617004961640332162170
02009100708202007100642074418505591830376185191
02009100708202007103811068916805211660355175180
02009100708212002107086072817905491780371181190
02009100708212005103831072318705361800356173183
02009100708212005106169071117405371730364182182
02009100708212006105830068416905151690346174172
02009100708212007100730071718005371730364176188
02009100708212007102497077920205771840393195198
02009100708212007104123074619205541760378185193
02009100708222004103840065816404941640330162168
02009100708232007101167074219905431880355181174
02009100708232007101628073819905391820357182175
02009100708232007104870073020005301840346177169
02009100708242006102453071018205281820346177169
02009100708242007101797068317905041700334167167
02009100708242007101832054515403911380253125128
02009100708242007102073065516304921580334166168
02009100708242007103560055316203911390252128124
02009100708242007103874067216705051660339169170
02009100708242007104137069117105201690351179172
02009100708242007104825059016404261600266136130
02009100708242007104924069116805231700353177176
02009100708242007106374066716205051660339169170
02009100708252007102041052814303851300255122133
02009100708252007102401070718305241780346177169
02009100708252007104273070518405211780343176167
02009100708252007104933069217905131690344174170
02009100708252007106515071018405261760350178172
02009100708262004102786066317104921660326165161
02009100708462007103874053914003991330266133133
02009100708462007106374053914003991330266133133
02009100708472004103196054114004011290272136136
02009100708472004105069071217805341770357177180
02009100708472005102297066200000000000326000000
02009100708472005102521053914503941360258129129
02009100708472006106135066416604981640334172162
02009100708472007102537065316804851630322163159
02009100708472007102648070318105221760346176170
02009100708472007103352068917705121770335174161
02009100708472007103535000000000000000000000000
02009100708472007104549000000000000000000000000
02009100708472007106643070818205261740352177175
02009100708482006102204000015300001450000000000
02009100708482006102453071718505321780354182172
02009100708482006105724072819205361770359178181
02009100708482006106656071018505251760349179170
02009100708482006106836072218905331810352174178
02009100708482007100642000016600001550000149000
02009100708482007101379068418205021680334168166
02009100708482007101970065916804911610330166164
02009100708482007102346064416004841580326158168
02009100708482007102690068316205211670354177177
02009100708482007102711067816805101660344169175
02009100708482007102720000016800001700000167000
02009100708482007102742000015000001490000134000
02009100708482007104137070417205321760356183173
02009100708482007104845069017305171710346172174
02009100708482007105206066817504931650328164164
02009100708492004101772063316904641530311153158
02009100708492005102301066816904991650334172162
02009100708492005102302069818105171740343170173
02009100708492005102370065516104941600334173161
02009100708492005103098051513703781320246121125
02009100708492005104726000019400000000000000000
02009100708492006101977070817505331740359179180
02009100708492006103099062916904601560304152152
02009100708492006104075066217904831620321163158
02009100708492007100047061516504501580292149143
02009100708492007100313063316404691630306165141
02009100708492007100815065516604891610328164164
02009100708492007101385065616104950000000000171
02009100708492007101937063715404831540329160169
02009100708492007102501070817405341730361179182
02009100708492007102855072018405361780358180178
02009100708492007103590070217205301750355178177
02009100708492007104155071217605361760360182178
02009100708492007104460064017104691650304159145
02009100708492007104492067517704981690329162167
02009100708492007104957068917505141730341171170
02009100708492007105017066016604941610333163170
02009100708492007105042065115704941660328171157
02009100708492007105822065416904851690316167149
02009100708492007105826064717204751680307161146
02009100708492007105911069617705191650354173181
02009100708492007106152068217405081750333165168
02009100708492007106429055915004091460263134129
02009100708502000110062066217604861570329163166
02009100708502004107094068717805091670342172170
02009100708502005104192061817304451520293145148
02009100708502006102941051513803771300247123124
02009100708502006103350051613903771290248124124
02009100708502007101371074918905601830377190187
02009100708502007102590000018100001520000155000
02009100708502007103501067017204981680330165165
02009100708502007103774067317105021620340167173
02009100708502007103887070617405321750357180177
02009100708502007104543071117505361740362178184
02009100708502007104681068717505121690343172171
02009100708502007105151069117505161740342168174
02009100708502007105540070417905251680357177180
02009100708502007105714070817005381750363183180
02009100708502007105737072218505371810356188168
02009100708512004109406000000000000000000000000
02009100708512005103730070917605331730360178182
02009100708512006102986068018104991630336162174
02009100708512006106902060515404511460305149156
02009100708512007100275073519205431830360176184
02009100708512007101498071218405281810347176171
02009100708512007102298072517905461750371181190
02009100708512007102451073919105481790369186183
02009100708512007102525065800000000000335166169
02009100708512007102693075820405541870367186181
02009100708512007102715074419705471850362180182
02009100708512007102765074619805481840364181183
02009100708512007102929071718005371730364180184
02009100708512007102968073218205501810369183186
02009100708512007103789070417805261640362175187
02009100708512007104366071017405361620374184190
02009100708512007104643075020205481840364181183
02009100708512007109157067817605021720330167163
02009100708522001103660070517705281700358180178
02009100708522005101533066416804961520344164180
02009100708522005106101081119806132020411204207
02009100708522006103379068817105171710346174172
02009100708522006106125052214203801320248127121
02009100708522006110078053914303961290267128139
02009100708522007101697070217605261690357175182
02009100708522007103294070017905211690352179173
02009100708522007103550066915705121570355171184
02009100708522007105933073318205511760375189186
02009100708522007106621073117505561780378190188
02009100708532003104307065918004791600319163156
02009100708532004100778067417405001680332168164
02009100708532004103299065816504931560337165172
02009100708532004106079000000006182000418203215
02009100708532005100083067517005051690336168168
02009100708532005103315067818004981660332170162
02009100708532005103498072218305391730366177189
02009100708532005103838069518005151720343171172
02009100708532005104146068617705091660343170173
02009100708532005110040065016304871580329162167
02009100708532005110101063015304771560321159162
02009100708532006104791054815103971360261131130
02009100708532007100105067217304991670332169163
02009100708532007100112066516904961550341169172
02009100708532007100737073118305481740374187187
02009100708532007102232067416805061680338169169
02009100708532007104029073818405541790375187188
02009100708532007104279079820805901930397199198
02009100708532007104438073619405421810361177184
02009100708532007109142072618405421770365182183
02009100708542002104116064715504921560336163173
02009100708542002106028077520505701900380186194
02009100708542004100565053300000000000261135126
02009100708542004110246063216304691560313155158
02009100708542004110249063316204711550316158158
02009100708542005102678062416004641520312153159
02009100708542005110105000000004410000000000147
02009100708542006103159060715504521480304149155
02009100708542007100331063118504461520294146148
02009100708542007101772079120705841890395199196
02009100708542007102706063218804441490295147148
02009100708542007102810062415704671440323161162
02009100708542007104861053414003941330261134127
02009100708542007104992071618705291840345175170
02009100708542007105789055714504121390273137136
02009100708552003107187068517005151640351176175
02009100708552004103064056300000000000262135127
02009100708552004104143051413603781230255124131
02009100708552005102499055415503991450254128126
02009100708552005106168070318105221740348177171
02009100708552006101017075019505551840371184187
02009100708552006103029000015200001500000138000
02009100708552006105511064215004921520340164176
02009100708552007100303058214304391430296141155
02009100708552007100538058615504311500281143138
02009100708552007102828061315704561500306151155
02009100708552007102950069617205241700354178176
02009100708552007103387055615504011460255129126
02009100708562004100830071918905301830347172175
02009100708562006102165056714504221420280140140
02009100708562007101666076720205651900375191184
02009100708562007101788074118505561830373187186
02009100708562007102439068217105111710340170170
02009100708562007104229067617105051690336170166
02009100708562007105279070818005281800348178170
02009100708562007105610067517105041680336171165
02009100708572003107412000000000000000000000000
02009100708572004106523053614103951300265134131
02009100708572005103805066917204971700327167160
02009100708572006106835068017005101660344171173
02009100708572006110091067917005091710338170168
02009100708572007110037068617605101710339170169
02009100708572007110039068517505101720338169169
02009100708582002110096060216404381530285145140
02009100708582004110284000000003851180267129138
02009100708582005105158069417605181740344176168
02009100708582006101713062916504641550309155154
02009100708582007100651074219705451830362186176
02009100708582007101673067217205001710329168161
02009100708592005105469065217004821620320159161
02009100708592006102116057516504101400270133137
02009100708592007101970057816604121410271132139
02009100708592007104816065117404771620315155160
02009100708592007106643066017504851630322162160
02009100709002004101267069717005271710356171185
02009100709002005104799063616204741590315161154
02009100709002007102346064916204871560331159172
02009100709002007103535000000000000000000000000
02009100709012003110113072919505341770357173184
02009100709012006106562069418405101730337166171
02009100709012007101379053615903771300247120127
02009100709012007102537050914603631220241115126
02009100709012007103352051915303661210245117128
02009100709012007105206055116903821380244121123
02009100709022004105069055515204031500253134119
02009100709022006104075063616004761580318164154
02009100709022006106135054315303901370253128125
02009100709022007100047052814203861330253127126
02009100709022007100224067116105101570353169184
02009100709022007100313053415503791270252122130
02009100709022007102648063216504671550312156156
02009100709022007102711057614804281420286141145
02009100709022007104460053215503771270250121129
02009100709022007104814054515203931340259129130
02009100709022007105822055116103901350255128127
02009100709022007105826055316103921350257128129
02009100709032000110062053715103861310255128127
02009100709032002106491069817205261700356178178
02009100709032005104192054216803741280246119127
02009100709032006106656052414103831310252128124
02009100709032006106836053014103891340255128127
02009100709032007102590053215903731300243120123
02009100709042004101772051914503741290245121124
02009100709042004102089074319205511820369183186
02009100709042004109406000000000000000000000000
02009100709042005106101051012103891160273126147
02009100709042006106902056716004071380269131138
02009100709042007102525056015904011410260128132
02009100709042007109157056300000000000262130132
02009100709052005102301054515203931330260128132
02009100709052006102912066917704921660326163163
02009100709052006103379053013303971420255130125
02009100709052006106391053313903941320262132130
02009100709052007100815063016904611600301156145
02009100709052007102690054115103901370253129124
02009100709052007102720056314704161410275000000
02009100709052007104828000000000001910000188000
02009100709052007104957054315103921390253128125
02009100709052007105017054015003901390251128123
02009100709052007106152057216004121420270136134
02009100709052007109238069017605141740340172168
02009100709062006105244067118104901710319162157
02009100709062007103294054815303951330262131131
02009100709062007103501053513803971340263129134
02009100709062007103774056214404181430275137138
02009100709062007103887053114303881300258126132
02009100709062007104543052914303861290257127130
02009100709062007104681053013403961320264128136
02009100709062007105151070818305251840341167174
02009100709062007105933054715303941320262130132
02009100709072002104116053014003901280262126136
02009100709072004100778067516905061680338170168
02009100709072005101533051213203801250255125130
02009100709072005103730067417005041620342170172
02009100709072005103838056215004121420270134136
02009100709072005104146055815004081390269133136
02009100709072006102165053613703991340265132133
02009100709072006106115063314904841510333158175
02009100709072007100374061115104601550305154151
02009100709072007102298053114203891250264126138
02009100709072007102968051913503841260258124134
02009100709072007103789053214203901310259128131
02009100709072007104366053914803911330258128130
02009100709082001103660070117805231700353178175
02009100709082003101523069217705151720343173170
02009100709082003104307060517804271550272140132
02009100709082005100083050613203741230251123128
02009100709082005110040050113103701220248122126
02009100709082005110101050611903871180269127142
02009100709082007100331054616103851290256125131
02009100709082007101697066616505011620339167172
02009100709082007101897064316904741580316157159
02009100709082007102706054516203831280255125130
02009100709082007103100063516804671560311157154
02009100709082007104438057615204241540270142128
02009100709082007106621066316305001610339166173
02009100709092004110246052314003831280255124131
02009100709092004110249051913503841270257124133
02009100709092005102678000000000000000000000128
02009100709092005110105000000000000000257126131
02009100709092006103159051513403811260255124131
02009100709092006105511059914704521470305150155
02009100709092007100105056314104221410281141140
02009100709092007100112056514104241400284142142
02009100709092007102232055613904171400277140137
02009100709092007102810051513303821260256123133
02009100709102002106028067616905071660341173168
02009100709102003107187057914204371420295147148
02009100709102004103299051513803771290248125123
02009100709102007101772068715705301700360184176
02009100709102007102950067317404991680331165166
02009100709112004100830069218005120000000000174
02009100709112005103805052413903851270258123135
02009100709112007103168074118905521890363182181
02009100709112007105279053114703841260258124134
02009100709122004101267053214403881260262127135
02009100709132003107412000000000001620000163000
02009100709132007104878061214204701430327157170
02009100709142004100976070216905331770356170186
02009100709142006106113061314904641460318150168
02009100709142006106371062317304501530297151146
02009100709142007100029067116805031640339168171
02009100709142007102090068217905031660337166171
02009100709142007102128068118005011650336167169
02009100709142007102739064316604771620315159156
02009100709142007103869066816705011640337170167
02009100709152005104799051413703771230254122132
02009100709152006106562051313603771270250124126
02009100709162006102822067217205001630337171166
02009100709172004106082077119205791880391195196
02009100709172007101650065416404901590331162169
02009100709172007101725063116104701540316153163
02009100709182003106038068818105071730334175159
02009100709182006100792063916004791640315164151
02009100709182007100702067217504971660331166165
02009100709182007102452067617904971680329165164
02009100709192007105261063616004761530323156167
02009100709202003103364058215904231400283140143
02009100709202007102293000016100001540000167000
02009100709202007105258069717605211720349173176
02009100709202007109238054614404021400262130132
02009100709212001103410067616905071650342171171
02009100709212004104348074620305431870356179177
02009100709212005101843076020305571870370190180
02009100709212006105244052814203861320254128126
02009100709212006106349067016505051640341170171
02009100709212007100119075419105631920371188183
02009100709212007101038071918205371740363176187
02009100709212007102598067417105031660337167170
02009100709212007103516071917905401750365176189
02009100709212007104892072018205381740364176188
02009100709212007106754078220905731930380192188
02009100709222004106197000000005321730359175184
02009100709222006100839068417705071660341168173
02009100709222006102579069417105231690354176178
02009100709232005110194068617305131790334171163
02009100709232006102838070817705311730358177181
02009100709252004103080000016500001610000000000
02009100709252004110246062415804661580308152156
02009100709252004110249063116304681580310149161
02009100709262005110070055315304001390261131130
02009100709262007103082067016505051680337167170
02009100709262007104403068416905151670348173175
02009100709262007104878055014504051410264132132
02009100709262007106366055215204001390261131130
02009100709272003101523051900000000000248121127
02009100709272005103930073919305461830363182181
02009100709272005105619066717104961650331167164
02009100709272007102026073718805491850364187177
02009100709272007103168071618905271840343178165
02009100709272007104828072918705421820360178182
02009100709272007105272070417605281750353176177
02009100709282005103784000000000000000000000174
02009100709282005105666064217004721670305166139
02009100709282007106043057114904221430279142137
02009100709292005102705080821605922010391198193
02009100709292006102822068517605091710338171167
02009100709292007101742066918004891700319163156
02009100709292007103842052312603971270270132138
02009100709292007104909072318305401770363181182
02009100709302003101697055814804101390271140131
02009100709302004110152062915904701580312154158
02009100709302004110247063416404701580312158154
02009100709302006103107070017505251660359177182
02009100709302007100919069017605141690345171174
02009100709302007101844071518105341810353186167
02009100709302007102738071417205421740368186182
02009100709302007102902069617805181760342172170
02009100709302007110049059314204511540297148149
02009100709312003101264059014804421420300149151
02009100709312007103492068717605111660345171174
02009100709312007105179068417505091650344170174
02009100709322005101851069418205121650347174173
02009100709322005103643064316604771600317156161
02009100709322005106731065717304841590325164161
02009100709322006106886072418305411800361186175
02009100709332003103364052614303831260257124133
02009100709332004100524070117105301720358176182
02009100709332005106739071217705351760359182177
02009100709332006106355070417205321680364173191
02009100709332007104916069416705271740353178175
02009100709332007104917070217505271780349178171
02009100709332007105258052414303811270254124130
02009100709342007101038069717305241650359175184
02009100709342007103516069717205251690356175181
02009100709342007104892069817305251650360175185
02009100709352001103410051413503791250254122132
02009100709352004106197000000005741790395193202
02009100709352005102336000000000000000000000000
02009100709352007102293051313503781240254123131
02009100709352007102331077920505741900384192192
02009100709352007102589076318105821870395198197
02009100709352007102598055515104041340270135135
02009100709352007102668078320005831900393198195
02009100709352007102782077218605861930393196197
02009100709352007105840068218704951740321166155
02009100709352007106487051313603771260251122129
02009100709352007109229051213703751240251123128
02009100709362001110141067817505031730330000000
02009100709362005105261068817605121750337174163
02009100709362006105360069317905141790335174161
02009100709372005110194051914203771260251124127
02009100709372006102838052014203781270251124127
02009100709392006102981000000000001330000128000
02009100709402005101889066117904820000000000158
02009100709412005101214053615703791280251124127
02009100709412005103930053714703901350255127128
02009100709412007101985053414303911380253124129
02009100709422004100452000000000000000000000128
02009100709422004103107062819004381500288148140
02009100709422005103784000000000000000000000000
02009100709422005104757075022405261940332173159
02009100709422006102822070518105241700354176178
02009100709422006103107054414204021320270138132
02009100709432007100919055214704051380267132135
02009100709432007101844057215904131440269140129
02009100709432007102738055114704041380266132134
02009100709432007102902057115904121440268140128
02009100709432007104909053314003931270266129137
02009100709442004110152053900000000000261129132
02009100709442004110247054714404031380265000000
02009100709442007100608062917004591550304149155
02009100709442007102460067916605131700343171172
02009100709442007105272069518105141700344173171
02009100709442007106293062917004591550304149155
02009100709442007110049054813704111320279136143
02009100709452005106739068416705171720345174171
02009100709452006101614071220105111850326172154
02009100709452006106255096024607142360478245233
02009100709462005103643063415704771530324159165
02009100709472003103806054014703931340259130129
02009100709472005102705077021205581900368186182
02009100709472005104809068418005041670337168169
02009100709472007102668069417905151720343166177
02009100709472007103492054515403911330258123135
02009100709472007104917057016504051430262138124
02009100709472007105179054115303881300258123135
02009100709492005105807061518904261550271141130
02009100709512005102336000000003621130249119130
02009100709512005105261052914403851320253128125
02009100709512006105360052614303831330250126124
02009100709522001110141057600000000000275136139
02009100709522005105617058415804261440282140142
02009100709542007102331074920305461850361182179
02009100709542007102782075519405611850376188188
02009100709552004100777051512703881280260132128
02009100709552005100122073419105431830360185175
02009100709552005101057072318405391840355181174
02009100709552005101889000013200001210000124000
02009100709552005104757072021505051860319170149
02009100709552007102589080220805941950399199200
02009100709552007104789070818605221770345169176
02009100709562004103107055716903881300258129129
02009100709562007101308066916305061660340169171
02009100709562007102016066916405051680337168169
02009100709572004104656071519405211780343168175
02009100710002007100608053414603881330255125130
02009100710002007106293053614703891330256127129
02009100710022004102336061617304431460297150147
02009100710022004107188061717104461500296148148
02009100710022005101373061817004481500298149149
02009100710092004104656068018804921680324161163
02009100710102004102813084221306292060423212211
02009100710102005101057070418105231750348175173
02009100710102007104789068517905061730333170163
02009100710112005100667078819505931950398200198
02009100710122005102102083322806052010404204200
02009100710142004102336058200000000000272140132
02009100710142004107188058216704151430272140132
02009100710142005101373058216704151430272139133
02009100710252005100667074918805611860375188187
02009100710252007105487076218605761830393192201
02009100710262005102102077219805741940380192188
02009100710282004102813074118305581810377187190
02009100710382007105487070818205261720354175179
02009100710392005102102074319805451770368183185
02009100710402005100667072918905401770363182181
