12004051805581999101297073018205481830365180185
12004051805582000104065073116905621830379188191
12004051805582000104371070718405231750348173175
12004051805582000110098068917205171770340165175
12004051805582001101385073517905561730383191192
12004051805582001101418077819305851900395202193
12004051805582001101703074918505641840380191189
12004051805582001101746072318905341820352180172
12004051805582001102147070700000000000346176170
12004051805582001104612073418905451800365182183
12004051805582001106930070117005311730358180178
12004051805582001110027073018605441850359178181
12004051805591997106338072218405381810357180177
12004051805591999106901068200000000000337169168
12004051805592000100447081120306082000408209199
12004051805592000100947083122406072100397203194
12004051805592000102376072217505471820365184181
12004051805592000102675073018105490000000000000
12004051805592000103687075718605711890382186196
12004051805592000105513069518105141700344176168
12004051805592000110020077420205721880384194190
12004051805592001100650065316504881550333170163
12004051805592001101512076620105651770388186202
12004051805592001103923071218205301710359179180
12004051805592001104022072718205451740371181190
12004051805592001104840072316805551720383191192
12004051805592001105102075118805631880375190185
12004051805592001105426077619405821910391196195
12004051805592002109125071818105371770360177183
12004051806001998100684070218105211770344181163
12004051806001998101349087222306492200429219210
12004051806001998104050102026807522440508257251
12004051806001998106357072800000000000358179179
12004051806001998106944066516405011640337166171
12004051806001999101278068917105181750343170173
12004051806001999103059074118305581870371184187
12004051806001999104205068517305121670345172173
12004051806001999106299000000004741680306153153
12004051806001999106970077719705801880392196196
12004051806002000101285076118805731890384000000
12004051806002000110171077819305852040381198183
12004051806002001101086070518305221800342172170
12004051806002001102572071719305241810343172171
12004051806002001103145072918905401810359172187
12004051806002001103358070618205241710353177176
12004051806002001103381070917405351680367179188
12004051806002001103389072919905300000000000172
12004051806002001103914074020405361850351177174
12004051806002001105513067917105081580350171179
12004051806002001106211067716805091670342166176
12004051806002001106352089224106512310420212208
12004051806002001107385078920305861950391195196
12004051806002001110025069719205051760329166163
12004051806011999106845071519305221770345175170
12004051806012000102262000000005521830369185184
12004051806012000102556076120105601860374187187
12004051806012000105294072218405381780360176184
12004051806012000106156077500000000000395196199
12004051806012000110105073917705621810381191190
12004051806012001100132073718805491860363185178
12004051806012001102113071817805401850355177178
12004051806012001102184074219605461780368181187
12004051806012001102667070118105201740346175171
12004051806012001103247075117905721800392196196
12004051806012001104806074119405471780369182187
12004051806012001104834066618004861660320162158
12004051806012001107133070418105231730350179171
12004051806012001109085073517105641760388185203
12004051806012001110185080520506002030397200197
12004051806012002102262075819805601960364187177
12004051806021997102340076518705781910387195192
12004051806021999101475068917505141760338173165
12004051806022000101595075218505671910376191185
12004051806022001100030069016905211700351170181
12004051806022001101989071317305401730367176191
12004051806022001102088068818205061700336171165
12004051806022001102579076919005791860393190203
12004051806022001103241074619005561830373182191
12004051806022001104734070717205351690366179187
12004051806022001106186074118605551780377183194
12004051806022001106629061915104681410327157170
12004051806022001110194069916705321770355184171
12004051806022002104390073417405601830377195182
12004051806022002106078073217205601830377195182
12004051806022002110003073318105521800372178194
12004051806031999105407072919505341800354181173
12004051806032000102044076300000000000383192191
12004051806032001100271067415905151650350188162
12004051806032001100437070818005281720356172184
12004051806032001101051064617404721650307156151
12004051806032001101711067416505091670342170172
12004051806032001103035068418105031690334170164
12004051806032001103279070119605051790326162164
12004051806032001103346075118305681870381192189
12004051806032001107789070117205291670362178184
12004051806041998100689070817605321740358174184
12004051806041999101368073717805591810378191187
12004051806041999107052074218805541820372181191
12004051806042000102712072619005361800356179177
12004051806042000104102074217905631830380189191
12004051806042000107650070400000000000358176182
12004051806042001106643072017705431780365182183
12004051806042001107417065717504821620320163157
12004051806042001110148070219205100000000000164
12004051806042002101794070817605321760356180176
12004051806051998101495071417705371790358181177
12004051806052000100298073919805411870354175179
12004051806052000100944067417005041710333164169
12004051806052000101432076018905711870384192192
12004051806052001100377070819205161790337170167
12004051806052001100490071419105231780345175170
12004051806052001100877074819505531830370184186
12004051806052001102528074119005511770374180194
12004051806052001103392076819405741880386194192
12004051806052001105827073618505511870364180184
12004051806052001106954075818705711870384190194
12004051806052002101542080519706082040404204200
12004051806052002102063073217305591760383188195
12004051806052002102859080719906082040404204200
12004051806061997110152063515604791530326161165
12004051806061999105955076620205641900374186188
12004051806061999106731064416804761470329158171
12004051806062000101293070918705221770345177168
12004051806062000101492063700000000000330161169
12004051806062000101547069118105101690341170171
12004051806062000101919075419405601880372188184
12004051806062000110087068617705091640345166179
12004051806062001100442073118305481810367181186
12004051806062001102029071518505301750355173182
12004051806062001103155066216304991570342171171
12004051806062001104647075120505461880358177181
12004051806062001106436064316404791580321158163
12004051806062001110103071518205331810352181171
12004051806062001110214065116704841600324161163
12004051806072000105951068216905131640349175174
12004051806072001103167072818105471760371184187
12004051806072001110088063814504931580335168167
12004051806082000101588069517505201740346184162
12004051806082000102112064917804711530318154164
12004051806082000107345073020705231940329178151
12004051806082000110118078819205962020394196198
12004051806082001100091060116504361520284143141
12004051806082001100569071419005241800344178166
12004051806082001102188063916404751540321163158
12004051806082001102229073200000000000351182169
12004051806082001103175067415305211650356179177
12004051806082001103177059215904331530280138142
12004051806082001103277063716704701570313153160
12004051806082001105126079820105971940403201202
12004051806091996110164059915204471490298147151
12004051806091999101297074118405571800377192185
12004051806091999105351075119505561840372187185
12004051806092000101470067716805091670342170172
12004051806092000101553080600000000000388196192
12004051806092000103861000000005541850369191178
12004051806092001102687072517405511790372187185
12004051806092001103609074518305621860376185191
12004051806092001103707071318305301800350177173
12004051806092001103739072918405451830362185177
12004051806092001104752074219005521760376192184
12004051806092001107733000000005511720379187192
12004051806092001109133082119906222040418211207
12004051806101999103463070217705251750350178172
12004051806101999103789072315705661810385193192
12004051806102000101545073818205561900366184182
12004051806102001100175073920105381690369179190
12004051806102001103716077720505721890383190193
12004051806102001103725079120005911960395202193
12004051806102001107735080621505912060385196189
12004051806102001110247076921005591940365182183
12004051806112000100404076120305581850373190183
12004051806112000102376072900000000000370195175
12004051806112000110020073518505501820368185183
12004051806112001100650066817404941640330159171
12004051806112001101418076119205691840385195190
12004051806112001101746067317205011690332161171
12004051806112001102820068418205021720330166164
12004051806112001104612074219105511810370187183
12004051806112001106930071117305381780360178182
12004051806121998104636073218805441840360181179
12004051806121999103059073517605591840375191184
12004051806121999106525073918505541850369187182
12004051806122000100161069219205001680332167165
12004051806122000100947078900000000000389195194
12004051806122000102675073118805431870356179177
12004051806122000103687071517205431860357182175
12004051806122000105123000000005841900394195199
12004051806122000107115077419405801880392197195
12004051806122000110130075119805531870366186180
12004051806122001101703071317805351810354179175
12004051806122001102084075819405641900374191183
12004051806122001103923073218805441820362181181
12004051806122001104235076020205581920366185181
12004051806122001105393070119105101730337171166
12004051806122001106474071717405431720371183188
12004051806122001106729075219905531860367184183
12004051806122001106772073218005521860366184182
12004051806122001107333077219405781970381192189
12004051806122001110027069217405181810337171166
12004051806131997106338071118005311790352174178
12004051806132000100397073819205461870359180179
12004051806132000101718076218505771850392193199
12004051806132000102148069817805201710349176173
12004051806132001101295074318805551830372182190
12004051806132001101512069717605211670354175179
12004051806132001102226072717305541880366184182
12004051806132001105102073818705511850366187179
12004051806132001105426074119205491900359183176
12004051806132001105825078819905891950394195199
12004051806132001106139073418705471870360184176
12004051806132001106211068117205091640345172173
12004051806132001109219075219205601870373185188
12004051806132002103128075519505601860374186188
12004051806132002105896000018900001720000171000
12004051806132002109125071017405361750361184177
12004051806141999101119070918305261750351178173
12004051806141999101279074220105411880353180173
12004051806142000101218075119605551910364185179
12004051806142000103614077320305701910379188191
12004051806142000105141091624706692360433221212
12004051806142000106681068816905191690350176174
12004051806142001100699073418105531810372180192
12004051806142001100759074619005561810375185190
12004051806142001103389062916504641550309157152
12004051806142001104022072317905441750369180189
12004051806142001105273070318305201740346173173
12004051806142001105617072618705391840355180175
12004051806142001106522074517605691800389192197
12004051806142001106883074418205621820380191189
12004051806142001107710076718905781970381191190
12004051806151999106845076019505651920373188185
12004051806152000102766074819205561810375183192
12004051806152000105294069817705211690352177175
12004051806152001100030069817605221680354183171
12004051806152001101125068917305161730343173170
12004051806152001103247076619305731860387187200
12004051806152001104869073618505511860365185180
12004051806152001105177072716605611870374186188
12004051806152001105942000000005651910374190184
12004051806152001107385071116805431720371188183
12004051806152001107789070117305281720356178178
12004051806152001110166071916705521680384188196
12004051806152002102982070916605431670376179197
12004051806161998101349077520405712030368191177
12004051806161998106357071717705401740366184182
12004051806161999101943072718605411790362184178
12004051806162000101752065716304941560338166172
12004051806162000104672069017405161650351171180
12004051806162001103028074218505571760381191190
12004051806162001103487074319105521860366186180
12004051806162002106078070918905201770343171172
12004051806171997102340074500000000000371000000
12004051806171997106906070918405251800345177168
12004051806171999105407000000005331780355180175
12004051806171999110001067916805111690342169173
12004051806172000101595071519105241780346171175
12004051806172000106781069916605331680365183182
12004051806172000110105071817705411810360179181
12004051806172001103241071618305331740359177182
12004051806172001105010071018905211820339170169
12004051806172001107559073617605601820378183195
12004051806181998106944064916504841560328158170
12004051806182000101919080619706091940415198217
12004051806182001102579077519605791890390196194
12004051806182001103193083417406601920468228240
12004051806182001103454073518005551770378188190
12004051806182001104963073219105411780363178185
12004051806182001105313070217405281690359175184
12004051806192000101437073119205391810358175183
12004051806192000104062068717805091760333166167
12004051806192001106436067718004971700327165162
12004051806192001107678073718905481810367183184
12004051806201998104123073321605171940323174149
12004051806201999101368075318505681880380193187
12004051806202001103443073619105451900355190165
12004051806202001103460076321305501930357186171
12004051806202001103807075120205491930356187169
12004051806211998101495067116505061670339171168
12004051806211999101288071418905251760349176173
12004051806212000101432072219805241860338169169
12004051806212000101588070216705351690366182184
12004051806212001100737067916605131680345174171
12004051806212001102102063416104731630310157153
12004051806212001103392073418205521910361190171
12004051806212001103469072018705331780355180175
12004051806212001105301070017705231680355175180
12004051806212001106188071219605161820334171163
12004051806212001106931074418905551870368178190
12004051806222001100569075920405551890366188178
12004051806222001104427074317905641870377189188
12004051806222001106765072618605401810359181178
12004051806222001109133084722206252120413211202
12004051806222001110110072717405531850368186182
12004051806232000105004076420005641910373186187
12004051806232000105078067015905111650346173173
12004051806232001105012069816805301790351184167
12004051806232002109296070517605291780351184167
12004051806241999102020073118005511790372189183
12004051806242001100280073818305551860369186183
12004051806242001105008077220305691910378196182
12004051806252000101718075218205701850385193192
12004051806252000101824077120405671930374191183
12004051806252000105665069617005261670359177182
12004051806252001100244071117505361740362180182
12004051806252001101508069018305071730334168166
12004051806252001101743072217205501730377184193
12004051806252001101938072718705401760364180184
12004051806252001102230079319705961970399204195
12004051806252001102405071817505431810362181181
12004051806252001110013074519005551830372187185
12004051806261999101279069317505181740344175169
12004051806261999105351074019705431860357182175
12004051806262000103614077019805721910381187194
12004051806262001102436072319205311820349175174
12004051806271997102703074318505581890369187182
12004051806271997103628069018505051730332168164
12004051806271998103198082420306212020419214205
12004051806271999106687072619305331750358180178
12004051806271999110260069619505011760325161164
12004051806272000100397071018505251730352178174
12004051806272000101678078520505801960384194190
12004051806272000103751068317305101800330166164
12004051806272000105082070818605221770345176169
12004051806272001101840077019105791920387195192
12004051806272001102448071417905351750360182178
12004051806272001105398071218605261820344177167
12004051806272001105433076818605821900392199193
12004051806272001110003071419805161760340169171
12004051806272002110064070418705171780339172167
12004051806281999102672071618105351780357175182
12004051806281999106943069216905231690354176178
12004051806281999110065063215904731500323154169
12004051806282000101434068318305001640336167169
12004051806282000102702069417505191710348169179
12004051806282000103024068718005071680339167172
12004051806282000103025074419205521770375186189
12004051806282000106540066900000000000333166167
12004051806282000110100074017205681830385191194
12004051806282001100833063617804581580300153147
12004051806282001103244063916704721630309158151
12004051806282001103340068817005181720346175171
12004051806282001110099076919505741840390194196
12004051806292000101218070118905121780334171163
12004051806292000106882062116004611560305154151
12004051806292001100699074517505701780392194198
12004051806292001100759073118205491730376184192
12004051806292001101123066216105011650336175161
12004051806292001102976062214804741470327164163
12004051806292001105617071918705321830349176173
12004051806292001106138069017805121680344175169
12004051806292001106883072617905471800367184183
12004051806302000101691068817605121690343168175
12004051806302000102766069716305341690365178187
12004051806302000103352063916004791580321158163
12004051806302000105065064215704851550330162168
12004051806302000105531075618005761860390191199
12004051806302000110274074619305531910362186176
12004051806302001100412065316604871580329163166
12004051806302001103385071218005321740358180178
12004051806302001104342070315805451650380193187
12004051806302001105452075919605631900373189184
12004051806302001107654068117205091670342173169
12004051806302002101755082921206172120405207198
12004051806302002104014076019605641900374190184
12004051806302002107492071616405521800372194178
12004051806312000103588068617505111650346170176
12004051806312000104062066216904931630330162168
12004051806312001100956071817505431710372184188
12004051806312001105515073117705541730381193188
12004051806321996100319074719805491800369182187
12004051806321999101764065816704911560335165170
12004051806322000103840073520605291830346175171
12004051806332001100974068619004961760320165155
12004051806332001101435073918105581820376185191
12004051806332001103314069018905011790322166156
12004051806332001104054070219505071770330170160
12004051806341998104998071517905361820354181173
12004051806342001102850083521106242120412214198
12004051806342001103477076320305601870373188185
12004051806342002100766067016505051660339170169
12004051806342002100969067517005051660339170169
12004051806351998101756070516805371760361181180
12004051806351999101856074818505631830380191189
12004051806352000106580076919705721930379193186
12004051806352001100737071119205191800339169170
12004051806361999102020071417805361800356179177
12004051806362000107593075019905511890362180182
12004051806371999104764075818405741860388190198
12004051806372000106082077000000000000391198193
12004051806372001100427067416605081670341167174
12004051806372001104227069517205231690354174180
12004051806372001104648071717505420000000000183
12004051806381999100735072317205511820369179190
12004051806382000101634081521605991990400197203
12004051806382001101451071317905341780356181175
12004051806382001101997072919205371760361177184
12004051806382001102216070118005211720349176173
12004051806382001102223072819105371820355182173
12004051806382001110211074318505581860372192180
12004051806392000100320075418405701870383191192
12004051806392001100420069317005231680355174181
12004051806392001106786068818505031690334166168
12004051806392001110013072218105411790362186176
12004051806392002110041071016805421880354177177
12004051806402001100102070217505271750352176176
12004051806402001102864077318505881830405191214
12004051806411998106994072600000000000369180189
12004051806412001102151083523605992080391201190
12004051806421999110180065215704951590336165171
12004051806422000101678074020605341850349179170
12004051806422001100126070818405241730351172179
12004051806422001100826069315905341680366183183
12004051806422001101840075119105601890371193178
12004051806422001102405071117905321730359180179
12004051806422001105433073418305511880363184179
12004051806422002101195071217605361770359177182
12004051806422002105239072018605341840350177173
12004051806422002105358072018805321810351178173
12004051806422002105419072518905361810355179176
12004051806432000100459069916005391700369184185
12004051806432001101563069316705261700356176180
12004051806432001104319081320406092000409200209
12004051806432001105393071920705121720340172168
12004051806442000101691068316705161720344173171
12004051806442000102213000000005051650340170170
12004051806442001100412069917705221700352173179
12004051806442001100527075018605641870377185192
12004051806442001103296067517405011650336166170
12004051806442001106378067416005141610353170183
12004051806442002103051082822406042140390195195
12004051806442002104195077220705651900375189186
12004051806451996101545070417805260000000000175
12004051806451998105769071817405441800364182182
12004051806452000104370071819005281740354175179
12004051806452001100956074718205651920373184189
12004051806452001103361071215405581690389193196
12004051806452001104112072317705461750371185186
12004051806452001105995076418105831900393195198
12004051806452001107000070617505311690362181181
12004051806452002101429074717305741880386192194
12004051806452002106785074817205761890387194193
12004051806452002109122076217605861870399197202
12004051806462000100297072818705411800361177184
12004051806462000102258075617705791790400193207
12004051806462000106471071818705311810350000000
12004051806462001102452070518505201740346172174
12004051806462001103697074518005651820383197186
12004051806462002102885071118705241720352174178
12004051806471999101851076519505700000000000202
12004051806471999101929070816905391750364180184
12004051806472000107363073820005381730365180185
12004051806472001100029086421606482230425215210
12004051806472001100259070717205351740361178183
12004051806472001104604070017205281690359173186
12004051806472001106156074418605581920366187179
12004051806472002101901073717905581720386180206
12004051806472002106690074319405491820367177190
12004051806472002107073074918705621810381187194
12004051806481999110067075917405851820403194209
12004051806482000102007071318405291730356176180
12004051806482001100618072118305381800358182176
12004051806482001100782069117805131660347171176
12004051806482001100994070717105361770359180179
12004051806482001104392074220005421800362178184
12004051806482001105229072517905461810365184181
12004051806491997102548078700000000000380194186
12004051806492000107164078900000000000391196195
12004051806492001102211068317805051670338168170
12004051806492001104227068916305261650361180181
12004051806502001106369072318005431770366180186
12004051806512001100836069918405151730342171171
12004051806512001101623068417405101700340172168
12004051806512001102250084321806252070418210208
12004051806512002103278084321806252060419211208
12004051806522000101634073419405401780362181181
12004051806522000103914070918705221770345176169
12004051806522000110163083919606432090434217217
12004051806522001110188074618205641790385191194
12004051806531999100159074319405491800369182187
12004051806531999100735070019505051760329165164
12004051806532001100065076518705781840394199195
12004051806532001103703072618805381790359176183
12004051806532001104120071117905321760356173183
12004051806541997103866060315304501480302148154
12004051806542001105613075918805711900381186195
12004051806542002105239069817405241770347174173
12004051806542002105358069117205191750344170174
12004051806542002105419069517405211750346175171
12004051806552001102864075318605671840383189194
12004051806562000100459071018605241790345173172
12004051806562001101563069717505221730349174175
12004051806571999100956070616705391670372179193
12004051806571999107493078919605931940399200199
12004051806572000106503074319405491830366185181
12004051806572001101352075920305561870369188181
12004051806572001105995071217405381690369185184
12004051806591999101929074117205691890380186194
12004051806592001100194064617304731750298157141
12004051806592001100527074418905551850370190180
12004051806592001107000072517905461820364186178
12004051806592002101429072517105541830371188183
12004051806592002106785073617705591870372188184
12004051807001999110071082921906102040406212194
12004051807002000101833076520805571900367184183
12004051807002000106471072818805401810359183176
12004051807002001100268070517105341680366177189
12004051807002001102677078520005851980387192195
12004051807012001100363070517605291730356177179
12004051807012001100551074919505541860368188180
12004051807012001103042081020406062000406204202
12004051807012001103699061716704501480302153149
12004051807012001103976073219005421760366185181
12004051807012001106852072919505341810353178175
12004051807022001105506072517505501800370183187
12004051807022001105514073217505571760381191190
12004051807032000105698071217805341740360184176
12004051807032001101724068418105031680335166169
12004051807032001107729068319004931740319162157
12004051807042001106653071117205391750364188176
12004051807061995100747067116905021630339169170
12004051807062000110163066916605031640339164175
12004051807062001110188073917805611820379189190
12004051807071998107103073619905370000000000000
12004051807072000106464068600000000000373000000
12004051807072000107542070616205441650379179200
12004051807072001100065072718105461830363182181
12004051807081999100159069817505231700353177176
12004051807102001103737074118705541860368185183
12004051807111999100956070416705371700367182185
12004051807112001100138073920105381900348179169
12004051807112001106610069417705171620355173182
12004051807121995100393000000005411740367185182
12004051807121999103354085023206182230395205190
12004051807142001105056086720206652130452222230
12004051807162000105167070617405321760356179177
12004051807162001103986073217505571800377194183
12004051807162001104981072718605411830358180178
12004051807162001105504072816405641800384189195
12004051807162001106517075518605691910378189189
12004051807171998104859068016705131690344173171
12004051807171999110187067817005081700338169169
12004051807181998103042071318205311700361178183
12004051807202000102202070617905271640363170193
12004051807211998107103071519005251770348000000
12004051807212001105154065515904961590337167170
12004051807222001103248073817005681830385187198
12004051807222001104535070217905231750348176172
12004051807242001100138071418605281780350176174
12004051807251999103354088823906492270422218204
12004051807252000110266087123706342150419211208
12004051807271997105503076420205621940368190178
12004051807302000105081076418105831960387194193
12004051807302000106314074318505581900368187181
12004051807302001103253069917705220000000000179
12004051807311997104910073019905311780353179174
12004051807322000104475083522006152090406204202
12004051807482000106548076918805811930388192196
12004051807482001100592081320506082090399205194
12004051807501996106106078020405761930383193190
12004051807501997104910072819105371790358180178
12004051807502001107330076619405721900382194188
12004051807512000106865071016605441700374188186
12004051807512001102339070318105221780344174170
12004051807521999103691074820005481830365182183
12004051807522001104799074318705561900366186180
12004051807541999102072075418805661850381195186
12004051807542001107528074618805581870371191180
12004051807542001110168075300000000000374200174
12004051807561998103174071417305411650376178198
12004051807571999106935073820205361830353182171
12004051807571999107303079719606011960405203202
12004051807581998103242068520104841620322159163
12004051807582001101671067216305091630346176170
12004051807582001105618068918205071710336171165
12004051807582001105673067917205071690338170168
12004051807592001101706071717905381750363182181
12004051808002001103985073217305591790380184196
12004051808002001107424072818605421820360176184
12004051808012000107330063316304701640306156150
12004051808022001104313068616505211750346172174
12004051808042000104260072418405401790361182179
12004051808042001101434072418105431800363182181
12004051808052001100431073118605451810364183181
12004051808052001104799073919105481910357184173
12004051808061999103691070217005321740358178180
12004051808061999106842067516505101620348171177
12004051808062000102051069217505171680349171178
12004051808062000106865070817205361710365180185
12004051808062001102128075619105651780387187200
12004051808062001102686068817705111690342174168
12004051808062001102714071918005391790360179181
12004051808062002102686071818005381780360179181
12004051808062002102795073818805501870363181182
12004051808062002103539074117105701860384190194
12004051808062002103922077818505931950398196202
12004051808062002104577078018805921940398197201
12004051808062002106692073918805511870364181183
12004051808062002107387074617805681850383191192
12004051808071999110066071518505301790351178173
12004051808072001103601076520005651930372187185
12004051808081999104213079218406081950413207206
12004051808102001106927069217005221670355181174
12004051808102002104205071816305551730382189193
12004051808102002107488072516405611730388190198
12004051808111997110136074818405641820382192190
12004051808112001100821071218505271770350177173
12004051808112002102404073518305521800372187185
12004051808112002106254073518305521790373187186
12004051808121999109020065316804851590326161165
12004051808132000101398070417305311770354181173
12004051808132000101615070718305241740350177173
12004051808142001103038073317805551820373189184
12004051808142001107360072217405481760372184188
12004051808142001107424069118005111730338173165
12004051808142002103216064916904801570323157166
12004051808142002103567068017105091680341170171
12004051808151997103461076019105691910378189189
12004051808151999104283070117805231720351176175
12004051808152000105469074618105651790386192194
12004051808152000107478069817005281660362179183
12004051808152001100652072918005491730376186190
12004051808161998110263074719705501900360184176
12004051808161999101021070618105251760349177172
12004051808162001107446070017705231760347176171
12004051808172000101103088223506472220425215210
12004051808172000102674075620905471870360182178
12004051808172000105086074317705661770389193196
12004051808181999106842068716805191650354174180
12004051808182000102742069217905131750338168170
12004051808182001102227078723905481930355189166
12004051808182001103436078724005471930354189165
12004051808182001103459075922405351920343177166
12004051808182001103810075021905311940337180157
12004051808182001103816076523205331900343177166
12004051808182001105250071517905361800356182174
12004051808182001110021074622105251750350180170
12004051808182001110264075622605301780352181171
12004051808191997105154072617905471740373184189
12004051808191998101710069617205241750349178171
12004051808192000101786073517905561810375189186
12004051808192001100431071017805321750357178179
12004051808202000100299070017605241650359179180
12004051808202001103327066018004801620318160158
12004051808202001105507066816505031620341176165
12004051808202001107327074918705621910371189182
12004051808202001110056070118105201730347172175
12004051808202002100709069818905091730336176160
12004051808212001105028074418605581830375186189
12004051808221999101402062016804521550297150147
12004051808222001102155071119105201730347176171
12004051808222001106980067116005111620349172177
12004051808222001110262074019005501830367185182
12004051808232001100821000000005451840361183178
12004051808232001105547067217205001610339166173
12004051808232001106239077619905772000377190187
12004051808242000101334066017404861650321161160
12004051808242001100347075218605661860380192188
12004051808242001103924076818505831910392194198
12004051808251998101695073219205401810359179180
12004051808251998105445073318905441810363180183
12004051808252000103125070617505311720359000000
12004051808252000106337069917305261730353177176
12004051808261998110090074717405731750398195203
12004051808261999107060078523505501990351180171
12004051808272001100088074619405521820370188182
12004051808272002103216071418205321780354179175
12004051808272002103567071318105321780354178176
12004051808281999101913070917705321670365186179
12004051808282000101398000000005191750344171173
12004051808282000101615072117905421820360184176
12004051808282001100245075718905681860382185197
12004051808282001104023076319705661850381194187
12004051808282001110040078119905821990383194189
12004051808292001100115074319205511880363184179
12004051808292001103038071717405431760367184183
12004051808301997103461074318305601860374188186
12004051808301999103415076520205631870376189187
12004051808302000105469071017605341740360178182
12004051808302001100410070317505281750353176177
12004051808302001100977073118305481830365183182
12004051808302001102217068717305141600354174180
12004051808302001103525073218305491840365186179
12004051808302001107360071318005331730360182178
12004051808302001110052073118305481830365183182
12004051808302001110155070217405280000000000000
12004051808312000101413079621305831870396196200
12004051808312000103795077419405801860394193201
12004051808312000104282073817705611880373188185
12004051808312001102080076719905681880380189191
12004051808312001106187073218005521850367186181
12004051808312001107537071217105411630378178200
12004051808322000101528075419805561850371187184
12004051808322000105072070819205161730343172171
12004051808322001102619072218105411700371183188
12004051808331997105154067616005161650351176175
12004051808332000101786067817405041710333167166
12004051808332001103154068018005001650335168167
12004051808332001105507069617205241770347188159
12004051808332001106197085522006352070428217211
12004051808332001110186070218105211740347176171
12004051808332002100709068218904931680325166159
12004051808342000101467072118505361780358179179
12004051808342000104529068017705031710332169163
12004051808342001100273066716105061580348166182
12004051808342001100630070516305421660376180196
12004051808342001100998072117805431800363179184
12004051808342001103237067517005051690336167169
12004051808342001103721072417705471800367186181
12004051808342001104904070619305131750338171167
12004051808351999100763063915804811550326159167
12004051808352001102129076319005731880385192193
12004051808361998103573071418505291780351177174
12004051808361999100510071520005151680347167180
12004051808362001105028074719005571830374188186
12004051808372001101127076620605601860374190184
12004051808381999100042075619505610000000000186
12004051808382000105018000043000003360000300000
12004051808392000103193070017705231720351178173
12004051808392000104060069517305221740348176172
12004051808392000104162069417205221740348176172
12004051808392001102256072619905271820345176169
12004051808392001106526069715705401640376184192
12004051808402000103638073619805381800358000000
12004051808402000107099074320705361840352175177
12004051808402001104547072818605421860356179177
12004051808402001105404071416805461770369187182
12004051808411999101913067418004941660328167161
12004051808412002105994072817605521900362183179
12004051808412002105998072817605521910361182179
12004051808412002107556072817605521910361182179
12004051808421997105070080220805940000000000195
12004051808431999101774072117005511770374182192
12004051808431999106804062915904701520318159159
12004051808431999107038063516904661560310157153
12004051808432001100410068316905141740340173167
12004051808432001101878067617305031660337171166
12004051808432001110155065500000000000000000159
12004051808442001107537066316205011620339161178
12004051808451998106366069917605231740349176173
12004051808452000102308074621805281890339174165
12004051808452001105612074818605621820380191189
12004051808462000110121073019505351830352179173
12004051808462001101103066219704651510314151163
12004051808462002100824065116704841610323163160
12004051808462002100900064916604831610322163159
12004051808472001101865065017104791580321159162
12004051808472001110063079220305892010388194194
12004051808472002102983073418305511840367185182
12004051808472002106707073218205501830367186181
12004051808482000103129072518805371840353181172
12004051808491995102261073118105501800370186184
12004051808492000104437072617505511820369187182
12004051808492000104896079121605751910384194190
12004051808492001102129073518705481810367183184
12004051808501998101860070118405171760341171170
12004051808502001100274073019005401820358181177
12004051808502001103704076019705631880375187188
12004051808511996110169071517705381780360181179
12004051808511998104051067616905071660341170171
12004051808511999102590068418005041710333168165
12004051808511999110010065815705011680333170163
12004051808512000101054072920905201810339173166
12004051808512000105030066817304951640331161170
12004051808512001103826071118105301740356176180
12004051808512001107593071917605431790364176188
12004051808512001110220065216004921600332166166
12004051808522001100915077320105721900382193189
12004051808522001101592069517705181700348173175
12004051808522001102175069517605191710348173175
12004051808522001107034070518205231720351176175
12004051808522001107718064417504691560313160153
12004051808522002102893069417405201660354174180
12004051808531998101683066118804731600313156157
12004051808532001100090072918305461920354183171
12004051808532001100707077519805771860391192199
12004051808532001102433068816205261710355173182
12004051808532001104873074819405541960358189169
12004051808542000102263073819305451850360180180
12004051808542000102363070016705331770356179177
12004051808542000102475065716604911600331164167
12004051808542000106022070100000000000346177169
12004051808542001106376071317005431730370183187
12004051808542001107574072018205381810357177180
12004051808552001100593069817005281710357179178
12004051808552001102320070818505231710352175177
12004051808552001103738077119505761870389201188
12004051808552001105519072018305371800357178179
12004051808552001107482077819605821890393202191
12004051808552002100949076620405621860376191185
12004051808552002104049074118905521780374186188
12004051808552002105994072118305381760362181181
12004051808552002105998072018105391770362181181
12004051808552002107556072018105391770362182180
12004051808561999107372070918105281710357178179
12004051808562000102308068819604921740318160158
12004051808562001100084076219005721910381191190
12004051808562001101187071216805441760368000000
12004051808562001106150065217504771620315158157
12004051808562001107752071318305301740356184172
12004051808571998110014067317404991580341000000
12004051808571999101774073518105541800374184190
12004051808571999102349070218105211780343173170
12004051808572000101550071418005341780356179177
12004051808572001102437072517905461790367181186
12004051808572001104794072017205481750373185188
12004051808572001105262066816405041520352163189
12004051808581999104643067217504971680329167162
12004051808582000106527075019805521860366182184
12004051808582001107359068517505101700340171169
12004051808591997110043073318705461850361184177
12004051808592001102311068615105351670368183185
12004051809001998103330073619905371830354174180
12004051809001999110009066916905001600340169171
12004051809002000101561070818905191700349174175
12004051809012000101361075320505481880360187173
12004051809012000104437071817105471760371183188
12004051809012000105509080422305811890392194198
12004051809022001104037079320605871970390201189
12004051809031999106735064517104741660308153155
12004051809032001100748076823805301930337169168
12004051809051998103390072019105291770352180172
12004051809051999104639069116805231720351176175
12004051809052001102164077820805701920378191187
12004051809052001102433070017105291720357178179
12004051809052001105658068918305061680338170168
12004051809052002102341066117004911610330162168
12004051809061999106029075700000000000383192191
12004051809062000104175075319905541830371186185
12004051809062001102019076321405491860363184179
12004051809062001104167085221806342130421209212
12004051809062001104880087423606382140424212212
12004051809062002102484075117905721850387190197
12004051809062002106461074918405651790386189197
12004051809062002110038072018105391750364177187
12004051809062002110056077920605731910382196186
12004051809062002110058074218105611780383200183
12004051809081997105453072518505401730367181186
12004051809081998101749073718205550000000000000
12004051809082000101573079621505812030378194184
12004051809082000102866072818405441790365182183
12004051809082001102058000000005381790359178181
12004051809082001103270078620505812030378193185
12004051809101999107166087622806482140434216218
12004051809102000104896074418705571810376188188
12004051809112000102049075319805551860369188181
12004051809112000110025073418705471790368182186
12004051809112000110152071518905261740352180172
12004051809112000110276070417305311770354179175
12004051809112001102789074319005531840369182187
12004051809112001102923064016304771540323161162
12004051809112001103718067916805111600351168183
12004051809112001104632070717905281780350176174
12004051809112001110091070818405241750349174175
12004051809121999106548075317005831800403196207
12004051809122000105277061615204641400324146178
12004051809142000105032065318204711570314156158
12004051809142001102437068116605151670348172176
12004051809142002103697076819605721850387190197
12004051809161999105792079420305911940397203194
12004051809162000100514078219605861960390197193
12004051809162002101739069917405251730352181171
12004051809162002102175077119505761900386198188
12004051809182001101415074320305401900350182168
12004051809201998101749000018000000000000000000
12004051809211997105453071718005371790358176182
12004051809211998100682073319105421800362182180
12004051809212001104614077321005631920371185186
12004051809231999106900068118204991710328161167
12004051809241999100683072119805231740349175174
12004051809242002101058077919805811890392203189
12004051809242002103649079719805991950404203201
12004051809242002105142079820005981940404204200
12004051809252000102049071918205371770360180180
12004051809252001101187072217005521760376185191
12004051809262000101829072818605421770365179186
12004051809262001103718071118705241770347178169
12004051809262002100089070320604971710326166160
12004051809272001106147069517005251710354177177
12004051809281999110096073418605481830365186179
12004051809282001110010069717205251700355177178
12004051809292001102064067717005071690338175163
12004051809322001106154074918605631780385195190
12004051809322002103348000000005860000000000000
12004051809331999110046069218905031660337164173
12004051809372001110274078120305781920386195191
12004051809382001103724069018605041670337165172
12004051809432000107582069517005251720353178175
12004051809502001101915063916704721600312158154
