02005012806592001105181068017705031580345167178
02005012806592001105232070417705271680359176183
02005012807001997104041067117304980000000000177
02005012807001999107629000000000000000000220000
02005012807002000105041072918405451790366185181
02005012807002000107379069419005041640340168172
02005012807002000107726068017305071600347177170
02005012807002001103526069617205241620362181181
02005012807002001103903071118205291760353179174
02005012807002002100152069918605131690344174170
02005012807002002100383067616605101600350170180
02005012807002002100827075919805611830378190188
02005012807002002101417068417205121560356164192
02005012807002002101899070818405241730351180171
02005012807002002102470068418305011620339170169
02005012807002002102641071917305461730373187186
02005012807002002103069075320505481830365185180
02005012807002002104518064816604821510331161170
02005012807002002106426067317005031630340166174
02005012807002002107517075420405501840366185181
02005012807002002107646070218505171720345171174
02005012807011998100018000000004881630325164161
02005012807012000100319072217305491720377184193
02005012807012000101315069600000000000345171174
02005012807012000104559076519605691840385192193
02005012807012001103399000000000000000000165000
02005012807012001104938067315605171580359172187
02005012807012001106725069717205251570368183185
02005012807012002100395076118505761820394195199
02005012807012002101039074619805481830365189176
02005012807012002102019067816205161620354176178
02005012807012002103046074520005451850360187173
02005012807012002103191073418805461750371184187
02005012807012002103474068318205011630338166172
02005012807012002104336074119305481800368184184
02005012807012002104795077019105791880391194197
02005012807012002105086081222105911970394197197
02005012807012002106015074420105431850358187171
02005012807012002106033076719605711820389194195
02005012807012002106742066917104981610337166171
02005012807012002107256066415705071630344171173
02005012807021997110263000000005171780339167172
02005012807022001100569070018005201660354173181
02005012807022001110059067417205021580344163181
02005012807022002100162069818805101660344170174
02005012807022002100491074921705321830349173176
02005012807022002101198073619105451760369185184
02005012807022002101726075619805581820376190186
02005012807022002101735079721405831870396198198
02005012807022002102648075619705591840375186189
02005012807022002103423075820105571820375186189
02005012807022002103772069017905111690342171171
02005012807022002103807076722705401880352179173
02005012807022002104173080121405871930394197197
02005012807022002104562081021505951940401198203
02005012807022002104618071919505241730351174177
02005012807022002104864073119705341760358178180
02005012807022002104915072518505401780362181181
02005012807022002105882083922806110000000000204
02005012807022002106035068818904991670332165167
02005012807022002106448070618405221730349179170
02005012807022002106716071319805151730342173169
02005012807022002107245080021505851900395195200
02005012807031999100872074519905461820364181183
02005012807032001104650000000004931600333160173
02005012807032001106069070719405131710342170172
02005012807032001110037070518205231750348174174
02005012807032002100172071718005371720365181184
02005012807032002101848074820405441820362183179
02005012807032002101942071717805391680371185186
02005012807032002103376069117505161640352172180
02005012807032002104897070818805201750345180165
02005012807032002105103075620305531840369187182
02005012807032002105122067717804991620337165172
02005012807032002105793068917605131610352174178
02005012807032002106280067916805111600351169182
02005012807032002106714070818005281710357179178
02005012807041997105167068519104941610333167166
02005012807041999105945068918505041670337170167
02005012807041999110206089826206362260410227183
02005012807042000110042069617905171630354168186
02005012807042001103051070017305271680359177182
02005012807042001104050065517204831520331161170
02005012807042001104568067318004931600333165168
02005012807042001106171070218605161700346172174
02005012807042001107592078819405941950399210189
02005012807042001109188069417705171600357176181
02005012807042002100092073719305441760368186182
02005012807042002100650070718705201660354172182
02005012807042002101923067916605131580355174181
02005012807042002102260066917404951600335165170
02005012807042002103088072219605261710355177178
02005012807042002103351076921805511780373180193
02005012807042002104397094428906552220433221212
02005012807042002107575089827806202200400204196
02005012807051997110277069617705191680351164187
02005012807051999103228067616905071620345169176
02005012807051999110031068418205021660336168168
02005012807052000102390096226207002250475242233
02005012807052000103098073519405411740367187180
02005012807052000107289066816305051560349170179
02005012807052001100554067917705021620340166174
02005012807052001103057069418205121660346169177
02005012807052001104366066717104961600336166170
02005012807052001105413082121506061960410204206
02005012807052002100676069418305111680343170173
02005012807052002101676069317205211690352177175
02005012807052002102910069819105071710336167169
02005012807052002103322068718005071690338166172
02005012807052002103372068918205071660341168173
02005012807052002106846069318105121670345173172
02005012807052002107071067317305001600340169171
02005012807052002110081069018105091670342170172
02005012807052002110184070018605141690345169176
02005012807062000101740068918005091620347171176
02005012807062001100658067917105081700338175163
02005012807062001104323070218505171660351173178
02005012807062001104605071518705281720356176180
02005012807062001109196065718704701610309159150
02005012807062002101674073819805401740366176190
02005012807062002101710068000000000000339000000
02005012807062002103228076420705571810376189187
02005012807062002103464066017104891580331161170
02005012807062002103486066218404781640314158156
02005012807062002103640065917604831560327164163
02005012807062002105480063216504671530314155159
02005012807062002106746073319905341760358176182
02005012807062002110145065917504841560328161167
02005012807072001101000080821505931950398199199
02005012807072001102392058915604331400293145148
02005012807072001103864081121605951940401199202
02005012807072001104395058615404321380294145149
02005012807072001107110069817505231680355180175
02005012807072002100717071019005201690351174177
02005012807072002101605065716304941570337166171
02005012807072002101719075019605541770377181196
02005012807072002102605077020605642000364178186
02005012807072002103173073618605501770373186187
02005012807072002103283059015504351410294146148
02005012807072002104302064417504691580311157154
02005012807072002104940070219205101560354169185
02005012807072002105068065118104701600310157153
02005012807072002105910069517505201700350176174
02005012807072002106194074218605561760380187193
02005012807072002107263073821005281850343167176
02005012807081999103716072721305141740340174166
02005012807082000101629067318404891630326165161
02005012807082000102861073721405231750348177171
02005012807082001102451069418505091700339170169
02005012807082001106844000000005010000000000168
02005012807082002100510078322305601880372187185
02005012807082002100552069418005141700344172172
02005012807082002100580070018105191680351174177
02005012807082002100680069918105181690349172177
02005012807082002105685077620405721940378193185
02005012807092000106214074820805401890351178173
02005012807092000106259070419205121740338174164
02005012807092001104450068617705091630346169177
02005012807092002100520075520505501870363183180
02005012807092002102945071818305351770358181177
02005012807102000110237069917505241710353177176
02005012807102001104406070518305221750347178169
02005012807102002102325068217605061630343172171
02005012807102002102845076620505611800381189192
02005012807111996110350082421606081990409209200
02005012807111998102076063817104671530314157157
02005012807112002101102070819405141760338170168
02005012807112002103189068818105071620345170175
02005012807112002109390064817504731570316162154
02005012807122000106135067317305001590341167174
02005012807122000107241070118705141640350168182
02005012807122000107379066716405031530350173177
02005012807122001102107068516105241610363176187
02005012807122001103098075019105591880371191180
02005012807122001104257062615604701500320159161
02005012807122001107548065117004811540327163164
02005012807122002101359069117205191670352175177
02005012807122002101417066516105041550349168181
02005012807122002102641070018505151710344166178
02005012807122002103193074519605491930356184172
02005012807122002103335069518405111700341170171
02005012807122002104365062815304751430332169163
02005012807122002104518063916404751530322157165
02005012807122002104896075020005501900360184176
02005012807122002106426065516804871530334164170
02005012807132000102506065017804721600312155157
02005012807132001110059065415504991540345167178
02005012807132002100879097326007132210492245247
02005012807132002101811073120905221830339177162
02005012807132002101825079321105821910391198193
02005012807132002102321077519805771890388195193
02005012807132002103069000018900001730000000000
02005012807132002103703074719505521870365185180
02005012807132002105201072520905161870329169160
02005012807132002105287077319305801900390198192
02005012807132002105920079721605811920389198191
02005012807132002107259081124205691890380193187
02005012807132002107459081922105981930405208197
02005012807141999110089052213803841220262126136
02005012807142000100319065316404891530336166170
02005012807142000107726052713103961240272130142
02005012807142002100524070718205251700355176179
02005012807142002101198072119005311760355181174
02005012807142002101726057217004021360266134132
02005012807142002103423057117004011360265133132
02005012807142002103807072321805051830322166156
02005012807142002104190069017705131640349173176
02005012807142002107517071218805241750349185164
02005012807151997110263067318404891620327163164
02005012807151998105513076719405731880385196189
02005012807151998109248074919805511800371186185
02005012807152000105041071117505361640372184188
02005012807152002100152061817204461520294155139
02005012807152002100162065917104881580330164166
02005012807152002100491068118304981590339171168
02005012807152002101039065016804821580324164160
02005012807152002101899061217104411520289151138
02005012807152002104173067017704931580335168167
02005012807152002105164064615904871520335166169
02005012807152002105194063016704631540309153156
02005012807152002106347067117304981670331165166
02005012807152002106448063317304601510309158151
02005012807152002110048069817705211680353178175
02005012807162001103419051213203801240256125131
02005012807162001106725064516304821560326158168
02005012807162002100395065716804891520337163174
02005012807162002101259072718905381780360180180
02005012807162002103046053616303731300243122121
02005012807162002103191066517204931580335164171
02005012807162002103376066717204951590336167169
02005012807162002104283073920105381730365183182
02005012807162002104897067517105041620342174168
02005012807162002104915071018705231670356176180
02005012807162002105039071819105271750352178174
02005012807162002105122065316804851590326166160
02005012807162002106015055316603871400247123124
02005012807162002106742066317204911570334164170
02005012807171997105167064617704691540315154161
02005012807171998107262062116604551510304154150
02005012807171999105945066717904881620326164162
02005012807172001103057066515805071480359170189
02005012807172001104568064216804741550319156163
02005012807172001104938067416605081540354172182
02005012807172001106917000021700000000000000000
02005012807172002101235063316704661500316156160
02005012807172002101848000018200000000000000000
02005012807172002102019065216204901570333165168
02005012807172002102712072219605261730353177176
02005012807172002102910066016604941560338168170
02005012807172002104336067517405011620339165174
02005012807172002104397062117104501500300154146
02005012807172002104618065816904891480341162179
02005012807172002104795068517305121640348167181
02005012807172002105086076220605561870369187182
02005012807172002105177069916905301640366170196
02005012807172002106752069216705251640361171190
02005012807172002107685069617805181680350170180
02005012807172002110152063516904661530313156157
02005012807172002110184067417305011570344164180
02005012807181998102920071318605271710356180176
02005012807182000102390072819305351830352179173
02005012807182000105203071919105281710357176181
02005012807182001110037067717904980000000000167
02005012807182002100814079421805761940382191191
02005012807182002105103074420405401840356180176
02005012807182002106280069017305171600357170187
02005012807182002106714067217105011640337171166
02005012807182002106716070118405171680349178171
02005012807192000110042065217304791560323158165
02005012807192001104650062116204591520307150157
02005012807192001106069070720105061790327171156
02005012807192001106171068117905021620340169171
02005012807192002100092070419105131750338168170
02005012807192002100650065717204850000000000168
02005012807192002100676066917304961590337164173
02005012807192002105793070018705131690344171173
02005012807201999103228065916604931580335162173
02005012807201999103576083422906052030402211191
02005012807201999105364087023106392090430227203
02005012807201999110031065316904841560328165163
02005012807202000107289063815804801520328158170
02005012807202000109421065816504931600333168165
02005012807202001105413077120305681880380194186
02005012807202002100172069717305241700354179175
02005012807202002101505087123806332120421225196
02005012807202002103322059018004101420268138130
02005012807202002103372065316704861590327164163
02005012807202002103435076218905731810392198194
02005012807202002104117065716504921590333168165
02005012807202002105872086322606372030434230204
02005012807202002107057087023106392080431228203
02005012807202002110081065216904831560327163164
02005012807211997110277064517004751580317159158
02005012807212000103098066817704911600331165166
02005012807212001103666068116805131630350174176
02005012807212001104050071018705231680355178177
02005012807212001107110000000000000000000000172
02005012807212001109188066817604921590333164169
02005012807212002101265069418005141660348172176
02005012807212002101608078620305831880395196199
02005012807212002101923063916304761530323158165
02005012807212002102251066917004991600339169170
02005012807212002102779066717104961650331162169
02005012807212002103464068617805081700338172166
02005012807212002103648070318505181700348172176
02005012807212002103914068217905031630340170170
02005012807212002104032063616804681500318158160
02005012807212002106115073819405441750369183186
02005012807212002106360064417404701500320154166
02005012807212002106954069818405141640350175175
02005012807212002110145069218205101690341174167
02005012807221999103716055816803901360254129125
02005012807221999110133071219105211720349176173
02005012807222000102861057318003931280265128137
02005012807222001103051067816905091600349171178
02005012807222002100717067217205001580342171171
02005012807222002101676070918405251700355174181
02005012807222002103088066717104961610335167168
02005012807222002104261067717305041700334167167
02005012807222002105197073219105411760365180185
02005012807222002105685057317903941290265128137
02005012807222002107263067017005001550345167178
02005012807231999100950000020700001900000161000
02005012807232000106214053514903861340252127125
02005012807232000110102069317705161640352180172
02005012807232001110046067620204740000000000152
02005012807232001110205068017905011650336167169
02005012807232002100510070119805031720331166165
02005012807232002100700082021906011970404213191
02005012807232002101719073218605461680378184194
02005012807232002102045075320605471850362181181
02005012807232002110036073421005241700354185169
02005012807232002110140069318105121650347170177
02005012807242000107241075019205581770381186195
02005012807242001102107063315204811460335160175
02005012807242002100520072520405211780343171172
02005012807242002101065064415904851500335165170
02005012807242002104295061215204601470313148165
02005012807252000106135070818105271680359177182
02005012807252001103801083021006202010419213206
02005012807252001104149081521406011950406209197
02005012807252001104406070618705191660353177176
02005012807252002100761000021500002000000217000
02005012807252002101359067617105051630342167175
02005012807252002102321070617905271720355177178
02005012807252002103193071918605331740359181178
02005012807252002103281082422605981970401200201
02005012807252002104237080121805831960387199188
02005012807252002104896074719905481850363187176
02005012807252002105287070817405341750359179180
02005012807252002110181064716704801520328157171
02005012807262000102771072018605341730361179182
02005012807262001103166064816104871630324165159
02005012807262001104634065917304861610325166159
02005012807262002100524067817305051570348170178
02005012807262002100544000000004841620322165157
02005012807262002100879079721005871870400201199
02005012807262002101102068817605121690343172171
02005012807262002102845069917605231650358181177
02005012807262002106023080121105901960394196198
02005012807262002107259070419505091580351175176
02005012807262002110095077019405761810395195200
02005012807272001101373065017204781530325161164
02005012807272002105039067417005041630341172169
02005012807282000101205067617005061650341175166
02005012807282002101825054715203951380257129128
02005012807282002104283070518605191710348177171
02005012807282002105920054615203941370257130127
02005012807282002110048070118205191630356179177
02005012807291998105513076219905631850378189189
02005012807302002103978070119305081710337167170
02005012807302002105164065016204881530335162173
02005012807302002109377070619105151710344172172
02005012807302002110085071917305461590387184203
02005012807311999101218072817805501720378192186
02005012807312000104556074820505431860357187170
02005012807312000107076074318805551710384185199
02005012807312001101225065017804721640308157151
02005012807312001103351065717204851550330164166
02005012807312002101001066216205001580342170172
02005012807312002104020067317604971630334165169
02005012807312002107003064117004711540317156161
02005012807322002105169068216805141690345172173
02005012807332001110269068717205151630352175177
02005012807341998102780071618805281640364171193
02005012807341998110067066018304771500327150177
02005012807342002102031066316404991550344168176
02005012807342002102868083223106012040397203194
02005012807342002104401070017505251660359184175
02005012807342002105177055015004001330267130137
02005012807342002106752054815003981320266129137
02005012807342002107685072718705401710369185184
02005012807351998102920070419205121670345177168
02005012807352000100129069017205181660352179173
02005012807352002100324071418105331670366180186
02005012807352002105197066718004871570330165165
02005012807361998110138067218204901620328164164
02005012807371997104283070419705071640343172171
02005012807371999102634071819805201720348170178
02005012807372002100350079221605761870389186203
02005012807372002100758072019505251670358171187
02005012807372002104342072518805371700367182185
02005012807372002107655067917505041580346170176
02005012807382000101344072018605341700364179185
02005012807382000106010068317905041580346164182
02005012807382001100059075821105471880359181178
02005012807382001103666066217204901600330170160
02005012807382001110105072618605401700370183187
02005012807382002102321076220205601840376190186
02005012807382002105287077819305851870398197201
02005012807382002107230071919605231750348174174
02005012807392000106172000033100003010000303000
02005012807392000110240000032700003000000302000
02005012807392001103801075319705561820374186188
02005012807392001107607060615904471410306145161
02005012807392001110244067118104901590331163168
02005012807392002101256063616404721480324154170
02005012807392002101258067117504961620334168166
02005012807392002101394000033300002990000303000
02005012807392002102643064717004771510326155171
02005012807392002102665065017104790000000000169
02005012807392002104237074020105391810358178180
02005012807401999100950066220904531800273142131
02005012807402000102247077319705761830393196197
02005012807402000110102075619005661800386192194
02005012807402002100761080400000000000400199201
02005012807402002100859000000005270000000000177
02005012807402002103281078821105771930384193191
02005012807402002104276073819405441770367180187
02005012807402002106023076120305581890369183186
02005012807402002110036075019305571770380193187
02005012807402002110095080221105911930398206192
02005012807411999106721067500000000000000000176
02005012807411999106726066117204891590330162168
02005012807412002100700079624005562150341179162
02005012807412002102045075921405451830362182180
02005012807412002102527064216504771500327164163
02005012807412002103846065317704761570319160159
02005012807412002106279072618805381830355180175
02005012807412002106514074520005451830362181181
02005012807422001103877074218905531770376185191
02005012807422002107298000018300001660000174000
02005012807431997104549066617504911580333165168
02005012807432001103410068617805081610347173174
02005012807432002100882072418105431820361178183
02005012807432002103108072018305371740363182181
02005012807432002104344073919105481770371184187
02005012807442001103519067117604951630332168164
02005012807442002100936069217705151630352170182
02005012807442002101806064717104761590317159158
02005012807442002102984068718105061600346166180
02005012807442002103978062017604441490295151144
02005012807442002105379076420105631830380191189
02005012807442002106381076720405631820381192189
02005012807442002107321067518204931600333165168
02005012807442002109377066817904891570332164168
02005012807442002109422065217104811560325158167
02005012807442002110085067917505041570347176171
02005012807442002110097065018004701600310154156
02005012807452000105627071319205211670354179175
02005012807452000105868068817805101640346171175
02005012807452002100811069118205091710338170168
02005012807452002101322067918104981570341159182
02005012807452002104949073419705371720365180185
02005012807452002105093062116204591520307148159
02005012807452002110034074420005441790365182183
02005012807461998101525000000000000000353177176
02005012807461999106908066417204921570335168167
02005012807462000101231071718705301740356180176
02005012807462001102114073820005381790359180179
02005012807462001110118071318405291730356181175
02005012807462002100653066217604861610325163162
02005012807462002103799074519505501790371185186
02005012807462002105169068617705091660343170173
02005012807462002106684066117604851610324163161
02005012807481998102780071120105101720338167171
02005012807482001100469000000005491870362179183
02005012807482001100473079621205841880396200196
02005012807492002103213069118705041670337165172
02005012807492002110177070919005191690350178172
02005012807511997104283065517804771540323158165
02005012807511999102634066617904871550332161171
02005012807512001100059064217004721530319160159
02005012807512002100564066717504921620330163167
02005012807512002100758067717904981610337165172
02005012807512002101034065217704751540321167154
02005012807512002107230063316604671510316155161
02005012807522000110240059514804471350312144168
02005012807522002100350065817504831620321161160
02005012807522002103439076720505621830379190189
02005012807522002106514066718004871660321163158
02005012807532000106172088225106312110420213207
02005012807532001103801075619605601860374192182
02005012807532001110135073820705311730358179179
02005012807532002101394069818705111640347177170
02005012807541998106220073719205451790366183183
02005012807542002101105092125506662310435228207
02005012807542002101367081422105931990394206188
02005012807542002103281076218805741920382193189
02005012807542002103846065517704781550323164159
02005012807542002104237061317204411480293150143
02005012807542002106023074319405491760373189184
02005012807551997101115074220605361820354177177
02005012807552002110095076620605601940366186180
02005012807562000100279067617904971610336171165
02005012807562000102247070517905261730353177176
02005012807562002100752067718204951600335166169
02005012807562002100947075419905551780377183194
02005012807562002103827067317205011640337168169
02005012807562002106200067018004901630327162165
02005012807562002107677067718104960000000000170
02005012807571999110191069619405021710331168163
02005012807572001103519066417404901640326165161
02005012807572002100936068917505141620352174178
02005012807572002102984067217504971640333168165
02005012807572002104760086824106272070420208212
02005012807572002110034074920005491830366182184
02005012807582001103410066717104961610335168167
02005012807582002105379069618405121700342172170
02005012807582002106381070118805131710342172170
02005012807592001100469072819605321710361174187
02005012808001997104549000017400001600000172000
02005012808002002101806063516704681510317159158
02005012808002002107321066216804941570337162175
02005012808012002102680068119004911650326164162
02005012808012002104124069419205021670335165170
02005012808012002104531069019104991620337170167
02005012808022002103799072118405371700367183184
02005012808232002103418063916904701530317161156
02005012808242002107419068617205141590355173182
02005012808242002110183069118705040000000000164
02005012808251998107067067018204881580330161169
02005012808252002100112070919205171670350169181
02005012808252002102680054215603861320254126128
02005012808252002103701071118905221690353175178
02005012808252002104124070919005191700349174175
02005012808252002104531054315703861320254125129
02005012808252002105377067918104981640334167167
02005012808252002105736071518905261710355173182
02005012808262002101654000000000000000000183000
02005012808262002107349066216704951570338163175
02005012808262002110189070018505151700345169176
02005012808272001109341073118905421710371179192
02005012808272001109353074119105501800370183187
02005012808272002102504064517104741490325159166
02005012808272002104332070519205131640349174175
02005012808282001103160084221606261940432209223
02005012808282002100546070519205131700343172171
02005012808282002100888086823506332070426223203
02005012808282002103793087121906522080444222222
02005012808291998101531063116804631530310157153
02005012808292000107042068000000000000321156165
02005012808292002103597092523406912110480238242
02005012808311999100967069218805040000000000176
02005012808351998100168057715904181320286135151
02005012808362002106713058716804191370282137145
02005012808382002107163066317004931550338166172
02005012808391998107247067718604911660325163162
02005012808392001109353065616904871570330167163
02005012808401998107067069417405201640356175181
02005012808402002102504065117304781490329153176
02005012808402002103701067517405011600341171170
02005012808402002104332064317004731510322161161
02005012808402002107349063015904711480323154169
02005012808412002104974076320205611840377188189
02005012808412002105377064718204651610304153151
02005012808412002105736068418105031640339169170
02005012808422000103375094422507192190500238262
02005012808422001110182067718504921620330162168
02005012808432001103323072519705281720356176180
02005012808432002100888076020505551900365000000
02005012808442001102914072120705141730341171170
02005012808442001102925074619505511770374184190
02005012808442002102021075419805561790377188189
02005012808442002105679065316804851630322163159
02005012808442002106576063815704811550326161165
02005012808452000101314063716204751500325156169
02005012808452002101443064916804811500331160171
02005012808452002105586075918305761850391195196
02005012808452002109214064415904851510334162172
02005012808462000101473076919805711760395195200
02005012808462002103563066717404931540339165174
02005012808512000107720082621106151940421205216
02005012808521998107247066918504841560328161167
02005012808532000102393065318004731590314159155
02005012808532002107163066516604991590340172168
02005012808542002100143079920705921960396195201
02005012808542002100502071018105291700359180179
02005012808542002100663076019005701830387187200
02005012808542002104615078121005711880383191192
02005012808552000107701073319405391770362185177
02005012808552002104985059916804311500281149132
02005012808552002106576063616504711520319152167
02005012808562002102307082122006012000401197204
02005012808571999100555068318305001650335171164
02005012808571999105134066216904931550338168170
02005012808572000107279080824905591940365188177
02005012808572002100322074119805431790364180184
02005012808572002100888068000000000000302162140
02005012808572002105586072518905361760360178182
02005012808572002105679064216404781500328165163
02005012808591998104710071719505221750347174173
02005012808592002102021071420105131750338171167
02005012808592002105583067417804961600336167169
02005012809002002100812068517305121670345166179
02005012809002002107605070317805251690356175181
02005012809021999103606079123805532070346178168
02005012809032002106715069017805121640348172176
02005012809042002102638057415904151380277139138
02005012809042002104958080220805941930401201200
02005012809042002105649080020705931910402201201
02005012809042002109060065515305021490353168185
02005012809052000107720082121006111900421211210
02005012809052002100185079223105612050356180176
02005012809062002100502068517905061630343170173
02005012809062002104615000000005031620341168173
02005012809072002100143090523306722110461229232
02005012809072002100663083521506201990421206215
02005012809082000105594070318805151680347174173
02005012809082002100539072219205301770353178175
02005012809082002102080075919805611830378187191
02005012809082002103290071618705291710358177181
02005012809082002104791072219105311780353178175
02005012809082002107525075919805611830378187191
02005012809082002107625072519705281770351178173
02005012809092000107279082524505801920388197191
02005012809092000107701071519805171740343173170
02005012809102002100702069218005121600352172180
02005012809102002103896072720005271800347176171
02005012809112002100322065418304711590312155157
02005012809121999100555069317405191700349172177
02005012809121999105134064917004791560323159164
02005012809122002106494069618805081620346172174
02005012809122002107054069518505101630347173174
02005012809132001110184060518204231460277139138
02005012809132002107659076520405611890372185187
02005012809142002104496073319505381810357180177
02005012809142002104515072019205281770351174177
02005012809142002104517074419105531760377184193
02005012809142002106277067617505011620339166173
02005012809142002107605059915904401440296144152
02005012809151998104172076619105751840391196195
02005012809151998106182063615904771540323162161
02005012809152002100812064215504871580329164165
02005012809152002104520066917304961590337167170
02005012809152002104964071518905261740352188164
02005012809162001106882070118105201690351175176
02005012809162002102028074019105491760373182191
02005012809162002102852072418905351700365179186
02005012809162002104881069418305111630348175173
02005012809162002107130074819005581730385189196
02005012809162002107393077422805461890357184173
02005012809172000105594056214704151310284140144
02005012809182002102912066218104811600321161160
02005012809182002106715066017604841600324163161
02005012809192002100143080220605961920404200204
02005012809192002100235072219005321770355176179
02005012809192002100663073718905481740374184190
02005012809192002104615079521305821920390195195
02005012809192002107570070218105211680353179174
02005012809202000107279078423005541800374186188
02005012809202002100539074819705511760375184191
02005012809212002106254069319504981670331165166
02005012809402002102912052915503741320242125117
02005012809412002100993061716104561460310149161
02005012809412002103790000000004751530322157165
02005012809422000101562064016704731520321157164
02005012809422000106808075319805551780377188189
02005012809422000110195071319105221700352170182
02005012809422001100422066817404941580336165171
02005012809422001101723076120005611830378188190
02005012809422001103264068320304801510329157172
02005012809422002100260069617605201650355177178
02005012809422002100270067318204911600331165166
02005012809422002100369071117705341650369178191
02005012809422002100775066417804861540332164168
02005012809422002101104070519005151670348000000
02005012809422002101652069418405101690341167174
02005012809422002102812068218005021600342168174
02005012809422002103395074520005451770368192176
02005012809422002103566067717305041560348176172
02005012809422002103795074319305501870363188175
02005012809422002104075067318204911600331166165
02005012809422002104330069918305161680348172176
02005012809422002105045065916404951570338168170
02005012809422002105102000016600001570000169000
02005012809431997101487068718505021660336169167
02005012809431999101465093524306922260466236230
02005012809431999101671070217405280000000000187
02005012809431999106551067718104961580338164174
02005012809432000100154074619805481780370182188
02005012809432000106739072518605391740365180185
02005012809432001103931072919405351670368182186
02005012809432002100327068217005121630349167182
02005012809432002100385000000005471700377186191
02005012809432002100848069018205081660342169173
02005012809432002103059072118005411680373181192
02005012809432002103330073318805451730372184188
02005012809432002105683070418605181680350171179
02005012809432002110093064117004711510320152168
02005012809432002110235070718905181630355171184
02005012809441998101701064217004721560316162154
02005012809441999110018065417504791570322161161
02005012809442000101381000018300001740000178000
02005012809442000101607068319304901680322160162
02005012809442000102257064517904661530313154159
02005012809442000102582069717205251670358178180
02005012809442001101473071018205281680360186174
02005012809442001101736082221906031930410201209
02005012809442001103331066616904971590338170168
02005012809442002100647065217504771570320160160
02005012809442002100682067918004991580341163178
02005012809442002100939065017404761550321161160
02005012809442002106441071419205221620360174186
02005012809451998103606072518405411660375183192
02005012809451999106699067518204931600333159174
02005012809452000101526070218305191770342169173
02005012809452001110036069717805191640355173182
02005012809452001110061071318305301710359179180
02005012809452002102226063016504651490316152164
02005012809452002102472071319705161770339171168
02005012809452002102644069718305141640350173177
02005012809452002103546069817805201620358173185
02005012809452002104935071818405341740360180180
02005012809452002104967071718505321700362179183
02005012809452002106480066617004961550341165176
02005012809452002107307071519905161750341171170
02005012809452002110134067917505041580346169177
02005012809461999101046073521005251900335165170
02005012809462000101444071218105311670364179185
02005012809462000102427072019005301780352173179
02005012809462000110269070018405161660350174176
02005012809462001103382068619104951670328000000
02005012809462002100492072119005311720359176183
02005012809462002100559065416104931460347162185
02005012809462002100593081223405781960382192190
02005012809462002104863082722606012040397204193
02005012809462002105932072218605361720364179185
02005012809462002105983067816705111560355168187
02005012809462002110088065915905001490351165186
02005012809462002110167068116805131570356169187
02005012809471999106848076122105401860354179175
02005012809472000106438086823606322090423215208
02005012809472001103603068117705041650339166173
02005012809472002100096068917705121650347171176
02005012809472002100576070518105241760348175173
02005012809472002104444067317305001590341168173
02005012809472002106028070017905211690352176176
02005012809472002107128061515204631410322155167
02005012809481999109202057115104201300290137153
02005012809482001106981075819805601810379191188
02005012809482002101205087123906322110421208213
02005012809482002103785079720205951900405204201
02005012809482002103814087224106312120419207212
02005012809482002104570076220205601950365188177
02005012809502001100235072416805561700386191195
02005012809502002100666083223705952000395197198
02005012809502002102264072419205321720360177183
02005012809502002105350065916904901580332168164
02005012809502002106901071619605201720348173175
02005012809512000109416077421505591860373192181
02005012809512001105538065917704821580324161163
02005012809512002102370089022606642110453227226
02005012809522001107728070318405191680351178173
02005012809522002100487066916405051560349167182
02005012809522002100760069017305171660351171180
02005012809522002100962067318604871610326163163
02005012809522002101229060317504281420286141145
02005012809522002102159069419205021660336167169
02005012809522002102820068316405191610358172186
02005012809522002103960069918405151650350172178
02005012809522002104868000016500001550000162000
02005012809531997102792068418305011640337173164
02005012809531999104842053214803841240260126134
02005012809532000100128075519905561800376191185
02005012809532000105963074818905591750384189195
02005012809532001110083000020900001930000195000
02005012809532002101183067118604851600325161164
02005012809532002101986079121905721970375187188
02005012809532002103341070818905191690350173177
02005012809532002104226071119405171700347172175
02005012809541999104980099831006882340454227227
02005012809542000110156095428306712340437228209
02005012809542002104150085022906211990422196226
02005012809542002104330060916304461450301155146
02005012809542002105074070718905181660352177175
02005012809551997101487063816904691540315155160
02005012809551998106019063316704661530313152161
02005012809552000104164059715404431380305149156
02005012809552002100270062717704501540296151145
02005012809552002100530065617404821550327159168
02005012809552002101326000036000003170000345000
02005012809552002103226063616804681520316156160
02005012809552002103788000037500003200000345000
02005012809552002103854077622305531800373182191
02005012809552002104075062617704491540295152143
02005012809552002107232067315705161540362181181
02005012809552002110093062015504651440321154167
02005012809561998101701060216004421410301151150
02005012809561999101413068517605091590350170180
02005012809561999106551000000004501410309149160
02005012809562000100154064117004711520319159160
02005012809562000101381073018405461690377191186
02005012809562001101723073019205381690369185184
02005012809562001103931065217604761560320160160
02005012809562002100260065617004861520334161173
02005012809562002100385064516804771510326160166
02005012809562002100993062616504610000000000166
02005012809562002103059063216304691500319158161
02005012809562002103330064616804781520326161165
02005012809562002110235068718005071610346169177
02005012809571998110302070519905061690337167170
02005012809571999110002067318304901570333168165
02005012809572000101562061116304481460302148154
02005012809572000102582053814203961260270134136
02005012809572002100182067517405011610340172168
02005012809572002103790065516904861550331162169
02005012809572002103795068118005011610340171169
02005012809582000102689000018900001720000168000
02005012809582000110195069818005181690349171178
02005012809582001100422063715804791550324160164
02005012809582001103264069722104761550321154167
02005012809582002100627064719404531600293155138
02005012809582002100775061615904571420315153162
02005012809582002101145070719305141740340168172
02005012809582002101199077822405541780376193183
02005012809582002101699072919405351720363178185
02005012809582002102472058317804051380267134133
02005012809582002105683071118605251640361173188
02005012809582002107307057717704001390261133128
02005012809592001101473065517204831540329167162
02005012809592001106981072619505311720359178181
02005012809592002103769073119505361690367179188
02005012809592002103785088921506742330441220221
02005012809592002104684079018806022100392199193
02005012810001997103066000014800001320000140000
02005012810001999104398063017304571420315152163
02005012810001999109202051213503771180259126133
02005012810002000101526062315604671510316154162
02005012810002002103546069918205171630354172182
02005012810011999110237066118904721580314158156
02005012810012000102427063117304581560302144158
02005012810012000106739071217805341700364178186
02005012810012000110269068117605051620343169174
02005012810012001103382061716004571450312153159
02005012810012001110061069317305201670353171182
02005012810012002100593067818704911640327161166
02005012810012002100629070117805231660357174183
02005012810012002101784076320305601730387186201
02005012810012002101872067218504871650322166156
02005012810012002102644069217805141650349172177
02005012810012002102855078320905741830391000000
02005012810012002104444055914704121350277137140
02005012810012002104863069618205141680346171175
02005012810012002104935000017600001660000172000
02005012810012002104950073919905401760364179185
02005012810012002110134067016905010000000000179
02005012810012002110146066319004731580315161154
02005012810021999101046065817004881570331162169
02005012810022000103792067420104731590314157157
02005012810022001106561068218205001640336166170
02005012810022002102042065015704931530340168172
02005012810022002104116000000004690000000000160
02005012810022002105024000018200001540000162000
02005012810022002105533067517604991630336164172
02005012810022002106283068018304971550342166176
02005012810022002106480066116404971590338166172
02005012810022002107266064415704871470340166174
02005012810032000110243069018905011660335169166
02005012810032001103798079222005721940378194184
02005012810032002100561076321805451870358182176
02005012810032002100602074821305351840351180171
02005012810032002100621075621305431870356182174
02005012810032002101205080522105841970387192195
02005012810032002103814080422105831960387193194
02005012810032002110167062717804491480301149152
02005012810042000106438082021906011990402204198
02005012810042001110193068000000000000330169161
02005012810042002109227096525707082180490235255
02005012810052001100235073318705461790367183184
02005012810052001107728065717604811610320167153
02005012810052002102370090523106742130461229232
02005012810052002104868064916304861500336164172
02005012810052002105350070817105371740363184179
02005012810062000105169071618505311710360179181
02005012810062002102239071118805231690354175179
02005012810062002103960069018005101700340170170
02005012810072002101229058416704171400277141136
02005012810082000100128067817805001600340169171
02005012810082002100618072319105321710361181180
02005012810082002101986074619805481760372178194
02005012810082002102033058115604251420283143140
02005012810082002102907068819804901650325163162
02005012810082002103341069417105231610362173189
02005012810091999104980076121405471780369183186
02005012810092001110083078120305781780400198202
02005012810101999106551054814903991300269130139
02005012810102001106981076521305521830369182187
02005012810102002103854080122405771860391190201
02005012810111998101701060216004421440298148150
02005012810112002103785078619205941900404207197
02005012810121999101413066416305011530348165183
02005012810122000102689065217504771520325157168
02005012810122000106169067518404911630328163165
02005012810122001106919000017400000000000000000
02005012810122002101145065617804781530325159166
02005012810122002101699067118404871570330163167
02005012810132000106361000000000000000000000205
02005012810142001100231066718204851580327162165
02005012810142002100594068617805081650343172171
02005012810142002104882069418005141670347173174
02005012810151997103714065816204961530343172171
02005012810151998104176065216404881510337163174
02005012810152002103546069118205091630346169177
02005012810152002105024067917305061560350169181
02005012810152002105533067000000000000337167170
02005012810152002106283067417604981560342169173
02005012810162001103234072519205331770356182174
02005012810162002101264066017904811590322160162
02005012810162002110229069518505101700340168172
02005012810171998102156072421505091730336176160
02005012810172001103228067818104971590338166172
02005012810172001105359079521405811910390197193
02005012810172001106169063217204601470313149164
02005012810172002100300074922105281840344176168
02005012810172002102042069418605081690339172167
02005012810172002102632080922405851910394192202
02005012810172002104736061716604511490302152150
02005012810172002106703073922105181840334177157
02005012810172002110230066918104881560332164168
02005012810182001103599061716604511430308150158
02005012810182002102263067517505001600340169171
02005012810182002103574067417504991600339168171
02005012810191999103042065316904841480336166170
02005012810192002105989000016400001610000176000
02005012810201998105845074019105491760373186187
02005012810201999104298000017500001580000161000
02005012810202000103165083923506041960408212196
02005012810202000107235075219905531760377187190
02005012810202002105167073917905601800380197183
02005012810211999107403068717905081620346172174
02005012810212002103420061219004221430279143136
02005012810221999106997066917704921570335164171
02005012810222000107397065617804781590319161158
02005012810222002107137068818805001710329164165
02005012810252002100916058914104481320316152164
02005012810262001104242064915904901500340164176
02005012810262002107186065316304901530337165172
02005012810272002100497076020405561810375190185
02005012810272002103716076320105621830379192187
02005012810272002110203069218905031650338169169
02005012810282002101264067917705021570345171174
02005012810282002110229064317604671540313153160
02005012810291998104176066617604901560334171163
02005012810312001103228062016804521440308150158
02005012810312001106169060316604371370300138162
02005012810312002103476060817304351490286142144
02005012810312002104955088525506302100420213207
02005012810312002105383060817304351490286143143
02005012810322000103679067417904951600335168167
02005012810322001104303060920004091330276137139
02005012810322001105359073119705341770357177180
02005012810322002100976073518705481800368185183
02005012810322002103574059616404321360296148148
02005012810322002110230064017304671520315159156
02005012810331998106980082622406021960406207199
02005012810331999106109081621805981930405201204
02005012810331999106997065316904841540330163167
02005012810332000101532077221305590000000000189
02005012810332000103165083323106021920410208202
02005012810332000107397065417804761550321160161
02005012810332001103234068919204971670330167163
02005012810332002100703067216405081500358167191
02005012810332002101823095327206812450436222214
02005012810332002103797072919805311730358184174
02005012810332002105167069117705141590355163192
02005012810332002110250094927106782450433221212
02005012810341999103149069819904991700329165164
02005012810342000107235076620505611850376185191
02005012810342002103634072720005271770350175175
02005012810342002103789070818805201740346000000
02005012810342002109204083021706131950418210208
02005012810351999103690066017104891510338164174
02005012810352000101204082021606041970407204203
02005012810352001110277067618204941650329169160
02005012810352002101064068918005091670342172170
02005012810361998105845070318305201690351175176
02005012810362002100818072619505311730358179179
02005012810362002107405072319405291720357184173
02005012810372002105989068616605201550365179186
02005012810391998103395109828208162510565286279
02005012810402002101975000000005231680355172183
02005012810412002109166072318505381710367180187
02005012810422002100795067318004931560337166171
02005012810442000107263068917205171610356173183
02005012810452002100703066116005011550346167179
02005012810452002104450073319105421750367189178
02005012810461999100628074819005581770381192189
02005012810462000101532000000005691810388193195
02005012810462002102958071719005271650362179183
02005012810471998106980076721705501790371189182
02005012810471999106109072919305361620374176198
02005012810472000101407080520506001960404207197
02005012810472000107235070418605181690349175174
02005012810472002100677081921306061980408204204
02005012810472002100976070819305151680347175172
02005012810482000101204076319505681840384195189
02005012810482002103797080321705861980388198190
02005012810482002109204080221105911930398197201
02005012810502000107308073719805391780361184177
02005012810502001102633074119505461740372185187
02005012810502002101064065416804861560330166164
02005012810511999103690067116805031630340166174
02005012810532002101975067717105061610345164181
02005012810542002104902078321405691830386191195
02005012810542002106780076120605551850370183187
02005012810551998103395100125907420000000000263
02005012810572002100795060416304411420299154145
02005012810592000101532075519705581790379187192
02005012811002002102958068818904991660333163170
02005012811002002104450068518205031620341169172
02005012811012000101204074818805601850375185190
02005012811012000200032068821204761530323163160
02005012811012002109166068818705011710330167163
02005012811012002109204079521305821920390195195
02005012811021999106109069817905191540365158207
02005012811032000107308073820305351770358181177
02005012811042001102633073419805361750361181180
02005012811072000103028063800000000000000000000
02005012811081999106738069019204981650333162171
02005012811082002104902075521305421830359181178
02005012811082002106780076021005501860364187177
02005012811092000101357064017104691530316163153
02005012811102001103058072419905251720353178175
02005012811222002107269079920905901920398198200
02005012811262000101456073818305551740381192189
02005012811362001103073077420605681770391192199
02005012811372001103022096926207072270480233247
02005012811372002101564094623807082270481243238
02005012811372002107269084122506162040412203209
02005012811522001103073073219005421670375179196
02005012811522002101564093223406982190479242237
02005012811522002107269088423706472200427215212
02005012811532001103022104927407752490526265261
