12005012506581998100503077519605791920387000000
12005012506582000101285069500000000000361000000
12005012506582000101786078019505851940391202189
12005012506582000104266068717705101700340171169
12005012506582002102138072217105511750376190186
12005012506582002102194071517705381750363185178
12005012506582002105569070716605411760365184181
12005012506582002105972070818005281710357176181
12005012506591997105070070117005311650366183183
12005012506591998100696072121105101770333172161
12005012506591999104111070318105221800342173169
12005012506592000104983072718105461830363187176
12005012506592000105081065715205051660339170169
12005012506592001102405068117305081700338168170
12005012506592001102864073718205551810374188186
12005012506592001110211070500000000000363183180
12005012506592002100161074319105521910361186175
12005012506592002100914073119405371790358182176
12005012506592002101143000000005381820356176180
12005012506592002103323073418005541850369183186
12005012506592002103621074819305551820373184189
12005012506592002104370067716905081700338171167
12005012506592002104384074419105531910362187175
12005012506592002104393069419305011730328168160
12005012506592002104739074319305501880362183179
12005012506592002104854075418705671880379191188
12005012506592002106537074220405381810357180177
12005012506592002107073074420805361730363180183
12005012507001999106943069116905221720350177173
12005012507001999107050000000000000000315159156
12005012507002000101672064418104631580305156149
12005012507002000102148063616504711640307155152
12005012507002000103426072518005451790366182184
12005012507002001100132061415304611500311154157
12005012507002001101548064417104731580315157158
12005012507002001103305070500000000000356000000
12005012507002001103325079923805611950366184182
12005012507002001103344079424705471920355182173
12005012507002001103449062416304611570304157147
12005012507002002101804081920406152100405207198
12005012507002002104460065417404801650315157158
12005012507002002104872064817304751650310154156
12005012507002002106403080321705862040382194188
12005012507002002107226068517505101740336172164
12005012507002002107440073418405501790371182189
12005012507011998110093069418005141790335168167
12005012507011999101607068217905031640339169170
12005012507012000101603000000005942000394201193
12005012507012001103308072718005471690378189189
12005012507012002100853078822705612000361181180
12005012507012002100890067617605001680332165167
12005012507012002102030070817805301690361176185
12005012507012002102615069418105131700343174169
12005012507012002102976067316205111650346173173
12005012507012002104265070618505211710350169181
12005012507012002104781070217905231750348177171
12005012507012002106020069017705131700343173170
12005012507012002106408073119605351790356180176
12005012507012002106484000000005091720337169168
12005012507012002107053072019405261790347173174
12005012507022000101497066317304901610329164165
12005012507022000101585062215804641500314157157
12005012507022000103370074219805441800364183181
12005012507022000104062062115504661520314158156
12005012507022001105514070617605301760354179175
12005012507022001106157068500000000000347172175
12005012507022002100526067417105031650338167171
12005012507022002100727066318004831620321163158
12005012507022002101062067816605121690343171172
12005012507022002101490064516104841630321163158
12005012507022002102784075520105541920362184178
12005012507022002104803068317705061680338169169
12005012507022002107556069315205411640377185192
12005012507032001101385073619405421860356183173
12005012507032001102858067617305031650338171167
12005012507032002100022076318405791900389197192
12005012507032002101220086922706422140428214214
12005012507032002103579070818205261770349177172
12005012507032002105776079120405871970390199191
12005012507032002106016069117905121700342172170
12005012507032002106419078920105881920396200196
12005012507032002106824077019105791880391196195
12005012507041998106718073819305451870358182176
12005012507042000110105069017005201770343173170
12005012507042001100723070417605281700358183175
12005012507042001106147072718505421820360185175
12005012507042001106161074518405611820379193186
12005012507042002100773068317505081630345171174
12005012507042002105638069918905101710339165174
12005012507042002106893068717205150000000000177
12005012507051998101860073319505381760362183179
12005012507051999107052000000000000000000180000
12005012507052000105294072218105411780363183180
12005012507052001103035068918505041700334169165
12005012507052002100802075120505461840362181181
12005012507061999105955070118205191750344177167
12005012507062000100720073219705351780357190167
12005012507062000102044078320405791950384195189
12005012507062001100063067019104791600319157162
12005012507062001101899086022506352200415211204
12005012507062001105388071018305271680359172187
12005012507062002102753069718905081710337168169
12005012507062002103018070018605141680346173173
12005012507062002103149070218805141690345176169
12005012507062002103169067117204991610338168170
12005012507062002103614076320905541960358188170
12005012507062002104014085221906332170416210206
12005012507062002104617069117905121720340169171
12005012507062002107247068016105191640355178177
12005012507062002109020068418005040000000000169
12005012507071997103757074319105521780374186188
12005012507071998101308069217905131670346178168
12005012507071999107054070618805181710347174173
12005012507072000107414068716105261620364176188
12005012507072001110117066016005001660334169165
12005012507072002100319067816805101620348174174
12005012507072002104400069118505061700336169167
12005012507072002104533064316704761580318157161
12005012507072002106388070418505191770342173169
12005012507072002106417073719705401860354180174
12005012507082000101833068918505041640340169171
12005012507082000103795066416405001610339164175
12005012507082001106646068017105091660343171172
12005012507082002101051081422305912030388199189
12005012507082002101098077219705751850390186204
12005012507082002101300071818405341760358179179
12005012507082002102105074418405601800380180200
12005012507082002105674000019800001730000000000
12005012507082002109055069218105111670344169175
12005012507091996110148063017504551590296151145
12005012507091998100503000000005091710338172166
12005012507091998102528063316404691600309157152
12005012507091999103363068916105281590369180189
12005012507091999106804063117604551580297152145
12005012507092000101573072819305351800355178177
12005012507092000102258086623006362130423219204
12005012507092001102019084021506252010424210214
12005012507092002100463068916205271600367179188
12005012507092002100494063316804651570308158150
12005012507092002103669063916504741600314157157
12005012507092002107461062816004681520316000000
12005012507092002110179072116705541760378181197
12005012507101999100082000000000000000000000000
12005012507102000104056062014504751410334162172
12005012507102001100420069818705111720339168171
12005012507102001102352000000000000000000000000
12005012507102001110168073019605341750359180179
12005012507102002102138066216005021600342169173
12005012507102002102982071700000000000391197194
12005012507102002104726069217705151690346172174
12005012507111998102933000017200001620000163000
12005012507112000101786067217005021720330167163
12005012507112000107115073618805481800368185183
12005012507112001100116000000005240000000000172
12005012507112001102398066216205001710329166163
12005012507112001110116071818605321780354184170
12005012507112001110249070118505161730343172171
12005012507112002100942067416805061640342173169
12005012507112002102308068517805071650342168174
12005012507112002102809000018000001690000179000
12005012507112002102878066817204961680328166162
12005012507112002103209072018605341770357186171
12005012507112002105758000019100001790000167000
12005012507121999106525071218605261720354177177
12005012507121999106688063216604661540312152160
12005012507122000104983068217605061710335173162
12005012507122001100412065216504871600327162165
12005012507122002102194067117904921650327166161
12005012507122002102462078718805992050394198196
12005012507122002102903073318905441790365182183
12005012507122002103398073419005441790365000000
12005012507122002104447070719105161710345171174
12005012507122002104725069718105161720344172172
12005012507122002105569066316704961610335167168
12005012507122002106389072218405381710367178189
12005012507122002107095078818905992060393196197
12005012507131997105070070817205361690367180187
12005012507131998107259066917704921740318165153
12005012507132000106609071918305361770359179180
12005012507132001107034064417604681530315155160
12005012507132002101321067916105181630355172183
12005012507132002103592071419105231720351178173
12005012507132002107053067817605021610341171170
12005012507132002110094076120005611830378188190
12005012507141999106703067217804941640330165165
12005012507142000102308000017700001540000145000
12005012507142000110014065118704641560308156152
12005012507142001100237069619804981680330166164
12005012507142001100915089826906292190410209201
12005012507142001102864070217305291790350177173
12005012507142001103018065818104771640313157156
12005012507142001103325000000000000000332168164
12005012507142001103344000000004900000000000000
12005012507142001103416067817405041710333171162
12005012507142002100853070219205101730337171166
12005012507142002101804073219005421800362183179
12005012507142002102030069219205001690331165166
12005012507142002106403071719705201730347172175
12005012507142002106408072518805371870350178172
12005012507142002110191067717904981640334169165
12005012507151998100696068419504891640325168157
12005012507151999104206000000000000000347177170
12005012507152000101603081720606112050406208198
12005012507152001100266067217404981650333165168
12005012507152001100413071617305431760367190177
12005012507152001100513071619505211720349170179
12005012507152001101127074520105441800364189175
12005012507152002100724068718405031690334171163
12005012507152002101736066917404951640331164167
12005012507152002102256071917605431710372191181
12005012507152002102615067417405001690331167164
12005012507152002105141071218305291730356183173
12005012507152002106005071018005301750355178177
12005012507152002106020067417405001700330166164
12005012507152002106484070418405201720348173175
12005012507152002107362071018305271710356181175
12005012507161999100510076521205531840369182187
12005012507161999104146073518905461800366188178
12005012507161999104268079421905752100365195170
12005012507162000105171075119105601880372189183
12005012507162001101125072519105341810353176177
12005012507162002101059072718105461800366188178
12005012507162002101242073018005501800370186184
12005012507162002104633076620205641830381190191
12005012507162002107336072917705521810371187184
12005012507162002107556070015905411620379181198
12005012507172001102858067416905051660339169170
12005012507172002100370065917304861610325165160
12005012507172002102861067516805071690338170168
12005012507172002103048071619105251720353175178
12005012507172002104654071519005251790346175171
12005012507172002105366068618005061690337173164
12005012507172002105495069516605291660363178185
12005012507172002105839069617705191710348175173
12005012507172002106016067017104991620337169168
12005012507172002106893068217705051650340169171
12005012507172002107501071719105261720354176178
12005012507181999103960077919005891910398198200
12005012507181999104304067017704930000000000171
12005012507182000101497070618205241760348175173
12005012507182001100063071119505161670349172177
12005012507182002101434068117205091700339170169
12005012507182002102348078821105771970380196184
12005012507182002103355068317405091700339170169
12005012507182002103453074018505551800375197178
12005012507182002103614070119605051770328164164
12005012507182002103744079221205802000380195185
12005012507182002104625077820705711950376196180
12005012507182002105776073518905461850361183178
12005012507182002106077072618705391810358181177
12005012507191998104123069120304881790309165144
12005012507191998106718068418105031690334169165
12005012507191999106900064818304651590306153153
12005012507192000102766073420005341820352000000
12005012507192000103795067617305031630340165175
12005012507192000105294064517804671640303154149
12005012507192000107414063816904691620307157150
12005012507192000110170070220504971810316169147
12005012507192001103459070320205011710330172158
12005012507192001107446075321205411880353179174
12005012507192001107508075620405521860366188178
12005012507192002101006069720404931690324166158
12005012507192002101011066919004791720307159148
12005012507192002102022072420705171690348169179
12005012507192002102283073616905671850382187195
12005012507192002105185072921905101790331168163
12005012507192002105373061915704621530309153156
12005012507192002106124077620305731910382189193
12005012507192002106166072317805451730372180192
12005012507201997103757071217805341760358177181
12005012507201998101514065616004960000000000169
12005012507201999106730071518605291820347178169
12005012507202000101432071420705071850322168154
12005012507202000103767068217805041670337169168
12005012507202000103787000000000000000000000000
12005012507202000110105066916905001650335168167
12005012507202001103239074522105241840340172168
12005012507202001106161072617105551800375186189
12005012507202002101005070319505081870321169152
12005012507202002102567069419105031720331169162
12005012507202002103110068217605061660340170170
12005012507202002103169067717105061620344170174
12005012507202002106799066715105161570359176183
12005012507202002109055067916105181650353179174
12005012507211998101308066816205061570349171178
12005012507211998106117069817205261650361180181
12005012507212000102044068617505111700341175166
12005012507212000104428075019805521880364186178
12005012507212001100420068317705061660340166174
12005012507212001101899073019105391770362187175
12005012507212002100551070617805281710357185172
12005012507212002104014071717905381740364189175
12005012507212002110065063516104741530321156165
12005012507221999102020068216905131650348173175
12005012507221999103363067616805081630345172173
12005012507222000104046065416704871560331163168
12005012507222000107582072618205441800364184180
12005012507222001100587071218705251750350179171
12005012507222001106704073318605471760371187184
12005012507222002100463067616805081640344172172
12005012507222002101902067300000000000350172178
12005012507222002102593069418305111710340170170
12005012507222002103399066617904871710316160156
12005012507222002105674070218005221770345178167
12005012507222002107291068016005201680352174178
12005012507231999104209069617705191600359177182
12005012507232000110264067617305031640339170169
12005012507232001106765000017400000000000000000
12005012507232002101922072519705281730355182173
12005012507232002102105071917305461740372185187
12005012507232002102433072819905291720357183174
12005012507232002102858068717205151710344174170
12005012507232002102859072517805471900357188169
12005012507232002103179073419105431720371182189
12005012507232002104114069116305281710357174183
12005012507232002104316071817205461890357188169
12005012507232002110056074519405511820369190179
12005012507232002110114000000000000000000000180
12005012507241999102748075421705371910346175171
12005012507242000100158071318705261770349177172
12005012507242000102702074720205451810364180184
12005012507242000105277069718805091750334168166
12005012507242001106448078021505651980367188179
12005012507242002100516074620005461810365179186
12005012507242002100648071018305271800347176171
12005012507242002102867074118605551810374196178
12005012507242002104176067917805011650336000000
12005012507242002105259069617505211790342179163
12005012507242002105509068218604961700326168158
12005012507242002106885066516305021620340166174
12005012507251999106796067900000000000344173171
12005012507251999107004066216704951620333164169
12005012507252000106037077619505811890392197195
12005012507252002100830064316304801600320156164
12005012507252002102711066816705011630338167171
12005012507252002104943066818404841620322161161
12005012507252002107000068318804951680327162165
12005012507252002107244080521305921980394202192
12005012507252002107346068818605021650337167170
12005012507262001101705072119205291790350175175
12005012507262002100922068618305031690334166168
12005012507262002101153070718905181810337169168
12005012507271999100510063717104661490317158159
12005012507271999100956069518005151660349179170
12005012507271999101940071117805331700363181182
12005012507272000101483067416705071600347173174
12005012507272000104309064717504721610311158153
12005012507272000106609072918905401800360178182
12005012507272001100618058315304301430287144143
12005012507272002100778069918605131770336172164
12005012507272002104447065216804841600324160164
12005012507272002104725065216704851600325160165
12005012507281998104068070718605211770344173171
12005012507281999103691070018805121640348173175
12005012507282000106013068919604931650328162166
12005012507282002103816063616204741610313158155
12005012507282002103941065616804881610327161166
12005012507282002106005072418505391770362180182
12005012507282002110094074719505521820370186184
12005012507291998101821071018805221770345168177
12005012507292001100915073120505261760350175175
12005012507292001102452076419505691860383193190
12005012507292001110197070518805171830334177157
12005012507301997103670067818904891700319163156
12005012507301999103960000000005591840375190185
12005012507302000105171070017605241790345174171
12005012507302002100721072300000000000370186184
12005012507302002100809070917605331780355182173
12005012507302002103234069718305141700344172172
12005012507312000102698068716605211770344176168
12005012507312000106314069817105271730354178176
12005012507312001105253068917205171730344172172
12005012507312002101612075318005731830390189201
12005012507312002106010068718105061640342173169
12005012507322000101437067017404961650331161170
12005012507322000102263069518105141730341170171
12005012507322001107508074419705471840363184179
12005012507322002103275074520505401780362179183
12005012507331998101514066416205021610341167174
12005012507331999100735072719905281780350181169
12005012507332000102766066716705001650335168167
12005012507332000107386070717805291820347176171
12005012507332001107446073719805391830356180176
12005012507332002102022070419305111690342169173
12005012507332002106956071219805141790335174161
12005012507341999102020069117305181700348174174
12005012507342001104804071418905251680357175182
12005012507342001107831068516405211650356176180
12005012507342002105277071119405171710346169177
12005012507352000103767064617804681580310153157
12005012507352002100435074217605661820384187197
12005012507352002101457066614005261590367179188
12005012507352002103902073318605471840363180183
12005012507352002104391075518505701840386194192
12005012507352002107181068016905111660345171174
12005012507361999105793072018705331770356177179
12005012507362000101550065616604901590331165166
12005012507362000101657074921305361840352182170
12005012507372000106626075619305631890374000000
12005012507372000107650077519905761910385192193
12005012507372002105315075720705501990351185166
12005012507372002107175000000000000000000000000
12005012507381998110197069418005141680346171175
12005012507382000100397073117705541790375196179
12005012507382001104054061200000000000000000145
12005012507382001106369070817805301700360180180
12005012507382002105286069917005291700359178181
12005012507392000101483068116905121610351175176
12005012507392000104871062416104631510312153159
12005012507392001101014064115804831490334164170
12005012507392001105273073219305391740365187178
12005012507392002100822060914204671580309151158
12005012507392002101015066617704891650324165159
12005012507392002103601068219004921670325166159
12005012507401998104068069617805180000000000169
12005012507402001101705071018605241790345173172
12005012507402002102189069717405231610362184178
12005012507402002104899066817004981660332165167
12005012507402002105239067300000000000000000000
12005012507402002105253074019705431870356180176
12005012507411997104299069618705091760333171162
12005012507411999100956068618005061620344173171
12005012507411999103691067517205031660337170167
12005012507412000102884071420805061680338175163
12005012507412001106653069818705111720339172167
12005012507412001107097071817905391790360186174
12005012507412002100824062614104851550330166164
12005012507412002100832067717505021660336169167
12005012507412002102876072518505401780362177185
12005012507421999106959071619705191730346175171
12005012507422002102772066115805031620341170171
12005012507422002105971074019605441880356181175
12005012507431999101704072419905251770348172176
12005012507432001101415074418505591810378188190
12005012507432002100555075520005551900365185180
12005012507432002100913073920005391840355180175
12005012507432002101407073618705491730376182194
12005012507432002101739069516705281760352173179
12005012507432002102294074020005400000000000176
12005012507432002102811077720105761910385193192
12005012507432002103127063515804771550322160162
12005012507432002103163069216005321730359178181
12005012507432002104869076220005621910371188183
12005012507432002106013074718205651840381191190
12005012507441997103670066617304931670326165161
12005012507441999105140067717904981690329166163
12005012507441999106664068517905061670339169170
12005012507441999107131071519605191780341173168
12005012507442002103275069317105221730349174175
12005012507451999101880071519305221650357178179
12005012507452000106787070418705171580359175184
12005012507452001107559067917405051620343172171
12005012507452002100532075419805561790377187190
12005012507452002100777071118705241750349175174
12005012507452002100809069217905131720341170171
12005012507452002103300078919905901950395202193
12005012507452002105155065300000000000000000156
12005012507452002105158078919905901950395202193
12005012507452002105192071116805431730370187183
12005012507452002105796070818805201750345173172
12005012507452002105834069317805151660349172177
12005012507452002109051073017905511850366183183
12005012507461999106927071518605291800349177172
12005012507462000103889078220305791830396193203
12005012507462001102226062115104701490321150171
12005012507462001103334063515904761550321161160
12005012507462001104392074818405641900374194180
12005012507462001104804065116904821510331164167
12005012507462002100237068216105211620359177182
12005012507462002101285067916905101600350174176
12005012507462002102175071818405341740360180180
12005012507462002102885068216305191600359178181
12005012507462002102946069217805141640350172178
12005012507462002103649071918605331680365191174
12005012507462002104526069016305271610366188178
12005012507462002106548000000005151660349172177
12005012507462002106744073617705591890370192178
12005012507462002109125080121205892030386202184
12005012507462002110076064916904801580322155167
12005012507471999100735072319905241750349177172
12005012507471999105449067316705061630343178165
12005012507472001103175073718605511880363188175
12005012507482000110087065516304921650327164163
12005012507482002101457067815405241640360179181
12005012507492000105086071818405341760358179179
12005012507492001103710067116205091610348169179
12005012507492001106369067016505051600345172173
12005012507492002105996074219005521830369186183
12005012507492002106614070817905291750354174180
12005012507492002107345069318705061800326169157
12005012507501999103415072819105371810356181175
12005012507501999105793068417405101680342170172
12005012507502001103271075619205641850379193186
12005012507502001105028066417904851710314164150
12005012507502002100772075500000000000379193186
12005012507502002101336070619005161780338173165
12005012507502002102519076220505571910366187179
12005012507502002103051074022505151880327173154
12005012507502002105315074120305381910347178169
12005012507512000104871063900000000000316000000
12005012507512000106626070818505231770346175171
12005012507512002103294073220205301820348175173
12005012507512002107129000000005301820348176172
12005012507522000101394070118805131730340169171
12005012507522000106464071821105071780329168161
12005012507522000110113078422405601960364190174
12005012507522001107097068518105041760328168160
12005012507522002102189068816505231530370184186
12005012507532001101708071318605271770350177173
12005012507532002103085076120205591870372188184
12005012507532002107516075019205581850373188185
12005012507541999107573066517004951640331162169
12005012507542000101103000000005931980395200195
12005012507542000101218074119005511800371187184
12005012507542000104924067516305121670345171174
12005012507542001105273071118805231690354178176
12005012507542002102057076420105631860377185192
12005012507542002102484000000005391700369184185
12005012507542002105239068319704860000000000000
12005012507552001104227065816204961600336167169
12005012507552002101450068918205071700337170167
12005012507552002102326064717404731590314153161
12005012507552002102338064416204821520330164166
12005012507552002106293063816904691560313153160
12005012507561999101368071017805321810351178173
12005012507561999101852068517105141620352177175
12005012507562000106725071019605141760338171167
12005012507562000110217070818505231760347175172
12005012507562001103199076421005541940360184176
12005012507571999101940066216604961600336167169
12005012507572000104314070119405071750332167165
12005012507572001100238070420105031700333171162
12005012507572002100555000000005431860357183174
12005012507572002100913068918405051720333169164
12005012507572002102294069118505060000000000165
12005012507572002103300070618805181800338173165
12005012507572002104869071417105431820361186175
12005012507582000109106070617505311670364178186
12005012507582001102389061817004481620286149137
12005012507582001107735069118005111690342172170
12005012507582001110153061315004631480315155160
12005012507591996200003063015604741500324159165
12005012507592000106787064016404761530323163160
12005012507592002102278076521305521870365187178
12005012507592002102810067718604911680323165158
12005012507592002103126069617505211670354175179
12005012508001999101880072319105321650367184183
12005012508002001110196069318605071660341168173
12005012508002002100467065316604871530334161173
12005012508002002103857000000005511890362186176
12005012508012001105247069318005131720341171170
12005012508012002105996072718405431790364184180
12005012508032001100363064916604831580325158167
12005012508032002100188069817705211720349175174
12005012508032002100732066017004901630327164163
12005012508032002103540069417505191700349175174
12005012508041999103908067117404971660331167164
12005012508052001101708000000005041700334171163
12005012508062001103283065216504871590328162166
12005012508062001110192066916805011530348167181
12005012508062002100646071818305351820353178175
12005012508062002101540071818405341810353178175
12005012508062002110018063316204711570314158156
12005012508062002110213065316604871590328163165
12005012508071999101856067417604981650333167166
12005012508071999102590062315904641510313158155
12005012508072001106099065918104781690309150159
12005012508081999102072072619605301760354178176
12005012508082000101218073719505421790363182181
12005012508082000104443069819205061710335165170
12005012508082000106991073420005341860348176172
12005012508082002102057000000000001800000185000
12005012508082002105492070218505171740343172171
12005012508092001101671064616904770000000000162
12005012508092002110038067017704931600333171162
12005012508102002100774072118205391740365177188
12005012508102002102956068916005291690360177183
12005012508102002103860075219205601830377186191
12005012508111999101368072117205491720377186191
12005012508112002107516072919305361780358182176
12005012508132002103857064316704761630313161152
12005012508142002103241068000000000000351176175
12005012508182002107179070615805481610387192195
12005012508242002100157070618005261720354178176
12005012508252002109034071018605241720352177175
12005012508262000100106073220005321850347175172
12005012508262000103344063515604791500329162167
12005012508262000105531065619004661740292000000
12005012508262000110259068917405151660349171178
12005012508262002101898068718005071680339170169
12005012508272000104011000000005211750346175171
12005012508272000104381066217104911640327164163
12005012508332001100592068717805091700339172167
12005012508332002103847061815904591550304160144
12005012508472001100592068917905101710339173166
12005012508482002102786073219205401860354186168
12005012508482002104155073418705471810366185181
12005012508502001101840069817405241680356179177
12005012508502001107092065215504971610336164172
12005012508502002109032070518405211650356179177
12005012508532001100499065217604761700306157149
12005012508532002103654066016504951600335166169
12005012508532002105340065515904961610335166169
12005012508532002107253077920305761910385193192
12005012508541998104394066018704731600313157156
12005012508542001102442069017005201710349174175
12005012508551999105586071416805461760370186184
12005012508552001103461065417604780000000000145
12005012508552002106007068419804861900296157139
12005012508562000106503066116904921560336163173
12005012508562002100164070920605031680335168167
12005012508562002104328074921105381890349181168
12005012508572002102698082920106281970431215216
12005012508572002106706082119606251980427214213
12005012508572002107204067616805081740334171163
12005012508582000103686065319304601530307150157
12005012508582000106882061416504491490300154146
12005012508582002103147071218805241830341174167
12005012508592002102252069418005141700344174170
12005012508592002104087069219005021710331167164
12005012508592002106888067217504971620335168167
12005012508592002107123000000005201700350173177
12005012509002000101522063716304741620312158154
12005012509002001102320070818605221720350179171
12005012509002001103456063915804811560325164161
12005012509002001103985068817205161610355177178
12005012509002002102288074019805421870355176179
12005012509002002103145069116505261690357175182
12005012509012002102465064316404791600319160159
12005012509012002102627065716704901550335163172
12005012509022002101866062516504601560304151153
12005012509022002106729062716804591550304150154
12005012509022002110004061816204561540302149153
12005012509031998103242000021200001830000169000
12005012509032001101840000000005021610341173168
12005012509032001102150069516805271700357177180
12005012509032002101051068816905191660353173180
12005012509032002105356072417705471800367188179
12005012509032002107644070717305341740360179181
12005012509032002109032066618204841620322159163
12005012509042001107092066316704961630333165168
12005012509042002104819068515805271670360185175
12005012509052002103465072819205361750361180181
12005012509052002103674072519005351760359178181
12005012509062002102119066916805011660335169166
12005012509062002104744072218905331750358180178
12005012509072001106642071619705191790340172168
12005012509091999110065063516304721490323160163
12005012509092001103609069316805251740351177174
12005012509092002103268068317005131640349171178
12005012509092002103812080119206091910418208210
12005012509092002106061074518905561820374192182
12005012509111999101475068517705081680340168172
12005012509112000110173071620305131820331172159
12005012509112001103413000000005131780335174161
12005012509112001103812063718804491570292151141
12005012509112002100839065119504561580298150148
12005012509112002102749069918805111720339167172
12005012509112002103413068517405111650346176170
12005012509112002105673067317404991620337171166
12005012509112002109418065616404921630329164165
12005012509112002110149066418104831610322163159
12005012509122002102252068717905081710337170167
12005012509122002102334068818904991630336172164
12005012509122002106888065817204861580328164164
12005012509131999101943066517404911660325168157
12005012509132000103614073420605281850343173170
12005012509132000110229066115305081610347172175
12005012509132002102288070617905271740353174179
12005012509132002106129065216504871610326164162
12005012509142001100125065816804901630327163164
12005012509142001101248068118404971640333167166
12005012509142001102320061815604621480314154160
12005012509142001104981070917405351750360179181
12005012509142002101373074118005611800381190191
12005012509152002102658067015305171600357176181
12005012509152002105628068218804941680326166160
12005012509152002105630070618205241750349181168
12005012509161999104283065600000000000337164173
12005012509161999104693068917705121750337169168
12005012509162000104258063818504531600293154139
12005012509162002104819071618305331730360176184
12005012509172000103623065817404841630321163158
12005012509172001102150068217405081640344170174
12005012509172002100535062116504561530303152151
12005012509172002106886067917105081650343172171
12005012509182001106642068218005021700332169163
12005012509182002102925075018405661830383189194
12005012509182002104036089523506602290431217214
12005012509192001109047068918605031720331168163
12005012509201999100379000000004931570336165171
12005012509202001103814068415805261550371179192
12005012509202002103311064915504941620332167165
12005012509202002106061000018300001790000183000
12005012509211997105426081920806112010410211199
12005012509212000100592073718305541860368191177
12005012509212002103250065916904901590331167164
12005012509212002105140067016505051670338175163
12005012509222002103268066416804961580338171167
12005012509222002106393071718005371690368180188
12005012509232000101545067117704941620332166166
12005012509232000105123066817704911630328163165
12005012509232001105109070718705201690351176175
12005012509232002105173069317905141680346174172
12005012509232002106272069318105121720340175165
12005012509241999101943068818505031680335169166
12005012509242000101650072719405331830350183167
12005012509242001109141072619705291780351175176
12005012509242002100852072719805291810348178170
12005012509242002106230066617104951660329163166
12005012509242002106832071819305251730352175177
12005012509251998103263000000005101660344172172
12005012509251998110263069417205221710351177174
12005012509252002102324065917504841560328166162
12005012509252002107326070817905291800349178171
12005012509262001103232063818404541590295151144
12005012509262002100089069818605121690343172171
12005012509262002101092064917104781590319161158
12005012509262002101290073118105501780372187185
12005012509262002102063066515905061610345172173
12005012509262002103232064517004751590316160156
12005012509262002105523065316104921550337165172
12005012509262002106011065417004841620322164158
12005012509271998107103066917104981590339169170
12005012509272000110133067218504871690318163155
12005012509272000110229065415904951590336168168
12005012509272002100994068017705031680335168167
12005012509282000102119066017104891650324164160
12005012509282000107264063314904841560328166162
12005012509282001104489065716704901570333166167
12005012509282001104981070117905221740348176172
12005012509282001105010066416804961590337168169
12005012509282001107478068418704971690328167161
12005012509282001110155063815204861450341167174
12005012509282002102658065315604971590338164174
12005012509282002103542066716804991590340168172
12005012509282002106129066117104901630327162165
12005012509282002106886068918005091720337173164
12005012509291998200020074020305371760361181180
12005012509291999104693000000005441810363182181
12005012509292001103966065217404781580320164156
12005012509292002101373071417905351750360181179
12005012509292002110159072920805211810340175165
12005012509301998106944063716304741590315156159
12005012509301999103092066217004921640328168160
12005012509301999104912000000005131700343173170
12005012509302001110052073019405361740362181181
12005012509312000105030068816305251700355180175
12005012509312001101865061917404451570288144144
12005012509312001107191068818605021690333170163
12005012509312001107193075119705541810373187186
12005012509312002100154063716004771530324155169
12005012509312002107238070217705251730352176176
12005012509321997106334071118405271760351176175
12005012509322002102548070318605171700347174173
12005012509322002102700069017305171680349168181
12005012509322002102773068317405091720337171166
12005012509322002105038066316404991660333166167
12005012509322002107328069117005211620359178181
12005012509332001103814069316605271610366180186
12005012509332002103264071317605371740363181182
12005012509332002103311064715404931550338166172
12005012509332002103541073217805541810373188185
12005012509342000107363072019605241750349177172
12005012509342002101793067018404861670319163156
12005012509342002107106070118505161700346171175
12005012509342002110173070618305231700353174179
12005012509351997110106071600000000000369183186
12005012509352000100592000000004881640324163161
12005012509352000101634070018905111600351170181
12005012509352002102162062714804791470332157175
12005012509352002102808067215905131630350172178
12005012509362001102129069717805191690350177173
12005012509372000105991068517105141570357166191
12005012509382001100525069416905251700355177178
12005012509382001102358062417004541560298153145
12005012509382001105617073019605341850349000000
12005012509382001109141077119905721930379191188
12005012509382002102335071918405351750360184176
12005012509382002106832077520305721920380192188
12005012509392001100751068417105131660347174173
12005012509401998107103066617104951610334169165
12005012509402000106216067918604931660327163164
12005012509402000109458066216304991700329171158
12005012509402001103335067717605011680333170163
12005012509402001105163069117605151740341171170
12005012509402002105523062416304611480313147166
12005012509412001104077067715905181600358176182
12005012509412001106298072418305411700371000000
12005012509412002100093072219505271780349178171
12005012509412002110007000000005961930403200203
12005012509432001106425070018505151710344174170
12005012509432001109376069117805131730340175165
12005012509432002100911068717005171730344171173
12005012509432002106439064816304851570328162166
12005012509442000105030067617005061660340174166
12005012509442001101563068518105041700334177157
12005012509442001104630070118205191690350173177
12005012509442002102739065617904771570320158162
12005012509442002109092069817105271700357180177
12005012509451997106334069917705221750347174173
12005012509451998110230084522106242160408214194
12005012509452001107191066617404921610331000000
12005012509452001107193073600000000000371186185
12005012509452002100699068017905011730328168160
12005012509452002101782068618305031660337170167
12005012509461999106144075120005511910360180180
12005012509462002104927070617205341700364181183
12005012509462002107238071318205311720359177182
12005012509472000101634065116104901510339164175
12005012509472002101083070319905041680336170166
12005012509472002103220065717104861610325166159
12005012509472002103921064916504841590325166159
12005012509482001106931059714304541390315151164
12005012509482002106895000000000000000298152146
12005012509491997105975070120404971680329169160
12005012509491999105351066517404911630328000000
12005012509492000101449000000000000000320161159
12005012509492001102677065500000000000336169167
12005012509492002102274070118705141680346172174
12005012509492002106012062515904661570309159150
12005012509492002106559065916004991570342169173
12005012509501999106836000000004421630279000000
12005012509502000101492058116004211370284138146
12005012509502001105655000000004431430300149151
12005012509502002102865066017804821570325165160
12005012509502002106258064016404761610315156159
12005012509502002107153069419904951720323161162
12005012509502002110124063715904781470331159172
12005012509502002110147059516304321470285144141
12005012509512000106580066217004921620330167163
12005012509512000110018065617404821620320000000
12005012509512001102129068218604961670329167162
12005012509512002100924062216704551560299152147
12005012509512002101521066317904841610323165158
12005012509512002102407071218605261720354172182
12005012509512002103204063916304761580318161157
12005012509512002107260061515604591480311155156
12005012509521998102707067617704991680331168163
12005012509521998104636067317504981650333166167
12005012509521999104205061015304571480309154155
12005012509521999106735068017205081690339171168
12005012509522000102269064516604791610318160158
12005012509522001100751066816305051600345167178
12005012509522002103214066717504921620330166164
12005012509522002103792065317304801580322161161
12005012509522002104904069718105161570359173186
12005012509522002106227068417505091670342171171
12005012509532000105078000000004811580323164159
12005012509532002102412064515804871560331167164
12005012509532002103217065317304800000000000155
12005012509532002105180067017804921630329166163
12005012509541996100319074519805471820365185180
12005012509542001101743067117005011590342166176
12005012509542002100192071220205101740336170166
12005012509542002100476066917504941640330170160
12005012509542002101431065217004821610321162159
12005012509542002101980067016405061690337168169
12005012509551998110292068620404821710311163148
12005012509552002100093068418205021680334167167
12005012509562002103409067800000000000346177169
12005012509571994103680065417804761550321165156
12005012509572001109376066017904811660315163152
12005012509572002104007070216805341680366177189
12005012509581999103801065516004951620333165168
12005012509582001107789069217505171670350176174
12005012509582002104445065717704801630317159158
12005012509582002109177065217404781610317159158
12005012509592002101648073519505401750365180185
12005012509592002105328075519605591820377189188
12005012509592002106400060215704451510294151143
12005012510002001104868068017005101680342172170
12005012510002002103220066817104971650332168164
12005012510012000105537072919705321760356181175
12005012510012000110192068917105181720346174172
12005012510012002104849071319105221750347176171
12005012510012002105689065315804951590336168168
12005012510012002106046065515904961580338169169
12005012510012002107008071118705241770347173174
12005012510012002109114059814904491430306150156
12005012510031997105975067220704651460319154165
12005012510031999102057000000000000000000000158
12005012510031999107096000012900001250000134000
12005012510032001102591064916404851630322165157
12005012510032002100965065116304881580330167163
12005012510032002102923061016004501510299152147
12005012510032002104156061816104571500307155152
12005012510032002109123063216104711590312158154
12005012510032002109296069218305091730336175161
12005012510032002110210064916304861610325163162
12005012510042000103018064717204751630312161151
12005012510052002110139061215304591470312154158
12005012510062002100940062917004591540305155150
12005012510062002102670062817004581530305156149
12005012510062002103803065017404761540322160162
12005012510062002106012067719104861660320165155
12005012510062002106089064717204751540321159162
12005012510072001110247069619005061710335168167
12005012510072002101816071219505171700347175172
12005012510072002104301071219405181720346174172
12005012510072002104793072318805351740361187174
12005012510082001100324068318504981710327170157
12005012510082001100888068617005161610355172183
12005012510091999101659063817904591570302153149
12005012510092002101533066717904881650323166157
12005012510092002106710065217704751620313156157
12005012510102001105661066016604941590335168167
12005012510112001105506064216504771590318163155
12005012510112001106225065200000000000320165155
12005012510112002110124059614604501410309145164
12005012510122001107330073319005431810362186176
12005012510122002105317072119805231910332173159
12005012510122002105992074219405481800368183185
12005012510132002105328076820305651860379191188
12005012510142002105689066116804931620331168163
12005012510142002106046066116804931620331168163
12005012510162002106026064716004871570330165165
12005012510182001102532060615104551490306152154
12005012510182002101905066517104941680326164162
12005012510182002102279064717204751590316156160
12005012510191999105540074721005371850352179173
12005012510192001101001064415904851620323166157
12005012510192001103297067617704991690330164166
12005012510192002103382067417405001650335169166
12005012510192002103591069917505241670357175182
12005012510192002106074068218604961670329167162
12005012510212000100514069216905231680355175180
12005012510232002105317073720205351920343180163
12005012510262002105559065317504781610317158159
12005012510262002106026057815804201380282141141
12005012510292002100849067817904991670332167165
12005012510302001106703070117905221740348175173
12005012510311999105540074721105361840352181171
12005012510312002103591069617605201690351174177
12005012510312002107444067516105141610353171182
12005012510332002102291075620005561890367188179
12005012510342000102372066016804921650327169158
12005012510342002102039075620005561890367187180
12005012510382001110275063416104731510322159163
12005012510442001100551072019205281810347177170
12005012510442002110033070517805271730354179175
12005012510451999107236069417205221710351178173
12005012510512002104916075120905420000000000176
12005012510542002103118069016605241740350175175
12005012511022001106095060016104391450294144150
12005012511022002100938061916304561500306153153
12005012511022002110204070018705131730340178162
12005012511031998104051063016304671570310158152
12005012511031998105844062814804801500330161169
12005012511072002103091066417004941620332166166
12005012511142002104076069518405111700341168173
