02015062804292009105710062715704701520318159159
02015062804292009105804056515304121410271135136
02015062804292009105899059916104381550283145138
02015062804292010100190061515204631500313157156
02015062804292010103676056215304091390270134136
02015062804292010104270061015704531540299149150
02015062804292012102949058215104311390292146146
02015062804302010100627077218305891860403198205
02015062804302010109140072618805381820356177179
02015062804302011106345060314804551550300149151
02015062804302012100729071618705291830346177169
02015062804302012101072060914904601530307147160
02015062804302012101380061015404561550301154147
02015062804302012102552060216104411540287149138
02015062804302012104683078219305891890400194206
02015062804302012106112059415204421510291150141
02015062804312009104724055714404131390274136138
02015062804312012101132058615404321410291154137
02015062804312012102180072317605471730374182192
02015062804312012102304072918405451810364185179
02015062804312012102453074517605691830386193193
02015062804312012103017055314904041340270129141
02015062804312012103815057216004121380274132142
02015062804312012104567075019505551850370188182
02015062804312012105148059115704341470287145142
02015062804312012105799063517604591550304156148
02015062804312013100722065416504891650324166158
02015062804312013101695074218805541840370188182
02015062804312013104515066015705031520351175176
02015062804312013104516063017404561530303156147
02015062804312013104998069517705181730345172173
02015062804312013109087066116105001570343171172
02015062804322011104347074918705621870375191184
02015062804322011109012079817706211830438204234
02015062804322012100309072418105431860357186171
02015062804322012100957069418305111780333163170
02015062804322012102448075319505581900368181187
02015062804322012102930075919705621930369181188
02015062804322012103033059716604311530278144134
02015062804322012104055061416404501560294147147
02015062804322012105243075619505611910370185185
02015062804322012105782075119605551870368185183
02015062804322012105841074820405441840360179181
02015062804322013100645062316204611620299150149
02015062804322013102236070817705311790352178174
02015062804322013102522071317905341780356183173
02015062804322013102916076220205601890371185186
02015062804322013104675071218405281800348175173
02015062804322013105569071417805361800356178178
02015062804332007100476077118405871850402198204
02015062804332011104205076118205791820397193204
02015062804332012100177076819405741940380193187
02015062804332012102714076018205781820396194202
02015062804332012105914075718405731770396195201
02015062804332013100691074817705711800391188203
02015062804332013100894078019405861920394196198
02015062804332013101084077219305791900389196193
02015062804332013101481078419205921890403200203
02015062804332013101902077018405861820404202202
02015062804332013102498079919506041860418207211
02015062804332013106143079219206001890411202209
02015062804342009101903072918005491750374187187
02015062804342010101947059215004421520290143147
02015062804342010104050068217905031720331168163
02015062804342010104458071418105331820351176175
02015062804342012104056068516905161740342174168
02015062804342012104273060215104511550296149147
02015062804342012104314072318205411820359178181
02015062804342012104360059515004451490296147149
02015062804342013103806076018205781890389194195
02015062804342013104869076218205801890391194197
02015062804342013109177074518705581830375191184
02015062804352011110005078818806001880412201211
02015062804352012104838068817505131700343172171
02015062804352012105079076219505671870380190190
02015062804352012105850075118105701860384195189
02015062804362012100195070917405351840351179172
02015062804382012104059059615204441550289150139
02015062804382012104737057314604271470280145135
02015062804382012106165058415204321510281146135
02015062804392010104032072218805341820352178174
02015062804392011100796078819705911970394201193
02015062804392012104026072719505321980334173161
02015062804392012105407078620005862120374191183
02015062804392012109113062915804711700301156145
02015062804392013104456072318605371830354179175
02015062804392013104464073218705451810364182182
02015062804392013105432072018705331810352179173
02015062804392013105512082120006211960425218207
02015062804392013106105081020106091900419212207
02015062804402012103574066816105071690338169169
02015062804402013105572069615305431730370176194
02015062804412011102536079820705911980393197196
02015062804412012103590088622106652240441221220
02015062804412013100062082720706202070413205208
02015062804412013102345059215004421460296145151
02015062804412013102529059915104481450303147156
02015062804412013103496060115304481470301146155
02015062804412013104061059315104421460296144152
02015062804412013106296089421606782210457227230
02015062804422009105732067416705071710336168168
02015062804422010103884070216205401710369188181
02015062804422011103906069316405291780351174177
02015062804422013100069077019805721970375189186
02015062804422013104062073917405651840381193188
02015062804422013105199074818805601830377190187
02015062804432011104781077218505871900397196201
02015062804432012100729068719104961740322158164
02015062804432012104567068717405131760337172165
02015062804442012103503076920305661930373198175
02015062804442013105065061915804611600301153148
02015062804442013109055062215904631590304155149
02015062804452012110005061015604541430311150161
02015062804452013103867068618804981820316160156
02015062804462009106051063417604581580300150150
02015062804462012100280077518805871920395193202
02015062804462012103599077618505911920399191208
02015062804462012104762060715704501490301152149
02015062804462012105684059314304501460304150154
02015062804472008105840074918905601820378189189
02015062804472010102379059815904391460293149144
02015062804472011103519059615604401460294148146
02015062804472011104347057714704301480282138144
02015062804472012102930059216104311480283140143
02015062804472012104293071719805191860333173160
02015062804472012105782060516004451540291149142
02015062804472012105841057514704281480280137143
02015062804472013100622073819605421840358186172
02015062804472013102565076319905641860378189189
02015062804472013102916060015904411540287146141
02015062804472013105452073119905321900342178164
02015062804472013109177057915904201390281144137
02015062804482012100309070918905201820338174164
02015062804482012102448071618705291740355183172
02015062804482012103640078918306061840422202220
02015062804482012105243071718105361780358182176
02015062804492012102341069618105151640351169182
02015062804492012105222056314704161380278137141
02015062804492012105258056815104171380279138141
02015062804502009101903067517205031690334174160
02015062804502012105079065317004831670316161155
02015062804502012106414062916704621600302152150
02015062804502013101289063416704671580309154155
02015062804502013103806072219205301860344182162
02015062804502013104869072219205301850345182163
02015062804522011103191062314904741530321156165
02015062804522013103162073416705671850382191191
02015062804542009105854063015804721670305153152
02015062804542010104032056415504091380271136135
02015062804542011102201068217505071710336172164
02015062804542013104429075018905611830378190188
02015062804542013104456068217205101680342172170
02015062804542013104464058916204271420285140145
02015062804542013105432059116404271410286141145
02015062804552010110013069716105361650371186185
02015062804552011105161076518505801810399194205
02015062804552013102689069018205081660342173169
02015062804562013102966066315205111530358168190
02015062804572011106573059415504391520287147140
02015062804572012100598068117305081700338171167
02015062804572012100711058315204311440287149138
02015062804572012103635060315304501490301149152
02015062804572012104228068017205081720336172164
02015062804572013100121083221406182030415215200
02015062804572013102117075019005601840376184192
02015062804572013103879075718205751890386197189
02015062804572013104217075418405701820388190198
02015062804572013105038075217805741800394191203
02015062804582011101189076718505821860396195201
02015062804592011102851060617104351490286144142
02015062804592012102401061216804441500294145149
02015062804592012103881099424107532430510255255
02015062804592012103962074018605541790375187188
02015062805012009106449060615004561500306157149
02015062805022012101913078819605921970395199196
02015062805022012103028072918205471680379180199
02015062805022012104309076819805701950375184191
02015062805022013102985077318505881850403199204
02015062805022013103672081919606231970426209217
02015062805022013104492081719606211940427209218
02015062805042008106386077619605801900390191199
02015062805042010103195078019605841920392191201
02015062805042012100048081922905902060384196188
02015062805042012102985077519105841880396195201
02015062805042012110006080119406071920415206209
02015062805052011101699077118505861860400200200
02015062805052012104118080119706042000404204200
02015062805052012105348069417005241660358171187
02015062805052012106206078218206001870413193220
02015062805052013101267081720406132020411214197
02015062805062012103375080518906161950421204217
02015062805062013102830080418606181950423207216
02015062805072011109004065415904951610334169165
02015062805082012101147073819105471860361182179
02015062805082013102967066116404971630334163171
02015062805082013105454079719706001970403204199
02015062805092011109108072218105411760365185180
02015062805102010102446073919305461910355180175
02015062805102012105490069818405141770337173164
02015062805102013103689074218305591820377186191
02015062805102013103771071018305271810346182164
02015062805112010101972078419505892010388197191
02015062805112012101612061316004531480305155150
02015062805112012103176059115804331420291146145
02015062805112012110110058915504341450289144145
02015062805122009103716074719105561860370188182
02015062805122012101802073117905521760376185191
02015062805122012104228058214704351460289144145
02015062805122012105663066316105021650337172165
02015062805122013100121066516005051610344171173
02015062805122013104543068116605151690346181165
02015062805132012100598061114604651490316150166
02015062805142012104320073717605611820379183196
02015062805152012102964064117204691620307163144
02015062805162012100048074921105381920346175171
02015062805182012106206069517205231600363173190
02015062805192009105148077820605721920380192188
02015062805192011100960068217405081670341175166
02015062805192013105381073018805421790363187176
02015062805192013105594072318505381820356182174
02015062805212013102344074817605721760396191205
02015062805212013102833075617905771810396185211
02015062805212013105021076517805871840403194209
02015062805212013109129080018206181930425209216
02015062805222010100460072118205391800359182177
02015062805222010102449059915104481540294150144
02015062805222010106519070116705341750359183176
02015062805222011103136059515204431500293150143
02015062805222012100287059715304441540290147143
02015062805222012101149073819005481860362180182
02015062805222012102976057213304391390300141159
02015062805222013100218072517905461810365185180
02015062805222013106042072517905461820364185179
02015062805232012104808076518405811970384197187
02015062805242009103716070717905281790349177172
02015062805242010101972069116705241660358178180
02015062805242010102446073619305431850358181177
02015062805242012101147062917304561600296150146
02015062805242012101802068816505231650358172186
02015062805242013105454062517304521570295150145
02015062805312012103208071218105311940337179158
02015062805322012100413060917004391500289145144
02015062805322012103644060216504371500287146141
02015062805332011100960057815404241370287143144
02015062805332013105381059215604361420294149145
02015062805332013105594059215404381450293148145
02015062805372011103508072717305541850369185184
02015062805382011102048071218305291790350176174
02015062805382011103251079119605951990396198198
02015062805382013100384074917405751740401195206
02015062805382013103890070216905331650368174194
02015062805382013105054074517305721780394189205
02015062805382013105421075317505781800398193205
02015062805442008100571060614704591590300152148
02015062805442012104157075218205701860384195189
02015062805472012100236076817305951960399196203
02015062805512011102048060215304491500299147152
02015062805522009100687071417905351780357181176
02015062805532012104532072417705471800367185182
02015062805562012101579081021105991960403200203
02015062805572011100013066416904951720323162161
02015062805572011104090067217304991620337164173
02015062805572012103095061115204591530306152154
02015062805572012105213060215004521540298149149
02015062805582010103681074117305681820386194192
02015062805592012101066071117505361720364182182
02015062805592012103689073517805571770380184196
02015062805592012105092073018005501800370182188
02015062805592013100787072118505361740362179183
02015062805592013100795072718105461780368177191
02015062805592013102097072717505521810371189182
02015062805592013104618074417605681830385201184
02015062805592013105148072217905431740369178191
02015062806002012100787067517105041740330171159
02015062806012010100831070618305231800343174169
02015062806012013104868075018105691850384185199
02015062806012013105191075218405681820386189197
02015062806022009100687064016804721670305155150
02015062806022012101106071818305351780357178179
02015062806032012101491075417805761860390194196
02015062806032012106154073018105491790370181189
02015062806032013101698076918805811900391199192
02015062806032013102194075118405671780389185204
02015062806032013103368075118105701810389186203
02015062806042012100331072818705411820359182177
02015062806042013100549074218505571840373190183
02015062806052009104661074619505511820369187182
02015062806052012104294073918905501790371184187
02015062806052012109097074418705571780379185194
02015062806052013100096075619005661780388191197
02015062806052013100103076119005711770394195199
02015062806052013100413079019105991940405207198
02015062806052013106366073417705571770380181199
02015062806062009100374060416804361470289146143
02015062806062011104144079420805861990387198189
02015062806062012104786060616504411530288145143
02015062806072009101967076119105701890381191190
02015062806072012101334070218705151740341173168
02015062806072012102848071118205291740355174181
02015062806072012102855069617305231740349179170
02015062806072012104470061018304271410286142144
02015062806072013104687074818805601880372189183
02015062806072013105106074119005511850366183183
02015062806092013104713068417205121670345176169
02015062806092013105687068517305121670345174171
02015062806102010101017070716705401720368176192
02015062806102011104783073019205381780360182178
02015062806102012103950067815605221690353171182
02015062806102012106373072618505411810360185175
02015062806102013104552074818205661820384186198
02015062806102013106312073017505551740381187194
02015062806102013106351074817305751760399187212
02015062806112012101579071617605401760364182182
02015062806122010104158063417104631630300149151
02015062806122011100418070617805281770351177174
02015062806122012101525063017104591570302156146
02015062806122012104331063317204611580303158145
02015062806122012104767065317204811650316159157
02015062806132007102972060715804491410308143165
02015062806132011110039067220404681610307151156
02015062806132012105254078018905911890402201201
02015062806132013100381077618905871850402203199
02015062806132013100937077618905871870400200200
02015062806152012100721061716104561600296154142
02015062806152012102852060015704431490294145149
02015062806162012104769075619005661920374180194
02015062806162013100435080220305992060393211182
02015062806162013101414081721406032080395209186
02015062806162013102179074918205671800387191196
02015062806162013104076081418806262070419218201
02015062806182013100791085422806262250401208193
02015062806192011106191069818105171760341170171
02015062806192013101526071918005391810358177181
02015062806192013103781069817505231740349171178
02015062806202009106444071919805211760345173172
02015062806312008101952066317404891660323156167
02015062806312012103117073117505561720384184200
02015062806322013103673071217905331820351180171
02015062806322013103781072118105401770363181182
02015062806332011101005077819705811890392195197
02015062806362011103423068917205171670350169181
02015062806362012100793069316505281690359179180
02015062806362013103961069916305361700366177189
02015062806372013101255082118506361930443216227
02015062806382010101759071116305481760372186186
02015062806382013103229072317305501730377192185
02015062806402011100049074818405641820382196186
02015062806402012101038070517605291730356183173
02015062806432013100849074017605641870377190187
02015062806432013104078073817605621870375189186
02015062806442013106468076117305881840404202202
02015062806452008101058073719505421880354179175
02015062806452013101351067618204941650329158171
02015062806452013102323067618304931630330158172
02015062806452013104093083720006371930444215229
02015062806452013105423069018305071640343161182
02015062806472012101970081521106042090395206189
02015062806472013100863075518105741860388193195
02015062806512012102421059015004401490291143148
02015062806512013103597069016905211720349179170
02015062806522011100083066915405151540361168193
02015062806522013102296066815205161530363169194
02015062806542009102505071417605381770361185176
02015062806542011100049073317505581880370187183
02015062806542012101038067817904991640335162173
02015062806552012102350059114704441420302148154
02015062806562012105014069218705051700335171164
02015062806562013100940070316905341720362175187
02015062806562013102352071417205421720370177193
02015062806562013106254066517804871690318166152
02015062806582013101147075218105711820389189200
02015062806582013105404074918205671820385189196
02015062806592012104012060816204461510295151144
02015062806592013103795063616304731620311155156
02015062807002008102828072217805441790365184181
02015062807002012101367070816905391770362178184
02015062807002012102376070217905231720351177174
02015062807002012104203072518105441850359181178
02015062807002012104721070016805321730359181178
02015062807002012104904070117505261830343176167
02015062807002013100599066116005011520349161188
02015062807002013101639072418305411870354176178
02015062807002013103736068316505181610357177180
02015062807012013109157082117306481790469226243
02015062807032009106017059414904451520293149144
02015062807032009110094061416404501550295152143
02015062807032010104208060215004521510301152149
02015062807032012104425063618004561550301151150
02015062807032012110077064518204631540309153156
02015062807042011103978080521105942020392203189
02015062807052012102241077619105851940391190201
02015062807052013103640077419005841880396196200
02015062807062010104038071818205361810355179176
02015062807062013105496072518405411780363187176
02015062807062013106019067217704951770318163155
02015062807062013106089067317804951760319163156
02015062807352007102705060916004491520297147150
02015062807352010103726055214304091360273132141
02015062807352010104191054913604131370276136140
02015062807352010104875061015504551500305152153
02015062807352011104443056714604211360285136149
02015062807352011104599060614704590000000000170
02015062807352011104858059314504481440304149155
02015062807352011105976063215504771490328160168
02015062807352012102564057114804231370286136150
02015062807352012106228054613604101380272134138
02015062807352013105297061416104531570296146150
02015062807352013105640061814104771420335163172
02015062807352013106111056813504331370296141155
02015062807362011104427070217305291650364170194
02015062807362011106255058914904401420298150148
02015062807362012102821071117505361710365178187
02015062807362012103705061116304481470301150151
02015062807362012104354069617405221690353172181
02015062807362012104721070116105401770363181182
02015062807362012104904070117705241810343175168
02015062807362013100653069617305231650358177181
02015062807362013101269064816804801630317162155
02015062807362013102549059816004381490289143146
02015062807362013104356068016905111570354174180
02015062807362013106230069517105241730351175176
02015062807362013106389059915504441470297147150
02015062807372008102828068917605131720341169172
02015062807372010104455072818305451770368182186
02015062807372011101989070717305341630371182189
02015062807372011103439072917105581850373184189
02015062807372012101367070017605241680356175181
02015062807372012102376070417405301860344183161
02015062807372012102781073218305491840365181184
02015062807372012103738072317605471830364179185
02015062807372012104203071317705361840352182170
02015062807372012105244073218605461850361182179
02015062807372012105509071717705401830357179178
02015062807372012105855070916605431700373179194
02015062807372012105858072017805421800362182180
02015062807372013101639069917605231800343173170
02015062807372013101894071617305431710372180192
02015062807372013103808073918105581830375184191
02015062807372013104375073417505591800379185194
02015062807372013106216074718905581780380190190
02015062807372013109053074518405611860375179196
02015062807382009106185068117205091660343171172
02015062807382010100484069016605241720352173179
02015062807382011100943070617605301680362180182
02015062807382011105619060015304471510296151145
02015062807382012100134071117705341770357180177
02015062807382012100135073418705471830364186178
02015062807382012100764059614804481430305150155
02015062807382012109093074918505641780386189197
02015062807382012110103073717205651810384192192
02015062807382013100439071718505321760356181175
02015062807382013100528072116505561720384192192
02015062807382013101849076417605881820406202204
02015062807382013101912076618105851880397204193
02015062807382013102025063317504581530305155150
02015062807382013103090076118805731800393194199
02015062807382013103377073017605541790375188187
02015062807382013103427063217404581540304153151
02015062807382013104555068918405051780327164163
02015062807382013104904077918805911890402203199
02015062807392009106336073020405261790347173174
02015062807392011103593072818705411790362176186
02015062807392012101434079320405891970392197195
02015062807392013101236077519105841940390195195
02015062807392013102958076718905781940384194190
02015062807392013103669077919305861930393192201
02015062807392013105998073618005561850371189182
02015062807402012100738079120805831950388196192
02015062807402013101229082419906251960429215214
02015062807412009103319057314604271470280145135
02015062807412012104634072319205311780353174179
02015062807422009106213069218005121780334168166
02015062807422012101213074119205491840365190175
02015062807422012101881077419105831840399195204
02015062807422013103999063216304691570312156156
02015062807422013104491068116705141750339176163
02015062807422013105679063316404691550314158156
02015062807432012100097064316104821590323161162
02015062807462012100255075719205651860379187192
02015062807472011104359072118805331820351179172
02015062807472012110105084221806241990425209216
02015062807472013105769075519205631870376193183
02015062807482013106050076719005771870390192198
02015062807482013106056074418205621800382190192
02015062807492013100590074818805601850375203172
02015062807512012100134069817505231740349174175
02015062807512012100135072518105441850359182177
02015062807512012100366066415805061580348172176
02015062807512012109093068917305161760340169171
02015062807522012102781058915604331400293141152
02015062807522012103738059116304281470281141140
02015062807522012105244058315404291420287141146
02015062807522012105858060816204461450301146155
02015062807522012109197072517705481750373184189
02015062807532009106336071420305111790332168164
02015062807532012101434059715804391540285142143
02015062807532013101236059915704421510291146145
02015062807532013102958062015304671560311156155
02015062807532013103669060215904431540289147142
02015062807542012100738073618405521750377193184
02015062807562009102385070617405321690363177186
02015062807562010103795070117105301720358178180
02015062807562011103889074817705711770394191203
02015062807562013105864073917105681810387186201
02015062807592012104139070518005251770348175173
02015062807592013104497069517805171730344176168
02015062807592013105215070717605311780353181172
02015062808002010101696063617504611700291149142
02015062808002011104407060516204431520291145146
02015062808002013102890070817505331790354180174
02015062808002013103817070318005231820341173168
02015062808002013104529070318205211790342174168
02015062808002013105416071617805381820356182174
02015062808012010100474078219805841990385194191
02015062808012012101589080720306042050399200199
02015062808012012103112071317905341730361181180
02015062808042010103882072816905591740385189196
02015062808052011101738058015804221470275142133
02015062808052011106393060115904421490293143150
02015062808062012100070067818204961790317164153
02015062808092006106754074218805541870367183184
02015062808092012100094079019605941910403202201
02015062808132012104139060816304451580287141146
02015062808132013104497060516404411570284139145
02015062808142013105215066916405051630342173169
02015062808152010106453077219605761960380193187
02015062808152012101207076619105751850390194196
02015062808152013100116074918005691850384191193
02015062808152013106475078419105931870406199207
02015062808152013109098078620105851920393203190
02015062808162012101834073818305551770378183195
02015062808162012105480075517505801800400197203
02015062808162013104520073918105581730385187198
02015062808452010100034071617205441760368181187
02015062808462011103165070817105371800357176181
02015062808462012101813068317305101660344171173
02015062808462012101889072818305451750370184186
02015062808462013101680072517705481780370187183
02015062808462013103137073918005591800379189190
02015062808462013105710073317905541800374186188
02015062808462013105949070017205281720356180176
02015062808472007105694071817405441730371181190
02015062808472009105798060718204251500275137138
02015062808472010100847074219005521890363184179
02015062808472010101820080921005992090390200190
02015062808472012102271059717904181460272134138
02015062808472012102678059916404351540281144137
02015062808472012102726072116805531750378188190
02015062808472013102555076318605771950382189193
02015062808472013105419059214804441470297148149
02015062808472013105990059615204441450299150149
02015062808492011100495068316905141650349174175
02015062808492012104422072318705361720364175189
02015062808492012105452072118105401770363179184
02015062808502009101910069517405211760345168177
02015062808502012104829058714604411480293146147
02015062808502012106057075019505551870368188180
02015062808512011103243059714004571370320153167
02015062808512012100066068616905171610356176180
02015062808512012104396057714204351370298147151
02015062808512012104544059713904581400318150168
02015062808512013100032076919605731860387191196
02015062808522011102962059914904501410309148161
02015062808522012100139062516304621470315151164
02015062808522012101017072717405531720381186195
02015062808522013103210059615404421460296149147
02015062808552013104128065717104861610325160165
02015062808552013104137065917104881600328161167
02015062808562011104597062915604731580315154161
02015062808592012101813064016204781570321157164
02015062809002013101680063016504651630302154148
02015062809002013102555070717405331710362182180
02015062809002013103137070216805341700364184180
02015062809002013105710071318305301720358178180
02015062809022010100034073918605531740379184195
02015062809022013105237078919105981980400201199
02015062809022013105325078219105911870404202202
02015062809022013105949073016905611780383190193
02015062809032012100379070416505391700369185184
02015062809032012105554058515304321520280143137
02015062809162013105237077019305771910386198188
02015062809162013105325075219505571860371191180
02015062809182011100973058615404321460286146140
02015062809192011102899000000004391460293152141
02015062809222011109238068417805061660340179161
02015062809352011109238070017605241800344183161
02015062809412009106126060914904601480312156156
02015062809412012104460062515004751490326161165
02015062810062009105734063417204621630299156143
