12004092003592000101687058916204271470280144136
12004092003592000107467058016704131460267135132
12004092003592001103972062416804561510305154151
12004092003592002105896059116304281490279143136
12004092004002000101786077220005721950377190187
12004092004002000110133063916304761580318158160
12004092004002001103707086823206362100426211215
12004092004002001105889078219805841940390198192
12004092004002001106563068818305051720333167166
12004092004002001107405081020906011930408210198
12004092004002001110211071717805391670372184188
12004092004002002101860078920305861980388198190
12004092004002002101931087222906432180425213212
12004092004002002102068082221806041970407206201
12004092004002002102126075119505561880368183185
12004092004002002102288081621206041960408205203
12004092004002002104391000000005731890384191193
12004092004002002105241073316805651750390194196
12004092004011999106978078521205732000373192181
12004092004012000110163071917805411800361181180
12004092004012001103181076219105711820389194195
12004092004012001103291074218705551810374187187
12004092004012002100485070818405241720352177175
12004092004012002100712070918505241710353178175
12004092004012002100890068617905071740333171162
12004092004012002101728079221805741940380198182
12004092004012002107098071518605291780351176175
12004092004022000110089079819905991940405204201
12004092004022001100963061916604531510302148154
12004092004031999104485078520305821930389196193
12004092004032000110173082222905932020391000000
12004092004032002106511080621905871930394199195
12004092004041999100169077622005561910365182183
12004092004042000104260078421805661960370189181
12004092004042000110105074818905591840375188187
12004092004071998100595083220306292050424000000
12004092004092000101103088322606572200437221216
12004092004102002100563062519104341680266138128
12004092004102002103895062419104331680265136129
12004092004111998104515073319505381850353182171
12004092004111999110180055215303991420257126131
12004092004111999110275062421204121630249124125
12004092004112001103199102829407342560478230248
12004092004112001104640061418304311640267136131
12004092004112001107045075720105561800376188188
12004092004112002102167103431907150000000000208
12004092004112002103083102630907172750442237205
12004092004112002103209067319404791770302161141
12004092004112002105069061616704491570292148144
12004092004112002107303064516704781560322160162
12004092004122001100586075018205681740394199195
12004092004122002106817076521005551860369182187
12004092004131997106362052813603921300262129133
12004092004132001100204067619204841870297150147
12004092004132001105218070821304951520343000000
12004092004132002100073065316504881580330161169
12004092004132002101860064917704721780294150144
12004092004142000101786064417604681680300154146
12004092004142001105889067717804991670332169163
12004092004142002102068061816004581490309154155
12004092004142002102126061215504571510306156150
12004092004142002103175076721305541960358181177
12004092004142002104629076120905521900362182180
12004092004142002105241060915304561510305155150
12004092004152001100702071019205181750343176167
12004092004152001103707079920705921960396193203
12004092004152002101931074319105521780374183191
12004092004152002102288073618205541790375183192
12004092004152002104391079820505931950398199199
12004092004162000104924067417504991660333166167
12004092004162001103181062517804471540293145148
12004092004171998100697058416504191450274136138
12004092004172000105130059017104191490270138132
12004092004172001103286073218005521780374185189
12004092004172001106156059317204211490272139133
12004092004172002100569078321405691840385190195
12004092004172002100959079020905811910390193197
12004092004172002102946075321305401830357176181
12004092004172002104398061915004691490320163157
12004092004172002110118074018505551880367185182
12004092004181998102933061418304311590272144128
12004092004182001104608075519805571870370187183
12004092004182002103649066917504941660328163165
12004092004182002104526074019105491830366187179
12004092004182002104556074419205521820370187183
12004092004192000104348065617504811550326161165
12004092004192000110173060700000000000293153140
12004092004192001103460053413703971350262129133
12004092004192001103469061816304551480307156151
12004092004192001103924070919705121770335170165
12004092004192002100476075120605451780367185182
12004092004192002100509062816204661560310167143
12004092004192002100941067919304861620324163161
12004092004192002101006067619004861620324163161
12004092004192002102686073619305431850358181177
12004092004192002106597064916704821620320165155
12004092004201998100595058516404211550266135131
12004092004201999104283063616804681580310148162
12004092004202000105171079320805851980387200187
12004092004202001103810074922605231820341174167
12004092004202001106260062616704591580301155146
12004092004202001110021076621505511930358185173
12004092004202002106897078820505831970386200186
12004092004212000103193000000005301810349178171
12004092004212000110105070017405261760350179171
12004092004212001101780069318105121770335170165
12004092004212002100637072419405301760354178176
12004092004212002101507065116604851580327158169
12004092004212002104901069517505201720348174174
12004092004212002110071065818104771530324161163
12004092004222000105909063115004811470334161173
12004092004222000107345079921405852000385000000
12004092004222002101093057715504221420280139141
12004092004222002101711061115704541520302153149
12004092004222002103577065216804841600324163161
12004092004222002104872062416304611510310154156
12004092004232000101103068917305161730343171172
12004092004232002107369062316804551520303149154
12004092004241998104515058915404351440291147144
12004092004252001106288057414004341310303151152
12004092004252001107045069015905311640367181186
12004092004252002102167063819204461630283146137
12004092004252002103083063819104471620285146139
12004092004262001103655055115303981390259130129
12004092004262001106147057716004171460271139132
12004092004262002100471057816004181470271139132
12004092004262002100840056314904141410273133140
12004092004262002106896056314804151390276135141
12004092004271999106756068717505121720340174166
12004092004272000100794057315304201420278136142
12004092004272000101334058515704281500278142136
12004092004272001100586053114403871320255127128
12004092004272001101051059316704261490277139138
12004092004272002102152067416405101660344172172
12004092004272002106612059416804261490277140137
12004092004291999101781077120805631890374186188
12004092004292001100702057817004081500258130128
12004092004292001107380000000005581820376188188
12004092004301999107004070620505011760325162163
12004092004302001102448074921005391820357179178
12004092004302001109380082523605891920397198199
12004092004302002110117073119505361760360179181
12004092004312000104663084522806172080409204205
12004092004312000105379060918104281580270000000
12004092004312001103924055414204121370275138137
12004092004312002102505072618005461830363182181
12004092004312002103649058315604271450282138144
12004092004322000103614080720406032020401195206
12004092004322001104171067816605121630349172177
12004092004322002100896066417304911600331166165
12004092004322002104526066017904811620319157162
12004092004322002104556066018004801610319157162
12004092004322002107011071417205421670375181194
12004092004331998101670000014800001420000138000
12004092004332000100577057014604241440280143137
12004092004332001104535066816305051670338172166
12004092004332002103282068217905031650338166172
12004092004342000106849054314304001340266129137
12004092004342001102134086922506442180426216210
12004092004352001100102053113503961280268131137
12004092004352001103327075319505581930365184181
12004092004352001103468081021105992010398207191
12004092004352002102519081621805982030395201194
12004092004352002103203078519905862000386186200
12004092004361999110141071618105351730362179183
12004092004362002100637056316403991360263129134
12004092004362002104901056116403971360261129132
12004092004372001102585060716404431450298145153
12004092004372001103015070217805241750349175174
12004092004372002110070062118004411670274145129
12004092004372002110126068116705141680346175171
12004092004382001100347053014903811260255123132
12004092004382001103456065816104971640333165168
12004092004382001105121063117804531580295152143
12004092004382002101498084723306142140400201199
12004092004382002102152067917405051640341165176
12004092004382002103892000000006152130402202200
12004092004382002110173063117804531580295152143
12004092004391999105140067215705151600355176179
12004092004392000104529101928907302570473241232
12004092004392000107542073019105391740365181184
12004092004392000110217075820705511900361185176
12004092004402001104603054614604001390261135126
12004092004412001104486070417105331730360174186
12004092004422001110086074718905581880370186184
12004092004432002103462078419605881940394000000
12004092004432002103629071819405241780346174172
12004092004442000105123074419405501820368185183
12004092004442000105362056115304081410267130137
12004092004442001100225070917005391650374183191
12004092004442001100672069716905281750353179174
12004092004442001100746071417805361630373179194
12004092004442001101279076719805691930376187189
12004092004442001105515070318705161760340177163
12004092004442002102574075419505591810378187191
12004092004452000103614056414504191370282138144
12004092004452000104131075820805501890361180181
12004092004452002102189056414604181370281138143
12004092004462000101670068600000000000337170167
12004092004462001104171070416905351690366184182
12004092004472000104666052513703881260262128134
12004092004472000110264065617404821620320160160
12004092004472002102505064216304791620317158159
12004092004472002110185065918204771690308155153
12004092004481998106944070618005261720354176178
12004092004482001103327073119405371870350178172
12004092004482001107682072618605401780362181181
12004092004482001110085068119404871680319164155
12004092004482002101525067717305041640340169171
12004092004482002101840074118705541860368182186
12004092004482002102609072518505401790361178183
12004092004482002105504061617104451520293147146
12004092004482002105998072018105391790360178182
12004092004482002107124070818105271810346177169
12004092004492001103468078919805911930398204194
12004092004492002102519058715004371530284149135
12004092004492002103203063318604471620285150135
12004092004501998107103075718605711870384193191
12004092004502001100322067617505011640337162175
12004092004502001103335074618705591900369185184
12004092004502001105159071617605401720368178190
12004092004502001106642077620205741930381197184
12004092004502002102702065816604921590333166167
12004092004502002110051077519205831910392198194
12004092004511999102349053214003921290263127136
12004092004511999105955053114003911280263127136
12004092004512001100778075019705531840369185184
12004092004512002100956064416804761600316159157
12004092004512002102030073719205451800365188177
12004092004521998101695056914804211440277140137
12004092004521999107054073619805381830355170185
12004092004521999110141072318305401770363182181
12004092004522001101745066817104971640333161172
12004092004522002101126070118205191740345176169
12004092004522002103892082523005952040391205186
12004092004532001103815054814404041390265133132
12004092004542001100066088622306632190444217227
12004092004542002102439076620305631780385188197
12004092004542002103409075718305741810393196197
12004092004542002104719075900000000000376188188
12004092004542002110040086020106592180441219222
12004092004552000100297075819305651920373189184
12004092004552000101838073418805461810365186179
12004092004552001103725072018805321800352178174
12004092004552001107733056215304091360273133140
12004092004552002100759073818105571860371188183
12004092004552002101977075519805571930364187177
12004092004552002105645069216905231760347178169
12004092004562001110122076518005851800405200205
12004092004562002100467078220905731860387189198
12004092004562002100604072819705310000000000185
12004092004562002102110074119005511770374184190
12004092004562002109406078120805731860387190197
12004092004572002103217057914704321430289147142
12004092004572002107148062315804651510314154160
12004092004582002101220071519105241800344179165
12004092004592001100225069717005271620365178187
12004092004592001100746062117104501520298151147
12004092004592001105008087800000000000436220216
12004092004592001110086059716804291480281143138
12004092005002000101691066917204971670330164166
12004092005002001105515072019205281780350175175
12004092005012001106176056114604151420273139134
12004092005012001110143068417305111630348171177
12004092005012002105523077121405571890368188180
12004092005022001106642061816004581540304153151
12004092005022002104566075818005781870391194197
12004092005022002104640075318505681850383193190
12004092005022002105426075619205641880376190186
12004092005022002107073075919705621860376189187
12004092005031998106944053713803991270272132140
12004092005032002102609070618105251730352170182
12004092005032002102808073418005541740380186194
12004092005032002105998070418005241720352170182
12004092005041999101119071319205211740347177170
12004092005042000110113092024506752300445225220
12004092005042002110065069817605221610361172189
12004092005052001100029085423406202130407210197
12004092005061998103711075200000000000368186182
12004092005061999104693073818305551820373187186
12004092005062000103014076119805631850378191187
12004092005062000103952058217504071410266129137
12004092005062001104734075820605521920360186174
12004092005062001107389072619405321800352174178
12004092005062002106630071718405331790354169185
12004092005062002109117073518505501820368186182
12004092005072001100442071318505281730355173182
12004092005072002100065074920505441880356177179
12004092005072002102811091925506642260438226212
12004092005072002102888074119805431880355176179
12004092005072002102944074819805501920358185173
12004092005072002103149073520005351810354177177
12004092005072002103777092025606642250439227212
12004092005072002104617074800000000000358184174
12004092005082000103795080119706041940410200210
12004092005091999103798056816604021430259129130
12004092005092002101035075820005581880370191179
12004092005092002102110055314804051380267132135
12004092005092002109124077220405681870381191190
12004092005102001107831077621205642100354180174
12004092005102002101793077622105551960359185174
12004092005102002104076061616004561480308000000
12004092005102002104654061115604551480307157150
12004092005112002106413071817105471760371183188
12004092005121999107047075817905791870392197195
12004092005122001102976083119506362040432211221
12004092005122002101297068816705211640357172185
12004092005122002106894069617705191710348171177
12004092005132000105372087422906452150430218212
12004092005132002101427064117404671600307152155
12004092005132002103901067317305001650335166169
12004092005142000104261086420606582100448230218
12004092005142001103100055516403911320259127132
12004092005142001110152000000005581890369181188
12004092005142002102934061417004441580286141145
12004092005152001100280067917105081670341170171
12004092005152001104319082121106102060404201203
12004092005162000110098069017905111680343168175
12004092005162002100532081220606061960410201209
12004092005162002105523063416304711610310160150
12004092005171998110090000000005361760360185175
12004092005172002101058077920705721890383192191
12004092005172002104566070716805391670372184188
12004092005172002105142079520905861990387202185
12004092005172002107073075018905611860375187188
12004092005182000105994075021205381850353178175
12004092005182002100803061517104441500294146148
12004092005182002102829061517104441500294145149
12004092005191999104693066917304961690327168159
12004092005192002102808071618405321780354179175
12004092005192002107175077719905781900388195193
12004092005202000105537057815004281430285144141
12004092005202002102752057715004271420285145140
12004092005202002106630071118405271820345174171
12004092005202002109117072718105461780368184184
12004092005211996101794074019305471800367182185
12004092005211998103711070918105281680360177183
12004092005212000103014070617905271690358177181
12004092005212000107582060615304531490304153151
12004092005212002103277061215904531520301151150
12004092005212002104446080120605951880407206201
12004092005212002106226073718705501850365189176
12004092005212002110001076020605541910363182181
12004092005222001100442055814804101320278138140
12004092005222001104834075519705581860372193179
12004092005222002100514057315204211460275138137
12004092005222002103021055514504101310279138141
12004092005222002103241057415304211460275138137
12004092005222002110231069418005141690345174171
12004092005232000101528078821305751920383187196
12004092005232000105020072818205461760370183187
12004092005232000110081077821005681840384197187
12004092005232002100558080919006191920427216211
12004092005232002102223078620605801950385190195
12004092005232002103025080722105862050381198183
12004092005232002103089068017505051680337168169
12004092005252000102712085623406222140408210198
12004092005252001107831058015304271470280141139
12004092005252002101561061618004361520284141143
12004092005252002102265061517804371510286143143
12004092005262000105372062515604691520317156161
12004092005262002101655071817405441750369183186
12004092005262002104236074817505731840389196193
12004092005271999106707055015303971370260130130
12004092005271999107047057014304271420285142143
12004092005272001104731073019805321700362178184
12004092005272001106930056414504191380281139142
12004092005272002106979055215703951380257130127
12004092005281997110043070018105191750344172172
12004092005282001102976074816605821860396191205
12004092005282001104319074419105531860367183184
12004092005292000107264064216204801630317161156
12004092005292002100532079519705981950403200203
12004092005321998110090073417605581740384189195
12004092005322002101058067417704971620335166169
12004092005322002103103065815904991650334170164
12004092005322002105142067817904991640335165170
12004092005332000102202070017905211590362175187
12004092005332000107570066300000000000323000000
12004092005332002103140069619305031710332171161
12004092005341996107658056600000000000272138134
12004092005342001106165057715704201450275139136
12004092005351996101794070918505241720352176176
12004092005351998105844063116304681580310153157
12004092005352000101388064317004731560317156161
12004092005352001103055055814204161410275138137
12004092005352001103283064216604761640312159153
12004092005352002101233056514604191410278140138
12004092005352002103669056914404251390286142144
12004092005361996110164057215104211410280139141
12004092005362000101528064617704691700299153146
12004092005362002100686056915004191410278139139
12004092005362002102029055615604001440256128128
12004092005362002105797055515504001440256128128
12004092005362002106208066317204911660325164161
12004092005362002109123067817805001640336170166
12004092005372000102788074018205581820376182194
12004092005372000105020061717304441490295152143
12004092005372001107598000000005341810353180173
12004092005372002101857073118105501710379184195
12004092005372002105964074200000000000380186194
12004092005372002106419075518905661880378185193
12004092005381999106700066119304681690299151148
12004092005382000106983053914303961380258133125
12004092005382002100503063615604801570323163160
12004092005392000106471068617605101720338176162
12004092005392001100261055415204021330269131138
12004092005392001103366072818105471810366000000
12004092005392002100783055714804091370272135137
12004092005392002102980058515404311510280146134
12004092005392002106012056114904121360276136140
12004092005392002106484058415304311520279145134
12004092005401999105351070218405181730345173172
12004092005401999106836058915004391470292143149
12004092005402002104007000000005591860373188185
12004092005412000100106066117604851660319154165
12004092005412001107391085021606342110423216207
12004092005412002101655057517004051380267128139
12004092005412002104236066217704851620323168155
12004092005422000101666070918305261750351176175
12004092005432000110130073819405441860358180178
12004092005432002103128067817705011640337166171
12004092005441998101193066717104961640332163169
12004092005442000101054076919805711920379189190
12004092005442001100116057013104391340305146159
12004092005442001100404078921605731940379190189
12004092005442001104399068418205021690333164169
12004092005442001104628074621905271840343176167
12004092005442001106537072619005361750361180181
12004092005442002102130075019305571850372184188
12004092005442002103375078921605731940379190189
12004092005442002103991073917805611900371183188
12004092005451999107039070818805201710349175174
12004092005452001103042059917704221530269138131
12004092005452001104630058816804201450275139136
12004092005452002107407071118305281790349178171
12004092005462002103140069417205221780344173171
12004092005482000103350067517804971710326169157
12004092005492001110088051813203861250261129132
12004092005501998101543062515904661540312153159
12004092005502001101415072219105311750356179177
12004092005502001102855056815804101420268136132
12004092005502001104047056915804111430268136132
12004092005511998104781072017505451710374184190
12004092005511999104297064317404691590310161149
12004092005512000110199072918805411830358179179
12004092005512001105861064317404691590310161149
12004092005512001107598066417804861640322162160
12004092005522000105277061819604221710251129122
12004092005522000106471068018104991640335172163
12004092005541997105426064817004781510327150177
12004092005541999105793076620405621890373186187
12004092005542002106338074718905581780380188192
12004092005551999101844070317605271740353173180
12004092005551999101883062316704561500306150156
12004092005552002100574070517805271750352172180
12004092005552002100991061115904521460306151155
12004092005552002103171060915704521460306150156
12004092005552002106707056414604181400278139139
12004092005571998101193056215204101380272132140
12004092005572001104399057116004110000000000140
12004092005572002101597071117905321750357181176
12004092005572002106605070917705321750357180177
12004092005582001101743061215904531530300147153
12004092005582002200028070000000000000356175181
12004092005591998102551053514203931300263129134
12004092005591999102418074921505341840350176174
12004092005592001101762068718005071630344173171
12004092005592002107407072519305321910341178163
12004092006002001105030074220405381760362177185
12004092006002002104004078820705811920389198191
12004092006002002104017071318405291680361177184
12004092006011998100503074419705471840363182181
12004092006021996103864069617205241640360178182
12004092006021997105089076318605771890388193195
12004092006022001106139083621806182140404206198
12004092006022002102281000000005601800380190190
12004092006032000110199060016304371520285147138
12004092006032002103119066716904981610337163174
12004092006042001100411074819005581800378192186
12004092006042002106003075419205621850377189188
12004092006051995108787056114504161360280137143
12004092006062000106865073820805301910339175164
12004092006071999105793073519705381810357174183
12004092006092001101512070317705261740352174178
12004092006101998100503066217904831600323162161
12004092006102001106783077020305671830384192192
12004092006102002101863075720105561800376184192
12004092006112001102452081121805932020391193198
12004092006112001105030069518405111690342167175
12004092006112002103621076418705771960381191190
12004092006112002104017077318905841940390193197
12004092006112002104739076618805781960382192190
12004092006122002104004070518705181900328169159
12004092006122002104170062716304641560308155153
12004092006122002104776067117804931650328166162
12004092006122002104778067517704981660332168164
12004092006142001101938000020800001870000191000
12004092006142002103614059415204421500292145147
12004092006142002110200062818004481710277143134
12004092006152002100281084722106262090417208209
12004092006152002109035084622006262090417208209
12004092006171997105089071916805511790372183189
12004092006172001103520072917505541630391181210
12004092006172001105247071719005271750352000000
12004092006172002102513000000005401820358182176
12004092006172002102661058715704301430287141146
12004092006172002103308000000004341470287141146
12004092006182002103622076319105721910381193188
12004092006192001100411059015204381430295151144
12004092006192002106003059115304381430295151144
12004092006202000106865056616004061400266134132
12004092006222001101103059817204261570269134135
12004092006232001104963060214904531490304150154
12004092006232002106695060415504491510298146152
12004092006252000101522060516204431480295149146
12004092006252001106520058016904111500261132129
12004092006252002103621062316304601540306151155
12004092006252002104739062616704591530306152154
12004092006252002105855068417505091710338173165
12004092006262001104591058015604241470277140137
12004092006262002102301068316505181660352175177
12004092006272002100505079519206031890414203211
12004092006272002110059079819506031880415203212
12004092006282000107386063216204701600310159151
12004092006282001105692068818605021750327169158
12004092006282001106643074019305471820365183182
12004092006282002100929070217605261750351174177
12004092006291999105929070217905231740349174175
12004092006292000104443055214004121360276136140
12004092006292001102686000000000000000322157165
12004092006292002102276068917905101740336173163
12004092006292002107008056314304201360284140144
12004092006302001105247059017604141410273134139
12004092006302002102513059817604221410281136145
12004092006302002103622071318005331810352177175
12004092006302002106341081321206011960405201204
12004092006302002110124077021105591900369187182
12004092006312001102352059015504351410294145149
12004092006331998101755073519205431750368181187
12004092006331999100735071419505191730346168178
12004092006332000102742074119105501820368185183
12004092006332000110045056714404231380285142143
12004092006332001103935073518405511810370183187
12004092006332002100839061518304321470285140145
12004092006332002101002061117804331460287141146
12004092006342001102227075422105331860347181166
12004092006342001103072073322205111840327168159
12004092006511997105453071318805251660359172187
12004092006512001103416000017000001760000166000
12004092006512001103449060917504341410293145148
12004092006512002110124074419505491800369185184
12004092006522000101238063115704741560318159159
12004092006522001103157075119105601880372187185
12004092006522001103479066217904831630320158162
12004092006522001109135075820005581810377185192
12004092006522002100518074920105481840364185179
12004092006522002103315073719705401820358177181
12004092006522002103323073619605401820358178180
12004092006522002104313075020205481840364188176
12004092006532000101470056615004161360280140140
12004092006541997106340071317305401700370179191
12004092006541999101582082122006012060395203192
12004092006542000105513071416605481790369187182
12004092006542000110121065418404701610309152157
12004092006542001101959071517305421750367185182
12004092006542001110221073618505511850366183183
12004092006552001101910000016300001630000164000
12004092006552001106243074019105491760373186187
12004092006562002101162056314704161350281136145
12004092006562002106555084322506182400378203175
12004092006572001106649058615504311380293146147
12004092006572001107417063317804551490306150156
12004092006591999105175070420504991690330165165
12004092006592001102129080421205922010391196195
12004092006592002103326069319005031690334170164
12004092006592002105972073520105341780356175181
12004092007002000101595070719305141720342172170
12004092007002000106111059616804281540274135139
12004092007002001110058061618204341590275136139
12004092007002002101195072517905461760370181189
12004092007002002101888070018405161750341172169
12004092007002002105944070418605181760342000000
12004092007002002106888086123806232120411204207
12004092007002002107576086623806282140414206208
12004092007011999106901066417504891600329163166
12004092007012002102869074118105601860374187187
12004092007022000105087078222305591970362192170
12004092007022001110002060917604331530280141139
12004092007022001110043075420305511820369185184
12004092007022002101859081921206072020405202203
12004092007022002102270061317804351540281141140
12004092007022002102278081821106072020405203202
12004092007031999107167056600000000000278136142
12004092007041999106144063816204761540322160162
12004092007042000100672076818605821870395195200
12004092007042001104631067617305031700333166167
12004092007062000105081064515404911530338169169
12004092007062001103157056114804131380275137138
12004092007062001109135056014704131370276137139
12004092007062002100518057315704161410275137138
12004092007062002104313058115604251410284138146
12004092007071997102283072520005251740351176175
12004092007071997106340068416405201630357174183
12004092007072000103653058515304321480284144140
12004092007072001101434074518605591820377190187
12004092007072001101959066016005001720328171157
12004092007072001102433070217705251720353178175
12004092007072002101782074219705451810364186178
12004092007072002107244080121405872030384195189
12004092007072002107291080021205882030385194191
12004092007082002103743078521805671910376189187
12004092007082002104077081222505871940393197196
12004092007082002104205000000005200000000000171
12004092007082002104533074119405471820365184181
12004092007092000105082064916904801560324000000
12004092007092001100624064718004671550312156156
12004092007092002100301060217904231490274137137
12004092007092002103803064817404741550319156163
12004092007092002104022066917104981650333163170
12004092007092002104466059117504161470269132137
12004092007092002107106060318004231490274137137
12004092007101998100265068817205161690347171176
12004092007101999107236066816705011620339167172
12004092007102001102143069518305121710341168173
12004092007102002110114069617305231730350173177
12004092007111999103092055014404061350271135136
12004092007121999105175065718404731650308153155
12004092007122002103326066717904881640324161163
12004092007132000101595055714904081400268134134
12004092007132002101736072320805151800335165170
12004092007132002101815072720905181800338166172
12004092007132002102235073720405331780355176179
12004092007132002102737073019705331770356176180
12004092007132002102740073719605411920349182167
12004092007132002103125072421105131660347169178
12004092007132002106561073619605401920348181167
12004092007132002107320072621405121650347171176
12004092007142001100998074922105281730355176179
12004092007142001102129072519605291780351176175
12004092007142002102227070718205251720353174179
12004092007152000102923066221004521840268140128
12004092007152002100458060417504291600269137132
12004092007162001100668066620304631670296157139
12004092007171999102295068918305061660340169171
12004092007172001103435067200000000000330170160
12004092007181997102283052812304051250280133147
12004092007182001102862067918304960000000000000
12004092007182002102875066317204911670324165159
12004092007182002106254066917804911660325169156
12004092007182002107505066817804901660324169155
12004092007192000100104058716804191470272141131
12004092007192000105445058816804201480272142130
12004092007192000105531069917805211740347175172
12004092007192001103385068218005021660336168168
12004092007201998101821071818405341760358178180
12004092007231997103461058515904261450281138143
12004092007232001100738068920404851730312160152
12004092007232002103742078100000000000389194195
12004092007232002104286078520105841950389190199
12004092007241999107372065716804891620327163164
12004092007242000102448058816804201420278140138
12004092007251999104146071917705421870355180175
12004092007251999107236066616804981640334164170
12004092007252002102846071618505311750356184172
12004092007252002105107071518405311750356183173
12004092007262000104983068217305091660343171172
12004092007262002100764066516704981680330165165
12004092007262002106317066716804991680331165166
12004092007272002102292075319605571810376182194
12004092007272002107096071218105311830348174174
12004092007282001106923066717004971660331166165
12004092007292001103038076218705751870388193195
12004092007302001103435057416204121430269138131
12004092007302002106825063600000000000320154166
12004092007312001103730072117805431760367185182
12004092007322001105319073518505501850365191174
12004092007322002102633068317805051710334171163
12004092007331998101821055614304131400273135138
12004092007331999105792066416804961590337167170
12004092007332000105531056014004201360284138146
12004092007332001102862066117204891650324162162
12004092007332002106415068316905141680346178168
12004092007352002102751073418605481800368182186
12004092007352002102991073418605481810367181186
12004092007371999101463076820705611840377187190
12004092007372001103353074419705471840363182181
12004092007372001104872000016100001520000146000
12004092007372001106197076619505711830388190198
12004092007382000104983058315204311460285141144
12004092007391999105385060115904421430299143156
12004092007392001102358060015504451500295149146
12004092007392001103274059016004301500280141139
12004092007392002101542074120205391850354182172
12004092007392002103348063916504741560318160158
12004092007392002104023069516905261690357178179
12004092007392002104063074520505401850355182173
12004092007392002105632069416905251690356178178
12004092007392002105890063716304741560318160158
12004092007402001104742067218404881680320157163
12004092007402001104873070618205241750349169180
12004092007402002100290071318505281700358174184
12004092007402002100741070318405191650354172182
12004092007402002101285068917105181640354172182
12004092007412002102191056713704301360294143151
12004092007412002102658066217604861470339162177
12004092007412002106886066217604861480338162176
12004092007412002107096062016804521540298150148
12004092007422000101615054614304031380265130135
12004092007431997110044065215105011500351173178
12004092007431999101659057715204251370288138150
12004092007432000106681072619005361810355178177
12004092007432001103793069818805101690341173168
12004092007442001103038055914104181380280142138
12004092007442001103695056915504141390275135140
12004092007442001107333075919905601850375188187
12004092007442002100668073019105391750364185179
12004092007442002103118062117004511500301154147
12004092007442002104389057215504171390278135143
12004092007442002107126077819605821920390194196
12004092007452002101683071918805311910340174166
12004092007452002102022074719705501890361181180
12004092007452002107225074719705501880362182180
12004092007462000106696070019505051740331168163
12004092007462000110085000000004171310286139147
12004092007462002101307071618205341770357175182
12004092007462002102297073019305371780359182177
12004092007462002104125074219505471800367181186
12004092007462002106895068317105121700342173169
12004092007472002105266087727106062120394196198
12004092007482001103844073819305451850360180180
12004092007492002101312076822205461900356181175
12004092007492002102805076822205461890357181176
12004092007492002106227076121505461890357181176
12004092007512000107192075719805591920367178189
12004092007522000104000066717504921620330167163
12004092007522000110210059116004311470284142142
12004092007522001104294058417004141420272138134
12004092007522001110076060817404341480286143143
12004092007522002100583061017504351490286143143
12004092007532002104023060515604491480301148153
12004092007532002105632060515604491480301148153
12004092007552002102658000019100001750000164000
12004092007552002106886068519204931750318163155
12004092007562000101573071619105251830342173169
12004092007571995101711090224106612210440220220
12004092008061999110009082720806192000419209210
12004092008072001104705072219305291820347177170
12004092008072002103120060317604271420285140145
12004092008072002105158060517904261410285140145
12004092008082001105283065115904921530339164175
12004092008091999105540081822505932060387198189
12004092008092002103857079821005882050383191192
12004092008102001105613060314404591480311150161
12004092008112001101749061800000000000000000167
12004092008112001103890063716504721550317158159
12004092008112002102374080720606012080393198195
12004092008112002102433080421205922050387195192
12004092008112002103871081221905932050388196192
12004092008131999106675069717305241700354178176
12004092008132002102063068617005161660350174176
12004092008182000100563067318604871610326163163
12004092008182002104066069918405151650350173177
12004092008192002100877055413804161260290139151
12004092008192002104900055913604231260297139158
12004092008192002107516073219005421860356182174
12004092008202001104877059215104411470294147147
12004092008202001107330072418905351770358179179
12004092008202001110240060116104401520288146142
12004092008212000104138065616404921630329165164
12004092008212001100415071118205291770352178174
12004092008212001106178065016504851600325162163
12004092008221999105540074621005361830353179174
12004092008222001105283070017905211720349177172
12004092008222002103857072520305221780344173171
12004092008262002100154061715004671500317159158
12004092008271999106675069617805181690349173176
12004092008272002101808077319905741940380193187
12004092008272002102063068917205171700347170177
12004092008282000105086071618005361770359180179
12004092008312002100297061017304371620275137138
12004092008412000105086057914904301530277144133
12004092008442002101908074320005431810362180182
12004092008442002104968074219905431800363181182
12004092008511998101674071918605331680365175190
12004092009061998101674055814504131380275136139
12004092009171996110169062316704561620294151143
12004092009171999102590059417404201500270138132
12004092009172000110064063516004751540321161160
12004092009172001102434064416904751600315162153
12004092009181998104051059915404451510294144150
