02011031106582007106639070717505321680364180184
02011031106592004107268068417605081700338166172
02011031106592005102698068417505091720337168169
02011031106592005103544067816505131650348176172
02011031106592005106900066316804951630332162170
02011031106592006102441064216104811560325159166
02011031106592007100642068317105121690343172171
02011031106592007102091059915804411480293150143
02011031106592007104264068517705081690339170169
02011031106592008100606000016300001570000000000
02011031106592008101201066516704981610337166171
02011031106592008102449060316004431490294149145
02011031106592008104648066216804941630331161170
02011031106592008104649068717405131690344173171
02011031107002004105119078720905782000378193185
02011031107002005103927064216404781570321158163
02011031107002006102790067917005091660343171172
02011031107002006104507065016704831590324160164
02011031107002008100196069917905201680352173179
02011031107002008100257063115404771570320157163
02011031107002008100968061614904671450322158164
02011031107002008102451066800000000000000000165
02011031107002008102543069017905111660345167178
02011031107002008102579066117204891630326161165
02011031107002008102640064016304771570320157163
02011031107002008102852068116705141660348172176
02011031107002008103263064616504811600321158163
02011031107002008103544066417304911650326158168
02011031107002008103849062815904691520317157160
02011031107002008105560067216305091620347172175
02011031107002008105810069418005141680346171175
02011031107002008106479066716705001620338167171
02011031107002008109019065516604891600329161168
02011031107002008200004067515905161670349173176
02011031107012005101404073918105581780380187193
02011031107012006104862071318105321790353173180
02011031107012007102847068717905081720336169167
02011031107012008100033071917205470000000000188
02011031107012008100208075319105621850377188189
02011031107012008100242069018105091690340170170
02011031107012008100451071118005311750356173183
02011031107012008100474073719305441870357180177
02011031107012008100831069817405241720352176176
02011031107012008101229070817205361740362178184
02011031107012008101358076419705671930374193181
02011031107012008102108069118205091690340169171
02011031107012008102467079120905822010381190191
02011031107012008104012070717405331720361177184
02011031107012008104070070218005221730349175174
02011031107012008104146072918705421750367182185
02011031107012008104511065217004821590323160163
02011031107012008104681069219005021730329167162
02011031107012008104918072718305441750369181188
02011031107012008105576071317705361770359175184
02011031107012008105919070717605311710360178182
02011031107012008106143071618405321780354174180
02011031107012008110081071318005331750358181177
02011031107022004101071085821106472030444217227
02011031107022006102300058814404441470297151146
02011031107022007100859058800000000000000000151
02011031107022007103230068016705131620351172179
02011031107022007103846067918504941730321165156
02011031107022008100768067617105051690336169167
02011031107022008100935064616404821620320161159
02011031107022008101146064816404841600324164160
02011031107022008101708058015304271460281139142
02011031107022008102661000016600001660000159000
02011031107022008102946069818505131760337166171
02011031107022008103110069518905061720334166168
02011031107022008103322057714904281450283143140
02011031107022008103766068418904951740321166155
02011031107022008103992069318305101780332167165
02011031107022008104086067317305001690331167164
02011031107022008104695075419205621870375187188
02011031107022008104845069818905091700339166173
02011031107022008105364068017505051650340172168
02011031107022008105447057915204271440283141142
02011031107022008105933069619005061720334166168
02011031107022008106469074419005541890365190175
02011031107032006104516068417205121640348172176
02011031107032006106267068016705131630350173177
02011031107032007102140066717104961660330159171
02011031107032008100667070618405221790343172171
02011031107032008102355070218405181790339171168
02011031107032008102638063115804731570316156160
02011031107032008102699070918705221800342172170
02011031107032008102888000016100001590000154000
02011031107032008103466070218005221720350173177
02011031107032008104216062817604521560296147149
02011031107032008104310063316604671550312155157
02011031107032008104443070418005241750349177172
02011031107032008105633000018100000000000000000
02011031107032008105732068217005121660346169177
02011031107032008106630070618605201790341174167
02011031107042005106991072318905341840350176174
02011031107042006101489067216805041660338169169
02011031107042006106754071019205181800338169169
02011031107042008100689069217705151730342169173
02011031107042008100800071218205301750355176179
02011031107042008101668068217805041730331167164
02011031107042008104584066817704911700321158163
02011031107042008105124070718405231790344172172
02011031107042008105668071618005361810355174181
02011031107042008105881071818505331830350178172
02011031107042008109253066617004961700326165161
02011031107052005102326065100000000000330163167
02011031107052005102441070017905211750346173173
02011031107052005106201072619105351800355178177
02011031107052006103146075719305641930371186185
02011031107052007100773069818005181720346173173
02011031107052007101000072117505461810365185180
02011031107052007101171069817205261720354176178
02011031107052008100919070117905221700352173179
02011031107052008101003070318005231720351174177
02011031107052008102691070117405271740353180173
02011031107052008103064069617505211760345175170
02011031107052008103447064716204851570328163165
02011031107052008103772069417905151780337171166
02011031107052008103915066817004981640334163171
02011031107052008104846070518005251740351176175
02011031107052008105966069517805171710346171175
02011031107052008106210067017904911730318166152
02011031107062005100979068417205121690343173170
02011031107062007104601069417605181730345173172
02011031107062007105395066317704861760310162148
02011031107062007105905000000005011680333000000
02011031107062007106214064016704731600313155158
02011031107062007110035067817005081660342172170
02011031107062008101012068517005151710344173171
02011031107062008105245068018604941700324166158
02011031107062008105383067117304981670331163168
02011031107062008105777063816704711620309155154
02011031107062008105847072719305341870347185162
02011031107062008106386064915504941590335169166
02011031107072008100497056215804041360268133135
02011031107072008102835065016204881660322166156
02011031107072008102964074619505511890362182180
02011031107072008102987056115804031350268000000
02011031107082005110217064316804751610314156158
02011031107082006106287058715304341470287147140
02011031107082007109165065916804911590332167165
02011031107082008100057062315604671560311160151
02011031107082008102213064816404841650319162157
02011031107082008104152065416504891630326165161
02011031107092005101539063416504691630306151155
02011031107092006101843067417904951690326162164
02011031107092006105511061815604621530309153156
02011031107092007102783060615104551500305149156
02011031107092007103277061815204661500316158158
02011031107092007104041063917004691560313154159
02011031107092008102177062815604721530319157162
02011031107092008103002062015404661540312157155
02011031107092008104137063815904791540325156169
02011031107092008105084061915104681490319154165
02011031107102007100224071916905501710379188191
02011031107102008101140062215604661510315154161
02011031107102008102910063816104771560321157164
02011031107102008103318074018605541830371185186
02011031107102008103870061815204661490317156161
02011031107102008104317077217605961850411202209
02011031107112005100674075018405661830383188195
02011031107112007100435066216404981620336167169
02011031107112008101590065816304951630332166166
02011031107112008104140066616704991630336168168
02011031107122004105119076120005611910370186184
02011031107122005102155080420605981920406202204
02011031107122006104267063016404661480318152166
02011031107122007100163066116105001640336169167
02011031107122007106639070016905311700361180181
02011031107122008100149070618105251680357177180
02011031107122008100730071417805361700366177189
02011031107122008101703077018905811890392197195
02011031107122008102050071218205301820348177171
02011031107122008102298073018705431800363179184
02011031107122008103075077819105870000000000200
02011031107122008104666000019500001820000165000
02011031107122008105581065716704901610329162167
02011031107122008105789065815705011610340166174
02011031107122008106610073217605561780378196182
02011031107122008200004064815304951610334161173
02011031107132005103927060915804511520299148151
02011031107132006104507059415204421490293143150
02011031107132006106319000000000000000000000000
02011031107132006110097069919205071710336169167
02011031107132007100192063017004601610299149150
02011031107132007101326065616604901650325161164
02011031107132007102653068917505141700344171173
02011031107132007105505068817205161690347171176
02011031107132008100606000000000000000000000157
02011031107132008101163064417004741630311159152
02011031107132008102451060215504471510296147149
02011031107132008103263061115604551520303147156
02011031107132008104070069218405081740334167167
02011031107132008104528068617005161710345171174
02011031107132008106026064916304861570329164165
02011031107132008106479062616304631530310152158
02011031107132008110117068817605121620350171179
02011031107142005101663072417705471760371185186
02011031107142005101704068617105151660349172177
02011031107142006100745064516904761600316159157
02011031107142006104862063916304761520324156168
02011031107142007101806063916604731580315159156
02011031107142007101893067417804961620334168166
02011031107142007102091053014003901280262135127
02011031107142008100465068418804961690327163164
02011031107142008100831069918405151720343175168
02011031107142008102449053514003951290266136130
02011031107142008104918070217605261730353167186
02011031107142008105579063916904701600310153157
02011031107142008109216078820005881960392202190
02011031107142008110081066416604981690329165164
02011031107152003102078069717505221700352171181
02011031107152005103685068118904921740318163155
02011031107152007106575066817304951620333160173
02011031107152008100196067216905031630340165175
02011031107152008103021000018300001720000000000
02011031107162005110152061715704601490311148163
02011031107162006101741064016504751580317162155
02011031107162006106441075018505651940371182189
02011031107162008100033059815204461460300151149
02011031107162008101358075218405681960372185187
02011031107162008102533077419205821930389198191
02011031107162008103466070318305201790341170171
02011031107162008103544065116104901640326163163
02011031107162008104146070517005351750360180180
02011031107162008104977074019205481750373178195
02011031107162008109019064815904891620327165162
02011031107172003105475073419105431790364184180
02011031107172005106739068717405131710342169173
02011031107172006101249072919005391800359178181
02011031107172007103846066917704921670325164161
02011031107172007104333063816604721560316160156
02011031107172008101122067117304981660332167165
02011031107172008101229067217304991650334166168
02011031107172008101586073318005531830370187183
02011031107172008103766066417804861660320158162
02011031107172008104216062217004521540298150148
02011031107172008104614069917505241700354175179
02011031107172008105120068217105111680343173170
02011031107172008106126071518105341750359185174
02011031107172008106469065317604771660311159152
02011031107172008106630070318405191790340179161
02011031107172008109033065716604911600331165166
02011031107182006104773071719205251790346174172
02011031107182006105160066517004951620333164169
02011031107182007101122064516904761590317155162
02011031107182008100667068818005081750333164169
02011031107182008102174066017004901630327162165
02011031107182008102355067817705011720329164165
02011031107182008102365068918505041710333167166
02011031107182008102538070318305201740346179167
02011031107182008102699069318505081720336166170
02011031107182008104284071219705151800335171164
02011031107182008105124069018305071800327162165
02011031107182008105633067517505001710329164165
02011031107182008105881000017300001660000163000
02011031107182008106669064715704901580332164168
02011031107192005106991000000005031700333164169
02011031107192006104516068617705091690340170170
02011031107192006106267068417505091680341169172
02011031107192007102140065616204941550339162177
02011031107192007103062081820706111950416205211
02011031107192007105395064800000000000298153145
02011031107192008100905071618105351770358179179
02011031107192008102795068117405071640343169174
02011031107192008105245066417804861690317163154
02011031107192008105732068717305141680346172174
02011031107192008105847068919704921750317166151
02011031107192008106348070416805361750361181180
02011031107202006103146076120605551950360185175
02011031107202006110147000016700000000000000000
02011031107202007101000067016805021650337169168
02011031107202008102835061315504581570301149152
02011031107202008105668066516305021600342166176
02011031107212005102326063915504841570327164163
02011031107212006100739066217404881650323163160
02011031107212006102167065316204911560335156179
02011031107212007101171064916804811560325156169
02011031107212007106566066116804931620331163168
02011031107212008100919077120905621900372183189
02011031107212008103915061714604711500321158163
02011031107212008104846066516604991590340166174
02011031107212008105777062615804681570311158153
02011031107212008106386064916204871590328164164
02011031107222005102441068617605101680342171171
02011031107222007102143071918605331810352179173
02011031107222007102388068216905131730340173167
02011031107222007104601069518605091770332165167
02011031107222007105970070918105281780350178172
02011031107222007106343069516905261760350178172
02011031107222008102691066917404951590336165171
02011031107222008105383062416404601560304149155
02011031107232008100190071218505271830344179165
02011031107232008106354066717704900000000000170
02011031107232008106389000015100001530000155000
02011031107232008106498067617205041630341164177
02011031107242005110217065216304891610328163165
02011031107242006100252078620005861950391201190
02011031107242006101843065617604801610319160159
02011031107242006105167083021806122090403211192
02011031107242007109165064416704771630314159155
02011031107242008100057063516304721580314157157
02011031107242008102177063615704791570322167155
02011031107242008102213063515504801570323163160
02011031107242008104152064616904771620315158157
02011031107252005100674076819205761880388193195
02011031107252007102580078420705771950382192190
02011031107252008100826064818904591630296155141
02011031107252008101703074218105611790382188194
02011031107252008102298069117405171690348173175
02011031107252008102768062815904691540315161154
02011031107252008103075074700000000000383191192
02011031107252008105263066818104871660321158163
02011031107252008105319065417404801600320158162
02011031107252008105454064916404851630322163159
02011031107262005102155075019805521890363180183
02011031107262008101737068317505081670341169172
02011031107262008104279074219205501840366184182
02011031107272005101663067817005081650343169174
02011031107272005102426063415604781520326160166
02011031107272007104478071200000000000348175173
02011031107272008103593075320305501940356183173
02011031107272008106286063415404801580322162160
02011031107272008110071063015204781560322163159
02011031107282003105475072918805411780363181182
02011031107282004103936069618105151750340169171
02011031107282005102413068218105011720329165164
02011031107282007102942067917905001680332166166
02011031107282008101598068217105111670344172172
02011031107282008101780071018405261770349171178
02011031107282008104083072120305181820336170166
02011031107282008105820066016104991560343166177
02011031107292006101249070918905201720348172176
02011031107292007110010062816204661530313154159
02011031107292008102525089923706622270435214221
02011031107292008105079068818904991720327164163
02011031107292008105481066017204881680320168152
02011031107292008106454067517305021750327166161
02011031107302005102571063816404741590315156159
02011031107302005106739066417004941660328162166
02011031107302006102266065616504911640327164163
02011031107302008101122066017204881650323161162
02011031107312005105273065716604911610330161169
02011031107312006106441070718605211760345167178
02011031107312007100112064416604781570321160161
02011031107312007105645065816604921600332164168
02011031107312008109050068218105011700331171160
02011031107322006104773073718105561800376187189
02011031107322007103062081020406062030403200203
02011031107322007103234000000000000000357178179
02011031107322008102539082120406172010416199217
02011031107322008102872059414804461480298151147
02011031107332005110134062715804691540315153162
02011031107332007102801062500000000000317153164
02011031107332008100357067617405021660336168168
02011031107332008102857062315104721510321158163
02011031107332008103191059915904401470293148145
02011031107332008105596062315704661510315154161
02011031107342007102877067017504951630332160172
02011031107342008101842066816805001650335167168
02011031107362007106566066516904961650331162169
02011031107362007110131068118504961800316165151
02011031107362008103010068917805111780333172161
02011031107362008105968070217005321780354178176
02011031107362008110125065217304791670312155157
02011031107372005100103070718405231760347172175
02011031107372008102540074018305571810376182194
02011031107382007106343000000005081650343172171
02011031107382008101703073918605531840369186183
02011031107382008103075076119005711850386191195
02011031107382008103419069917705221770345177168
02011031107392005102155073700000000000366187179
02011031107392007100903062816504631560307154153
02011031107392008101800068517305121670345170175
02011031107392008101971068117005111680343172171
02011031107392008102536067118004911700321162159
02011031107392008102763073117805531790374188186
02011031107392008104387067916605131650348163185
02011031107392008105317071819105271790348176172
02011031107412006101222069717605211750346173173
02011031107412007105407068517905061730333166167
02011031107412008100622069517705181760342172170
02011031107412008101911068818105071680339170169
02011031107412008104132076619205741890385193192
02011031107422007100729069617605201760344173171
02011031107422008101245068317105121720340171169
02011031107422008103858070018805121760336167169
02011031107422008104739072919105381810357179178
02011031107432003103343072718905381800358181177
02011031107432004103789070118305181770341170171
02011031107432007106085069718305141730341173168
02011031107432008100513069618205141730341173168
02011031107432008100984065617304831650318163155
02011031107432008101416072418805361810355177178
02011031107432008101943065717304841650319163156
02011031107432008102483069017905111710340173167
02011031107442008100695066716705001680332166166
02011031107442008102586071218605261800346178168
02011031107442008105760063515904761580318158160
02011031107452005101356077418405901900400201199
02011031107452008103074071518905261730353177176
02011031107462007101668070317705261740352175177
02011031107462007103590069417205221720350173177
02011031107462007104884072518505401750365184181
02011031107462008100596070717905281760352177175
02011031107462008100778073318805451760369181188
02011031107482008100312065016204881590329162167
02011031107492006103481070317705261800346175171
02011031107492008101986086523906262210405208197
02011031107492008105986075218005721800392191201
02011031107502007100021069716405331780355174181
02011031107502008103010067117105001690331169162
02011031107512007104132073719705401870353171182
02011031107512008102763064816704811590322158164
02011031107512008103112064716704801570323162161
02011031107512008104357069918405151750340172168
02011031107512008104714061616904471540293152141
02011031107512008105568061117204391510288150138
02011031107512008110073068118204991870312164148
02011031107522008105968065416404901650325164161
02011031107532005104015000000005161690347173174
02011031107532006104115065116004911510340159181
02011031107532007100903066516904961650331164167
02011031107542004101623074319105521800372193179
02011031107542006105474068918705021680334163171
02011031107542008101026067418204921640328161167
02011031107542008102631067617205041690335165170
02011031107562005110005062015504651520313154159
02011031107562007100729065516204931640329163166
02011031107562008101245063715604811580323162161
02011031107572004104470067917905001620338168170
02011031107572006101222065516404911650326162164
02011031107572006103235067618204941630331165166
02011031107572006110048068000000000000340171169
02011031107572007105407066416504991700329167162
02011031107572008100622000000004861630323160163
02011031107572008101911066316504981700328167161
02011031107582004103789068217605061700336166170
02011031107582007101911065914905101580352180172
02011031107582007106085067417504991710328165163
02011031107582008103858061716104561480308148160
02011031107582008104739070018905111720339168171
02011031107592006102307065416904851660319165154
02011031107592007104884071017805321770355179176
02011031107592008100778071817905391740365181184
02011031107592008104169065316904841630321159162
02011031108002005101356072918505441770367182185
02011031108002007105487078320005831950388194194
02011031108002007105775069617005261760350170180
02011031108002008101553073419205421820360181179
02011031108002008101843073818705511780373183190
02011031108002008105231070317405291750354176178
02011031108012008101986000021900002060000194000
02011031108012008102522082121506062040402200202
02011031108012008103856073319205411820359179180
02011031108012008105572078819805901950395198197
02011031108022004103454069617405221700352175177
02011031108022008100997072518805371800357179178
02011031108022008103925073118705441780366180186
02011031108032006101015069817405241660358172186
02011031108032006101996063916104781540324158166
02011031108032006102453070218505171740343174169
02011031108032008105508071318505281760352176176
02011031108042003100738066116604951590336163173
02011031108052007109332065717504821620320158162
02011031108252006102823000017700000000000000000
02011031108262006103990060416904351570278144134
02011031108262008101739067618004961680328162166
02011031108262008103741067817505031690334166168
02011031108272008101203062316404591560303154149
02011031108272008102522062419304311440287142145
02011031108272008102871067017904911680323163160
02011031108272008103234070018205181740344175169
02011031108272008105572061118504261410285143142
02011031108282006103043069918205171750342175167
02011031108282007105487071117705341750359178181
02011031108282007105657069718305141720342177165
02011031108282008102585071518705281760352178174
02011031108282008103623070517905261720354179175
02011031108292006102822086223006322090423208215
02011031108292006106768073518505501840366184182
02011031108292008106047067518904861720314158156
02011031108312003100055067917805011720329169160
02011031108312005102620059717504221440278138140
02011031108312008102937063215404781560322160162
02011031108332006103643000017500001690000166000
02011031108342008100808070319105121710341172169
02011031108342008102397068417905051670338168170
02011031108342008103911067519004851690316162154
02011031108352006102778068218704951740321163158
02011031108372008103473080422505792060373192181
02011031108372008106240080422405802080372191181
02011031108392007101191071917905401780362181181
02011031108392008105572000000000000000000000000
02011031108392008106513066116704941610333166167
02011031108402007105487063817504631500313155158
02011031108402008102325070517005351670368178190
02011031108402008102522057120203691300239118121
02011031108412005104378065518804671680299154145
02011031108432007105657072017605441930351180171
02011031108442005102620053516503701300240118122
02011031108452008103194070417905251770348174174
02011031108452008103364066717604911710320162158
02011031108472006103643067117304981640334164170
02011031108472008104923070316505381680370180190
02011031108552007101191068917705121710341171170
02011031108552008102325070417105331740359175184
02011031109052008102416065916404951630332161171
02011031109062006101036087927006092250384197187
02011031109062008104479077320505681930375193182
02011031109072005100022067317205011630338166172
02011031109072007105780067017204981620336162174
02011031109082005100100065016104891660323163160
02011031109092007104740060516204431390304149155
02011031109092007110118063415504791560323167156
02011031109092008102054061815404641440320164156
02011031109092008102440065818104771660311157154
02011031109102003104565067517405011700331165166
02011031109102008104914070918205271780349178171
02011031109102008105337058816204261420284144140
02011031109112004106168063216104711570314155159
02011031109122006103323069818005181740344172172
02011031109122007105939073918605531820371186185
02011031109142007103186069417205221710351174177
02011031109142008102748071518005351790356177179
02011031109172007100433070819305151770338174164
02011031109172008104292068518005051690336170166
02011031109172008106222068618005061700336170166
02011031109172008106442068417905051700335169166
02011031109182007105038066317104921670325163162
02011031109182007105629062416404601540306152154
02011031109192008100473066817104971650332165167
02011031109192008100485061415304611510310153157
02011031109192008102583058815204361460290144146
02011031109192008103089058715104361450291144147
02011031109202005106738065716304941590335168167
02011031109202008100645065316404891570332165167
02011031109202008100760064916404851540331163168
02011031109202008100771068117405071700337171166
02011031109202008101063067817205061660340166174
02011031109202008101695070918105281800348174174
02011031109202008104736073017805521800372186186
02011031109202008105543072017805421680374180194
02011031109202008105805062817504531630290155135
02011031109202008105911065717404831640319160159
02011031109202008106101066016404961600336168168
02011031109222005103400067917205071700337171166
02011031109222007101986066116604951600335166169
02011031109222008102708068017305071690338172166
02011031109222008105177068816705211720349175174
02011031109232008105827070617005361730363181182
02011031109232008106186078420905751970378189189
02011031109242005102969069217705151760339169170
02011031109242008104139069117705141740340169171
02011031109242008104379068417405101690341172169
02011031109452008105038068117305081680340171169
02011031109462005102919078220305791960383187196
02011031109462006104619071817905391730366181185
02011031109462007102035076521205531930360187173
02011031109462007104627064616304831590324157167
02011031109462007105065000000003991430256129127
02011031109462007106708065316204911570334161173
02011031109462008101758055114304081370271135136
02011031109462008105177052614403821310251125126
02011031109472002101825071217805341710363178185
02011031109472005102302066317304901650325161164
02011031109472005102446068016505151730342174168
02011031109472005103961067317105021640338167171
02011031109472006106773071518205331770356177179
02011031109472007101875086923406352140421205216
02011031109472007103172066217304891630326163163
02011031109472007106743000000000001730000171000
02011031109472008100532070917405351780357177180
02011031109472008100944068417005141640350171179
02011031109472008101058065815904991600339166173
02011031109472008101982069517205231670356178178
02011031109472008102096064817004781620316165151
02011031109472008102708064116204791590320158162
02011031109472008103043068617005161670349176173
02011031109472008103649070817705311750356182174
02011031109472008103991069117905121720340169171
02011031109472008106606067417604981670331164167
02011031109482003103635075819305651860379191188
02011031109482004101498071117905321760356180176
02011031109482005102511070018505151660349175174
02011031109482006100777072119305281780350178172
02011031109482006102668069118205091660343169174
02011031109482006103267068717605111710340166174
02011031109482006106656070418105231730350179171
02011031109482007102868070217505270000000000174
02011031109482007106112077518305921850407196211
02011031109482007106154068818005081700338167171
02011031109482007110102069018105091690340167173
02011031109482008100202069117705141670347170177
02011031109482008100344070217005321710361180181
02011031109482008100526071618305331760357180177
02011031109482008103022070217505271710356181175
02011031109482008104266070517305321740358182176
02011031109482008106111070417705271690358177181
02011031109492005102258000015100000000000000000
02011031109492007100119071118005311730358178180
02011031109492007105028069618005161730343173170
02011031109492008100783071518205331750358179179
02011031109492008101352066716804991640335167168
02011031109492008101424067216805041620342171171
02011031109492008101700067917205071640343168175
02011031109492008102011069816805301710359178181
02011031109492008103368069618505111670344171173
02011031109492008103519065716404931640329163166
02011031109492008104384071118005311720359180179
02011031109492008105210066516804971630334168166
02011031109502002105289083921706222010421219202
02011031109502006103659072918805411840357187170
02011031109502007104573067616505111690342172170
02011031109502007104909072318305401790361177184
02011031109502008100544070518105241780346176170
02011031109502008100875066918004891670322160162
02011031109502008101167066617004961620334160174
02011031109502008101378066417504891640325163162
02011031109502008104388073418705471840363192171
02011031109502008104881064916504841650319167152
02011031109502008106485072118705341730361174187
02011031109512006103229069118805031690334166168
02011031109512007103137069217705151760339169170
02011031109512008100228061015304571520305153152
02011031109512008101835068316305201620358179179
02011031109512008102846070518005251790346177169
02011031109512008102990072318605371730364179185
02011031109512008104469059215004421470295147148
02011031109512008105328068717605111710340167173
02011031109512008105491000000004931650328000000
02011031109512008105747070717405331710362171191
02011031109512008106742000000004820000000000000
02011031109522006105437065916304961660330163167
02011031109522008100166067316505081630345167178
02011031109522008101940069516705281720356179177
02011031109522008102178074920105481810367184183
02011031109522008103464067318104921630329166163
02011031109522008103597072419705271670360181179
02011031109522008103829073418605481800368182186
02011031109522008104125064315604871520335160175
02011031109522008105184077120305681840384190194
02011031109522008106272069817705211670354174180
02011031109532005100696061414904651510314153161
02011031109532005103778061915204671530314157157
02011031109532006103074066616505011620339171168
02011031109532006103419059515204431480295148147
02011031109532006103486067017404961720324162162
02011031109532006104535062815304751530322157165
02011031109532007100909067017005001640336163173
02011031109532007102705060215804441410303147156
02011031109532007102827066316404991620337168169
02011031109532007104013061515404611430318146172
02011031109532007104556065017004801580322157165
02011031109532008100039066317104921610331161170
02011031109532008100345065917104881640324161163
02011031109532008100676067817505031680335162173
02011031109532008101242000019400001880000192000
02011031109532008101807068617205141670347172175
02011031109532008102085078319705861940392193199
02011031109532008102222076319405691870382193189
02011031109532008102868066916405051600345172173
02011031109532008102909059915104481490299151148
02011031109532008103641066816605021640338169169
02011031109532008104793054214503971400257130127
02011031109532008105023065616304931560337163174
02011031109532008105604066117004911620329159170
02011031109532008106499066617004961640332165167
02011031109532008106599066817304951690326164162
02011031109542004101855072217605461690377180197
02011031109542008100444070818705211710350172178
02011031109542008101239067817105071630344171173
02011031109542008102518074020505351800355173182
02011031109542008102662069017505151700345177168
02011031109542008102917068619004961690327161166
02011031109542008105390064716804791640315155160
02011031109542008105456064616504811590322157165
02011031109542008109001071616905471820365182183
02011031109552005102607070617905271750352173179
02011031109552007100857053713803991310268132136
02011031109552008100617000014400001340000132000
02011031109552008103868063217004621580304153151
02011031109552008105243063816904691570312154158
02011031109562003110171068318704961670329167162
02011031109562006102092066916505041660338166172
02011031109562006104908066017604841660318162156
02011031109562008100041067417205021690333163170
02011031109562008100889067616705091690340171169
02011031109562008101941063917304661600306152154
02011031109562008104199064116104801630317161156
02011031109562008104488070518105241700354174180
02011031109572006104157067617704991720327168159
02011031109572006105244067417205021670335167168
02011031109572007100094067017104991660333167166
02011031109572007101304066015705031670336167169
02011031109572008100534067517105041660338170168
02011031109572008100588066416504991690330163167
02011031109572008101425066016204981640334164170
02011031109572008104203070418805161650351176175
02011031109572008105631070419505091620347178169
02011031109572008110021066816505031680335166169
02011031109572008110112067817005081660342172170
02011031109582002105018065817304851580327155172
02011031109582004107188069517505201700350178172
02011031109582008100649066617004961660330165165
02011031109582008100692066316904941640330166164
02011031109582008101727065617204841640320161159
02011031109582008102988065716704901630327165162
02011031109582008103660070919005191770342179163
02011031109582008104805072818305451850360184176
02011031109582008105038068316605171730344172172
02011031109592007102035070020304971780319168151
02011031110002003103635076019805621870375187188
02011031110002007100029072919005391790360178182
02011031110002008101131062016004601430317151166
02011031110002008102823057515404211460275136139
02011031110002008103649065716904881680320162158
02011031110002008103991062017104491600289151138
02011031110002008105767061114704641460318154164
02011031110002008105770064416704771510326158168
02011031110012004103299000000004541600294146148
02011031110012005102446067816205161680348174174
02011031110012005102919067617405021640338167171
02011031110012005103961064515804871620325164161
02011031110012006103088068917605131640349171178
02011031110012007106500065016304871640323163160
02011031110012008100597066016704931640329162167
02011031110012008100926063116004711500321156165
02011031110022006106773065517004851620323163160
02011031110022007103172061715504621590303154149
02011031110022007106743000016000001630000000000
02011031110022008101982066917304961690327163164
02011031110022008102971061616404521540298152146
02011031110022008104354066000000000000333162171
02011031110022008106606000017100001640000160000
02011031110032006103267065015904911640327166161
02011031110032007101416072618305431790364181183
02011031110032007102868069117205191670352175177
02011031110032007106154065116704841670317159158
02011031110032007110102065216604861670319161158
02011031110032008104266069017205181680350174176
02011031110032008104388072018205381750363186177
02011031110042004101498000000000000000340170170
02011031110042005102511070418305211780343174169
02011031110042006100777070318205211740347174173
02011031110042006102668069517805171730344175169
02011031110042006106656070818705211800341175166
02011031110042007104573060216204401460294150144
02011031110042007105028065416904851660319157162
02011031110042008100526069118105101690341173168
02011031110042008100783070017705231690354178176
02011031110042008101352066116804931610332164168
02011031110042008101700066116904921620330163167
02011031110042008103132065316704861650321162159
02011031110042008105210065816704911620329162167
02011031110042008106111069917905201720348168180
02011031110052007100119064816604821590323161162
02011031110052008101378055714204151420273141132
02011031110052008104384071417805361720364180184
02011031110052008106742000000000000000000000139
02011031110062006106797065717304841580326163163
02011031110062007104909068517305121700342169173
02011031110062008103829071818105371720365183182
02011031110062008106485070417505291700359175184
02011031110072005102507063216304691600309154155
02011031110072006103229059815304451470298147151
02011031110072007106592063616604701610309155154
02011031110072008100544000000005121750337170167
02011031110072008102178065918204771620315158157
02011031110072008103476062616204641530311159152
02011031110072008105501063016304671550312157155
02011031110082005102607067817205061680338165173
02011031110082008101940071419605181780340167173
02011031110082008102868061715604611500311155156
02011031110082008109001066615805081610347175172
02011031110092008103460064417404701600310161149
02011031110092008106337065016904811660315160155
02011031110102003110171065216604860000000000166
02011031110102008102413064816604821580324158166
02011031110102008106332080020205981990399199200
02011031110112008102779057914804311420289144145
02011031110122007100094064516804771600317159158
02011031110122007101304064016504751550320159161
02011031110122008100491058915104381420296148148
02011031110122008100534064817104771570320159161
02011031110122008100588063616704691520317156161
02011031110122008101425064417104731560317159158
02011031110122008110021063516404711570314155159
02011031110122008110112065017004801580322163159
02011031110132006101967070217405281690359176183
02011031110132007100644062415704671530314154160
02011031110132008100266063416604681540314154160
02011031110132008100568063316604671540313155158
02011031110132008102428063817104671540313153160
02011031110142006105244064616604801620318161157
02011031110152006110096065016004901610329166163
02011031110152008101206064715904881560332163169
02011031110162006104817071919405251800345172173
02011031110172005101654065016504851610324161163
02011031110172005102030082821406142030411208203
02011031110172006101303084920906402050435214221
02011031110172007101416074118805531790374189185
02011031110172007102962080220106011910410203207
02011031110172008104134064616104851620323000000
02011031110192007102648068817805101720338171167
02011031110192007103184075718905681830385192193
02011031110192008102454067917105081680340170170
02011031110202006106320071518705281780350175175
02011031110202007103367067316605071680339173166
02011031110202008100916069316405291620367173194
02011031110202008106099071818805301780352180172
02011031110212006106688070117305281710357182175
02011031110212008100929069617005261770349179170
02011031110222007106366067316905041610343163180
02011031110252004100914067618704891710318159159
02011031110252006102734070017805221740348173175
02011031110262006106377070318605171730344172172
02011031110262007100644069717005271690358183175
02011031110262008102925067317205011640337171166
02011031110262008104995075119505561860370184186
02011031110262008106733069917705221720350174176
02011031110272005102102091823706812180463226237
02011031110272005106878000000000000000000000000
02011031110292008101538065516604891600329167162
02011031110312006101303074718405631860377197180
02011031110312007102962067316205111610350169181
02011031110312007105435057214104311320299145154
02011031110322005101224069617105251740351175176
02011031110322005102030075019205581820376186190
02011031110322005102512069117305181680350173177
02011031110332005106482066216504971640333166167
02011031110332006104540070018005201690351173178
02011031110332007102589082320206211990422208214
02011031110332007105760068217005121690343171172
02011031110332008100212062815804701550315158157
02011031110332008102018071018405261770349172177
02011031110332008104405068217305091670342168174
02011031110332008104679067617005061630343170173
02011031110332008105362069019204981710327164163
02011031110332008109234067817105071640343169174
02011031110342006106688069517705180000000000178
02011031110342007102648068717505121730339170169
02011031110342007103064000000000000000000000000
02011031110342008100929000017900001680000168000
02011031110342008102454066617304931640329167162
02011031110342008106279066816805001640336172164
02011031110342008110089070717805291770352175177
02011031110352006106320067718104961710325162163
02011031110352007103184074118505561870369185184
02011031110352007103367065316904841620322163159
02011031110352008106099068218105011700331169162
02011031110362008100960000016400001740000175000
02011031110372005104786066315405091600349177172
02011031110372008100916066016304971610336158178
02011031110402005110229066217004921600332165167
02011031110402006102734065916904901630327162165
02011031110402008104995068217705051690336168168
02011031110412006106411077719105861880398200198
02011031110412008104579074019705431820361182179
02011031110432006101303072217905431790364189175
02011031110432008104072069717805191730346178168
02011031110442005102030071218205301760354179175
02011031110452007102962068416105231660357175182
02011031110452008104342075719705601980362187175
02011031110462008102554080322905742040370191179
02011031110482007105760066316904941620332165167
02011031110482008104405064416604781550323162161
02011031110482008104679000000004811570324160164
02011031110482008109234065816404941600334166168
02011031110492006102744080422905752010374188186
02011031110502008102989064616804781580320159161
02011031110512005104786066416105031630340166174
02011031110522005110229058415104331460287150137
02011031111062007102905077319605771870390195195
02011031111062008102856077218105911840407198209
02011031111182008102856069517205231710352178174
02011031111192007102905070518205231740349174175
02011031111202007102988079420105931920401192209
02011031111202008100675078319405891930396193203
02011031111302008102856068517305121680344181163
02011031111312007102905069317805151720343174169
02011031111412006102736067517804971730324164160
02011031111412006103162071519005251800345181164
