12007071904572001101752075820405541880366184182
12007071904572004100262054814604021360266130136
12007071904582003101812000016400001540000000000
12007071904582003107181054214503971380259133126
12007071904582004102341000000004761560320160160
12007071904582004102353062716604611540307152155
12007071904582004102674055515204031420261131130
12007071904582004106629075819705611850376188188
12007071904582005100058054014703931370256129127
12007071904582005106836059516404311540277138139
12007071904592001103178063317304601550305152153
12007071904592002107509085522206332200413213200
12007071904592003102943075118605651870378192186
12007071904592004100720075319005631890374186188
12007071904592004103224072418505391730366182184
12007071904592004104555077020005701950375190185
12007071904592005102706069617705191690350174176
12007071904592005104762075819305651880377184193
12007071904592005105201074419205521880364183181
12007071905002000101382073920105381750363182181
12007071905002000101470073719305441820362181181
12007071905002003103051069017605141680346173173
12007071905002004102281082520306221980424212212
12007071905002004105766107526808072660541270271
12007071905012001103189066417104931720321164157
12007071905012002101712055716403931350258129129
12007071905012002106403085220906432190424218206
12007071905012004103075053614303931300263128135
12007071905012004110059069418105131790334172162
12007071905012004110214068418305011710330169161
12007071905012004110281060115404471560291154137
12007071905012005110050066217304891690320165155
12007071905022001103104000000003891350254131123
12007071905022001103392075621905371860351182169
12007071905022002110213074100000000000355000000
12007071905022003102928075121805331840349181168
12007071905022003102944078619905872000387000000
12007071905022003104182061016404461500296142154
12007071905022003110073074121705241820342177165
12007071905022004100072074520205431860357181176
12007071905022004102762059317704161460270134136
12007071905022004102834074621605301820348181167
12007071905022004102999074021705231810342179163
12007071905022004103095073819905391830356176180
12007071905022004106924000018900001730000176000
12007071905022005101583072418505391850354174180
12007071905022005102971071919005291780351177174
12007071905022005103959071918305361860350172178
12007071905022005106139071618805281740354179175
12007071905032003102828054914604031390264137127
12007071905032004102742077619105851880397196201
12007071905032004102783075521205431830360182178
12007071905032004105460070818705211640357177180
12007071905032004106093069618005161730343174169
12007071905032005105973077619605801880392196196
12007071905042001102129083921606232050418210208
12007071905042001106147051513703781270251123128
12007071905042004100504069718805091720337171166
12007071905042004101997068318005031690334171163
12007071905042004104261075818805701730397196201
12007071905042004105295072319105321720360176184
12007071905042004110212073920905301820348179169
12007071905042005101791070417705271750352176176
12007071905042005105340077521005651930372189183
12007071905052001100821074119605451880357186171
12007071905052002102674081823505832070376192184
12007071905052004104771053313703961260270129141
12007071905052005102118070517405311740357176181
12007071905052005109021072718505421800362177185
12007071905052005110029072618405421800362177185
12007071905052005110055052113403871250262126136
12007071905062002100471053313803951380257131126
12007071905062003100664070718405231740349173176
12007071905062003102207059516704281480280140140
12007071905062003103801075619205641870377192185
12007071905062003105773068316705161700346184162
12007071905062004100193069118005111780333170163
12007071905062004101213000000000000000000000000
12007071905062004103057064316704761680308156152
12007071905062004106741073319205411840357180177
12007071905062005103089070118605151670348174174
12007071905062005103832069018005101780332169163
12007071905072001100237074318905541840370187183
12007071905072003106424071518905261720354177177
12007071905072003107178071419105231800343171172
12007071905072004103363070319705061700336172164
12007071905072004104876067818104971700327166161
12007071905072004105074070319105121760336171165
12007071905072004105292055815804001430257126131
12007071905072005100378076019605641830381192189
12007071905072005103493074119605451820363182181
12007071905072005104944069619804981730325168157
12007071905072005105783076820005681880380187193
12007071905072005106108074119605451820363182181
12007071905082000100057078719505921960396196200
12007071905082001101752074018205581780380187193
12007071905082003101168072320205211870334167167
12007071905082004101663069417005241620362188174
12007071905082004103153070817205361810355178177
12007071905082004103411070517505301670363179184
12007071905082004103538077018505851970388195193
12007071905082005101192080320006031940409203206
12007071905082005105635078118905921990393195198
12007071905082005109078078320105821960386196190
12007071905092001101505072818505431820361181180
12007071905092004101052068618105051640341175166
12007071905092005104251000022200001850000180000
12007071905092005109092073118705441810363184179
12007071905092005110129075819105671940373199174
12007071905102003105275075518705681910377188189
12007071905102004100194073019005401880352179173
12007071905102004102252071818505331610372182190
12007071905102004104000079321005831960387194193
12007071905102004104262055715704001420258131127
12007071905102004106675053715003871280259122137
12007071905102005101430075318305701890381191190
12007071905102005105272067518204931700323164159
12007071905102005106713074517605691900379190189
12007071905112003105798056015004101440266137129
12007071905112004101870054614604001380262133129
12007071905112004102507070718305241740350173177
12007071905112004106300072318805351690366182184
12007071905112004106874000000000000000000000000
12007071905112005103482073919205471770370186184
12007071905112005103722069017605141710343169174
12007071905112005105128054514903961370259131128
12007071905112005105397077919105881880400197203
12007071905112005106604055015203981360262132130
12007071905112005110071070318005231740349173176
12007071905122005101135076519805671900377190187
12007071905122005103486066515705081620346162184
12007071905122005105478073819105471850362181181
12007071905122005105819070118405171650352172180
12007071905132002102172077720905681890379191188
12007071905132002107509083920906302130417207210
12007071905132004100971059318404091420267133134
12007071905132004105766088823706512210430218212
12007071905132005102636068316105221660356176180
12007071905132005103480071218605261810345173172
12007071905142001100412052314303800000000000126
12007071905142003106779052114203791300249123126
12007071905142004102281082720206252050420210210
12007071905152002106403077019005801990381198183
12007071905162004102838058216204200000000000130
12007071905162005103389059217204201490271138133
12007071905162005103706059317304201490271138133
12007071905172003100100076118205791840395198197
12007071905172003102928054115203891310258122136
12007071905172003110073053115303781320246121125
12007071905172004102999053715203851300255122133
12007071905172004105460070819305151800335169166
12007071905172004105972076020005601860374190184
12007071905182003104960070218505171730344174170
12007071905182004100504067217604961640332165167
12007071905182004102184057115504161420274134140
12007071905182004105295071418605281760352176176
12007071905182005102142075519905561860370184186
12007071905182005103997074419405501850365182183
12007071905182005105314074519405511860365181184
12007071905182005105382075619905571870370184186
12007071905192005106487069918005191670352172180
12007071905202003103801067516905061660340171169
12007071905202004101105081420406102000410210200
12007071905202004101283070118705141760338177161
12007071905202005106001081020306071980409201208
12007071905212004110056070719105161760340173167
12007071905212005102207076618505811870394198196
12007071905212005106483076918205871910396199197
12007071905222005102351076620305631880375188187
12007071905232003110010072218405381750363182181
12007071905242001100346072618405421870355181174
12007071905242003110095079321405791870392198194
12007071905242004101854000018600001770000172000
12007071905242004106662067917805011640337158179
12007071905242004110096078718506022020400205195
12007071905242005101430071617405421760366181185
12007071905252004103307059516304321530279143136
12007071905262003102969066217304891610328162166
12007071905262004103725065217804741520322160162
12007071905262004106463070219505071740333167166
12007071905262004106469070219405081750333167166
12007071905272003101657065216704851610324161163
12007071905272004101044067817505031640339167172
12007071905272004102777066118104801630317154163
12007071905282002102348076720305641810383000000
12007071905282003102234078020705731960377196181
12007071905282004100582076518405811930388193195
12007071905282004105424078420105831940389195194
12007071905282005103573071819405241840340171169
12007071905282005104121071216805441740370178192
12007071905292004110044069417805161730343170173
12007071905302003106302071118805231690354171183
12007071905302004102216068717705101660344174170
12007071905312004105772076320505581810377187190
12007071905322003100100072117705441730371183188
12007071905322003106096071618505311760355176179
12007071905322004102174073618305531840369181188
12007071905322004105264079118906022120390202188
12007071905322005102142055415304011400261131130
12007071905322005105314055515404011410260132128
12007071905322005105382055415404001400260133127
12007071905332005103641065217004821560326162164
12007071905342002104391070918505241740350000000
12007071905342004102865064816504831560327161166
12007071905342005100115067716805091660343170173
12007071905352004100257066716205051680337166171
12007071905352004100680069316405291710358184174
12007071905352004103399064215304891520337161176
12007071905352004110056059115604351420293145148
12007071905362000100397069717305241710353173180
12007071905362001104077104423608082630545273272
12007071905362001106517057415804161440272132140
12007071905372001107097067618204940000000000162
12007071905372001110187052014203781200258122136
12007071905372004103502077619405821920390197193
12007071905372004110096069118205091730336172164
12007071905372005102999069818305151700345172173
12007071905382003102452084722506222080414206208
12007071905382004102950000000000000000256123133
12007071905382004103234052414403801310249123126
12007071905382005100262052613703891240265000000
12007071905382005101445074518905561750381193188
12007071905382005103406080620506011980403207196
12007071905392002104866079420605881940394196198
12007071905392004105177063415304811500331163168
12007071905392005104566067816505131660347171176
12007071905402003106107067018204881740314155159
12007071905402005101271056013904211380283137146
12007071905412004102205070319605071730334168166
12007071905422004103361072317605471830364185179
12007071905432003105472073219205401860354180174
12007071905442003101825052614003861310255125130
12007071905442004104134052814103871320255125130
12007071905442004106627075720305541850369189180
12007071905442005103114071817705411810360182178
12007071905442005109012073317205611780383190193
12007071905452004102174069117905121700342167175
12007071905452004102312070419205121720340176164
12007071905452004102444062517904461640282143139
12007071905452004109043056114904121430269132137
12007071905452005104624074517405711870384193191
12007071905452005106337056215004121440268131137
12007071905462002101525069718405131640349171178
12007071905462002101892081322705861950391196195
12007071905462002106619079319505981940404198206
12007071905462004103441082821506132050408205203
12007071905462005100956072319705261770349176173
12007071905472002101863069318805051750330167163
12007071905482003103022074620205441820362185177
12007071905482004102271088822706612200441221220
12007071905482004104742071819205261800346175171
12007071905482004106421056614604201400280137143
12007071905482004109049102727707502610489257232
12007071905492002100694072419105331810352177175
12007071905492003105537069019604941710323167156
12007071905492004100884070018805121760336171165
12007071905492004104539068815505331700363185178
12007071905492005104094069615805381680370187183
12007071905492005106009078521305721900382189193
12007071905502005109026070619105151790336170166
12007071905512002100508052514603791250254122132
12007071905512004105129095023107192400479240239
12007071905512005101709069117505161680348170178
12007071905512005103752069217605161680348170178
12007071905561998100440069117905121640348167181
12007071905562004100211074518605591750384187197
12007071905562004102508075618605701800390190200
12007071905582000102811060615604501520298000000
12007071905582004100486065817404841620322161161
12007071905582004102312072022005001830317166151
12007071905582004103588072020605141750339168171
12007071905592002100971071119205191760343172171
12007071905592004106141070417805261750351177174
12007071905592005103155069818305151710344172172
12007071905592005103935066717404931580335158177
12007071906002004102801071818105371780359176183
12007071906012003105424074219005521850367182185
12007071906012005104624055514204131380275136139
12007071906022002100694071418105331840349177172
12007071906022002103740000000000000000000250000
12007071906022003109263057416504091450264134130
12007071906022004102271084021706232070416212204
12007071906022004103825053714603911260265126139
12007071906022004109049090224306592230436220216
12007071906022005101435071318405291750354176178
12007071906202001110211067417005041660338167171
12007071906232004101734056316204011390262136126
12007071906242001106161073119005411830358178180
12007071906252001104872052113403871240263127136
12007071906262005106403068517605091690340169171
12007071906262005106592068617705091680341169172
12007071906302004103053069818305151760339173166
12007071906302004110002069218605061750331172159
12007071906312004103507071318405291790350175175
12007071906312004104935071317605371820355178177
12007071906322001106606055314904041450259133126
12007071906342003102391055215803941380256124132
12007071906342005102920057015204181410277134143
12007071906342005107015056715004171420275133142
12007071906352004101965075520405511890362182180
12007071906361999100643056514904161370279134145
12007071906372001104489060717204351540281137144
12007071906382001106161070217905231730350171179
12007071906401999104536060716104461570289144145
12007071906472001103305067417405001740326163163
12007071906472004105350069317705161700346174172
12007071906472004110038061914704721540318157161
12007071906502002110038071518305321780354179175
12007071906502002110065068817905091660343164179
12007071906522004103980064418704571610296149147
12007071906532004107007060715104561470309148161
12007071906552002102126070217805241720352177175
12007071906552002102505078220905731930380190190
12007071906552003101909071516205531750378186192
12007071906572004100075000000005290000000000180
12007071906572005100112069818005181660352172180
12007071906572005106444066315905041610343171172
12007071906582002105674000017800001640000000000
12007071906582005101461069317705161760340169171
12007071906582005104694069317705161760340169171
12007071906582005104997068217305091650344168176
12007071907002001103305067617405021680334000000
12007071907012004101729070918605231780345176169
12007071907012004110038060913804711500321156165
12007071907022004100416072319105321830349178171
12007071907022004110036069917705221710351175176
12007071907032003101082078920905801930387197190
12007071907032005101329072719105361760360181179
12007071907032005104145072519205331720361178183
12007071907032005106325072619105351760359182177
12007071907032005106506075919405651910374186188
12007071907052003102951051615103651130252116136
12007071907052005100638070718405231720351173178
12007071907052005103511071617405421720370178192
12007071907052005106365069718005171640353176177
12007071907072002100281079220205902010389197192
12007071907072002102301068017905011680333164169
12007071907072003101679074923405151770338174164
12007071907072003102205076219805641890375188187
12007071907072003102299075019305571810376184192
12007071907072003104923075719905581840374189185
12007071907072004105297070616805381750363182181
12007071907072005101023070116805331700363186177
12007071907082003104191074418705571770380187193
12007071907082004103478068517505101670343170173
12007071907092004101666069016205281790349178171
12007071907092004107201071216505471880359181178
12007071907092005101396075720605511890362185177
12007071907092005102081075520505501890361185176
12007071907092005103620079119705941990395196199
12007071907092005106477081121305982010397197200
12007071907102003105389077319105821910391198193
12007071907102004103818061215404581480310154156
12007071907102005105373079620405921950397195202
12007071907122002104686080722205852080377194183
12007071907122002105674051113603751250250122128
12007071907122003103364076219105711940377201176
12007071907122004101804072719305341760358182176
12007071907122004102365056714804191460273141132
12007071907122004102796081920806112030408211197
12007071907122004105633072918505441820362186176
12007071907122005101331076720605611900371180191
12007071907122005106635075719805591870372179193
12007071907132001104574054115003911350256127129
12007071907132005101364064015304871500337166171
12007071907132005105205071217105411710370183187
12007071907132005106015071217105411710370184186
12007071907142005100786070117205291730356174182
12007071907142005105857070418605181750343171172
12007071907142005110021070617605301720358176182
12007071907152002100569077318405891880401194207
12007071907152002100728064915904901650325160165
12007071907152004105655056415504091360273129144
12007071907152004107254068917705121640348173175
12007071907152005102216064116804731630310155155
12007071907152005106269055315004031360267129138
12007071907162003106291068217605061680338166172
12007071907162004101150072019705231760347175172
12007071907162004103895060916704421590283147136
12007071907162004110117062916804611540307152155
12007071907172002102753069017705131720341172169
12007071907172004102037071918605331720361176185
12007071907172004105333067918604931710322164158
12007071907172005101293081019506151960419203216
12007071907172005103448072516805571740383185198
12007071907182000107264077620305731960377187190
12007071907182002102301052814103871340253124129
12007071907182003101156072417805461730373184189
12007071907182003105321074319005531870366185181
12007071907182003109312070617805281770351175176
12007071907182004103735064616204841630321165156
12007071907182004104433066616405021510351170181
12007071907192000101691063515504801540326159167
12007071907192003102205058114904321450287142145
12007071907192003104923054814404041370267133134
12007071907192005101023055014604041360268134134
12007071907202002100281078520605791970382190192
12007071907212005102796075018305671870380191189
12007071907212005104933074818205661870379190189
12007071907222004101781070617405321780354175179
12007071907222005106345071017405361740362180182
12007071907232002103499072018305371820355181174
12007071907232004104093071518005351750360180180
12007071907232004104144066417004941620332164168
12007071907232005109137067317604971620335163172
12007071907242003103747054416303811340247125122
12007071907242004100922088223706452160429213216
12007071907252001103040074619805481830365184181
12007071907252002100994072318605371830354178176
12007071907422001107329053314003931260267128139
12007071907422004101123070218605161720344173171
12007071907422004102985000000004960000000000168
12007071907422004105178069917605231720351178173
12007071907422005102188071818805301780352174178
12007071907422005104154071818805301790351174177
12007071907432000100299082319906242050419211208
12007071907432002107002069317905141720342170172
12007071907432004101495071819105271720355177178
12007071907432004104994065416104931660327160167
12007071907432005105487081921206072040403205198
12007071907442001110032064016504751630312163149
12007071907442003102992066716605011680333173160
12007071907442003105564066516604991640335169166
12007071907442004106211064316504781600318161157
12007071907442005100459057515704181460272135137
12007071907442005102115069317705161720344170174
12007071907442005102675065700000000000330164166
12007071907452002105558067517305021660336165171
12007071907452004102878078020105791930386195191
12007071907452004106312076019805621890373183190
12007071907452005101734067516805071650342169173
12007071907452005103392079019405961930403200203
12007071907452005106259067716905081660342168174
12007071907462003106114070817805301720358178180
12007071907462004100593078519605891870402198204
12007071907462004101880067216805041610343170173
12007071907462004102224080619306132000413204209
12007071907462004103100076819205761870389188201
12007071907462004106411063716904681540314158156
12007071907472002100573055516003951370258125133
12007071907472005102310065216504871640323160163
12007071907472005104303068117405071660341168173
12007071907472005105109068217505071660341168173
12007071907472005105865069918005191750344170174
12007071907482002106417074520105441850359180179
12007071907482004106854058516504201390281142139
12007071907492005101792077620505711890382193189
12007071907492005110095077620405721900382193189
12007071907502002105980077420705671970370187183
12007071907502003103005056014404161400276137139
12007071907512005102183062816404641570307151156
12007071907522002102287066317104921660326164162
12007071907532002105381084621806282100418210208
12007071907532003105102089722706702290441225216
12007071907542001103731089723806592310428212216
12007071907552003104338066317504881630325163162
12007071907552003105071069418805061710335169166
12007071907561999104643069317505181680350173177
12007071907562005102125069717205251690356180176
12007071907572002100969052714003871320255127128
12007071907582004103100053714303941350259125134
12007071907582004106033068517105141720342173169
12007071907582004109053079721005871950392194198
12007071907592005102857076019905611890372185187
12007071907592005102878076020605541830371180191
12007071907592005106000076320905541830371181190
12007071908032003100862066017804821620320161159
12007071908042004102852066917104981670331167164
12007071908042005105323069616905271730354174180
12007071908072002105381079521005851970388199189
12007071908072003105102077719805791870392198194
12007071908082002106072053714603911330258130128
12007071908092000102363068417405101660344170174
12007071908092004106030068318704961670329165164
12007071908102000110053069017905111720339174165
12007071908112004110259070217305291730356176180
12007071908112005104203060616704391590280146134
12007071908132004109291068317005131650348172176
12007071908152004103670059616304331480285146139
12007071908152005103902088423006542150439224215
12007071908172003106097075419605581900368189179
12007071908172004103648076619305731890384195189
12007071908182003102883062215704651540311154157
12007071908182004104932055214304091350274133141
12007071908192002101015068618605001590341171170
12007071908212001105273058714704400000000000152
12007071908252005103599070318005231750348172176
12007071908252005103712068818005081730335166169
