02017042505592009105825064517404711630308158150
02017042505592011103876063416404701640306156150
02017042505592011103949063116304681680300156144
02017042505592013105784063416304711590312158154
02017042505592014101361064617404721630309160149
02017042505592014102667063116404671610306155151
02017042505592014110077063216304691630306155151
02017042506002011101773067317005031740329164165
02017042506002012105873077419905751950380191189
02017042506002013100555061216704451440301154147
02017042506002013102829067317305001700330168162
02017042506002013104215062615904671570310155155
02017042506002013105128067816805101660344169175
02017042506002013105297063716504721590313155158
02017042506002013105698066917004991710328164164
02017042506002014100051068417805061680338171167
02017042506002014100364063016004701560314158156
02017042506002014100527067016405061730333169164
02017042506002014100691063616604701560314155159
02017042506002014100716065316004931630330165165
02017042506002014101310064816104871620325167158
02017042506002014101515064816104871600327166161
02017042506002014101539060215504471560291147144
02017042506002014103591087221206602230437221216
02017042506002014103901063316204711610310157153
02017042506002014105713064516204831640319159160
02017042506002014106058064317104721650307157150
02017042506012009105766065316704861620324160164
02017042506012011103649068718005071740333168165
02017042506012012106103071017605341700364172192
02017042506012013101058069617705191670352177175
02017042506012013103929066417004941640330166164
02017042506012013105373069017305171690348174174
02017042506012013106433070918005291780351175176
02017042506012014100029072919705321830349179170
02017042506012014100135071817905391850354181173
02017042506012014100264068417205121670345173172
02017042506012014101559068817205161720344171173
02017042506012014101601063616704691630306158148
02017042506012014101733070118205191770342176166
02017042506012014102805065616504911640327168159
02017042506012014102837068817305151720343173170
02017042506012014103493070517905261770349177172
02017042506012014103731065016004901600330166164
02017042506012014103927072018505351850350182168
02017042506012014104269067717305041730331170161
02017042506012014106362067516605091650344168176
02017042506012014106428070117105301710359172187
02017042506012014109051071118205291750354178176
02017042506022012103729067116805031610342173169
02017042506022013101425069016905211730348173175
02017042506022013103690067516305121710341168173
02017042506022013105436067516505101690341170171
02017042506022014101327064015604841590325157168
02017042506022014101354068717305141730341167174
02017042506022014101712068317805051690336168168
02017042506022014102081068417405101710339167172
02017042506022014102374069117305181680350176174
02017042506022014102612069817305251790346173173
02017042506022014103115065816404941640330164166
02017042506022014104041069017205181700348171177
02017042506022014104284081520806072010406210196
02017042506022014105171068816605221690353173180
02017042506022014105225065615904971620335163172
02017042506022014105433077120805631880375189186
02017042506022014106326064915704921580334165169
02017042506022014110014068417405101690341170171
02017042506032009102554068816905191740345173172
02017042506032011102450067816305151680347172175
02017042506032013100915070316505381720366180186
02017042506032013103352070916905401850355180175
02017042506032013105455070918205271820345175170
02017042506032014101243061516504501580292146146
02017042506032014102187068117505061700336171165
02017042506032014103009066716605011690332164168
02017042506032014103156068016905111690342169173
02017042506032014103656067516205131730340170170
02017042506032014104753066216304991580341164177
02017042506032014104754071118305281810347178169
02017042506032014104983068216505171690348173175
02017042506032014105178070116305381830355183172
02017042506032014105185070618005261800346176170
02017042506032014105307066916705021670335168167
02017042506032014105601069917405251810344176168
02017042506032014105700071818205361810355182173
02017042506032014106103071117705341790355178177
02017042506042010103016066117304881670321160161
02017042506042010103291067116405071670340172168
02017042506042012100009069717605211810340169171
02017042506042012104575070118105201790341172169
02017042506042012110029068618205041700334170164
02017042506042013104536068016505151720343172171
02017042506042013105594070318305201730347173174
02017042506042013105900069717605211740347177170
02017042506042013106293070218705151740341171170
02017042506042014100693070618105251810344179165
02017042506042014101187070318205211800341170171
02017042506042014101280070518405211800341172169
02017042506042014102312068017505051680337168169
02017042506042014104552068416705171730344177167
02017042506042014105077069018105091730336167169
02017042506042014105290069718205151790336169167
02017042506042014105483068517105141740340172168
02017042506052012102985068817505131700343174169
02017042506052012103624073317605571850372185187
02017042506052013100513071318305301730357180177
02017042506052013101292069718605111810330171159
02017042506052014100484072818705411790362181181
02017042506052014100634070317905241760348181167
02017042506052014100717070518005251760349175174
02017042506052014100740071618605301780352177175
02017042506052014101125063115604751540321159162
02017042506052014101508069117105201800340177163
02017042506052014101648072719805291900339178161
02017042506052014101722070118205191800339171168
02017042506052014102101070217805241760348175173
02017042506052014103192072118705341800354174180
02017042506052014103779070116605351810354178176
02017042506052014104259072818905391790360180180
02017042506052014104802070417105331830350177173
02017042506052014105393071218505271780349178171
02017042506052015101231071718505321770355181174
02017042506062011106544066516804971710326160166
02017042506062011106545065616704891640325163162
02017042506062012102498070218405181780340172168
02017042506062012102830069916805311730358179179
02017042506062012105752070217905231800343174169
02017042506062013101647064115604851620323161162
02017042506062013101848069316705261690357174183
02017042506062013102513067016605041640340167173
02017042506062013103523069517305221720350173177
02017042506062013105452066616605001690331169162
02017042506062014100194070017505251770348179169
02017042506062014100560069116905221690353175178
02017042506062014101461070617205341730361180181
02017042506062014101906069517105241740350173177
02017042506062014102161068617505111720339173166
02017042506062014102247069417405201780342173169
02017042506062014103259067617205041680336170166
02017042506062014103578069817205261720354176178
02017042506062014103790066216304991620337167170
02017042506062014105709067816805101670343174169
02017042506072012101907064216104811620319161158
02017042506072012105306069017405161710345173172
02017042506072012106250070917605331840349179170
02017042506072013105028065516404911640327167160
02017042506072013105133065617104851670318158160
02017042506072013109002070417905251750350177173
02017042506072014100330070417705271720355179176
02017042506072014101590070218805141850329169160
02017042506072014101927073417905551890366183183
02017042506072014102258063315804751570318160158
02017042506072014102315067816705111730338170168
02017042506072014104093068817305151710344174170
02017042506072014104864070418405201810339177162
02017042506072014105398068117905021740328167161
02017042506082011105266068317905041740330162168
02017042506082012102604066314005231600363169194
02017042506082013104917069918105181680350176174
02017042506082013105382072018405361820354179175
02017042506082013105587066515005151650350173177
02017042506082014100289067616305131650348175173
02017042506082014101881070018005201750345181164
02017042506082014103341067115405171640353177176
02017042506082014105145067516105141650349173176
02017042506082014105688071118305281790349179170
02017042506082014106482067716405131660347171176
02017042506092009106017071119605151850330170160
02017042506092014101787065816404941640330167163
02017042506092014102825064616704791600319164155
02017042506092014105257071919005291930336186150
02017042506092014105260076219405681900378191187
02017042506092014105409072019705231860337177160
02017042506092014105438064815704911580333166167
02017042506092014105608070618805181840334176158
02017042506092014105734063615404821580324161163
02017042506092014106039076019205681900378195183
02017042506092014109085063615404821580324163161
02017042506092015104090078619805881880400202198
02017042506092015104665077819705811950386198188
02017042506102011103324068217805041770327167160
02017042506102013100345068318105021750327171156
02017042506102014104847070317705261710355178177
02017042506102014105095068717205151750340172168
02017042506102014106526059814304551450310152158
02017042506112009101016070717505321800352182170
02017042506112014105371070817505331800353183170
02017042506122012100895069917705221710351176175
02017042506122012101970068317505081720336174162
02017042506122012103950070518205231790344175169
02017042506122013105795066817104971740323164159
02017042506122014101710068417305111670344168176
02017042506122014101742069817405241780346177169
02017042506122014105729068017405061670339174165
02017042506122015104066068117305081680340175165
02017042506132012105474068918105081790329167162
02017042506132013100099066417004941650329162167
02017042506132013104550065116004911620329168161
02017042506132014100934067918004991650334171163
02017042506132014102487067417904951690326168158
02017042506132014103591062816904591590300152148
02017042506132014103672067216005121610351176175
02017042506132014103745067417405001740326169157
02017042506132014103927065017004801640316163153
02017042506132014104933067917905001680332170162
02017042506132014105283068118005011670334171163
02017042506132014105819067817205061710335168167
02017042506132014106043067617305031660337169168
02017042506132014106125067717405031670336170166
02017042506142010103182061616204541560298150148
02017042506142013104026063716704701580312160152
02017042506142014100051067817305051740331173158
02017042506142014100264071818505331840349179170
02017042506142014101517065116804831600323161162
02017042506142014102218069418905051760329177152
02017042506142014103686064916804811640317158159
02017042506142014104510067517105041690335171164
02017042506142014105298065316704861630323160163
02017042506142014106347067816905091710338170168
02017042506142014110050065417104831670316161155
02017042506152012105873070518105241750349176173
02017042506152013105128068918005091740335169166
02017042506152013106068069117905121760336169167
02017042506152014101631061816104571540303151152
02017042506152014102081068418405001710329166163
02017042506152014102108067717305041670337170167
02017042506152014103295068116805131710342167175
02017042506152014103491064316304801570323165158
02017042506152014104634061216104511500301150151
02017042506152014105433065516204931650328169159
02017042506152014110074063216104711600311157154
02017042506162010100451069316905241720352174178
02017042506162012103729065216004921560336170166
02017042506162012106103066616904971630334160174
02017042506162013102061063116504661530313155158
02017042506162013105436066616804981630335172163
02017042506162014100763065316504881620326163163
02017042506162014101310063515704781600318158160
02017042506162014101515064615904871600327160167
02017042506162014102253063416504691550314156158
02017042506162014102316063216404681550313157156
02017042506162014102329067417405001660334170164
02017042506162014103493065416904851570328159169
02017042506162014103972069218305091740335169166
02017042506162014104421065516804871630324164160
02017042506162014105225066716705001670333168165
02017042506162014105899067217704951730322165157
02017042506162014106428064315504881580330165165
02017042506162014110014066416704971650332170162
02017042506172010103016063416304711570314156158
02017042506172010103291066916805011690332168164
02017042506172013100635065817204861730313170143
02017042506172013103572066617404921680324157167
02017042506172014100733068517305121710341173168
02017042506172014100752067716305141720342170172
02017042506172014102147066317204911720319163156
02017042506172014102189065316804851730312168144
02017042506172014103156064816604821600322159163
02017042506172014104552063516304721550317159158
02017042506172014105077069117905121730339169170
02017042506172014105426065416804861690317163154
02017042506172014105450066516505001630337168169
02017042506172014105483063616104751600315158157
02017042506182012100009069717505221710351172179
02017042506182013100915069116405271760351168183
02017042506182013103352069116905221730349170179
02017042506182013110055068817505131750338167171
02017042506182014101410068617305131730340171169
02017042506182014101648073619805381850353180173
02017042506182014101727066017204881610327161166
02017042506182014102432068316705161750341172169
02017042506182014105178069516705281740354174180
02017042506182014105573067317005031650338167171
02017042506182015101286070617205341750359178181
02017042506182015102410069816905291740355175180
02017042506192012103499068618505011660335170165
02017042506192012104575066916905001730327169158
02017042506192013101292068916905201710349173176
02017042506192013106293066117204891710318161157
02017042506192014100693067416505091760333171162
02017042506192014101187067117504961750321156165
02017042506192014101280067317704961730323162161
02017042506192014102312069516705281700358183175
02017042506192014105898071718405331800353181172
02017042506192014105984070518105241810343178165
02017042506202014100278070717205351780357182175
02017042506202014100459060915104581490309152157
02017042506202014100634070218305191750344170174
02017042506202014101508069617405221850337172165
02017042506202014101634062315604671540313159154
02017042506202014101722070318005231770346177169
02017042506202014103779064415504891610328166162
02017042506202014104559067817105071690338169169
02017042506202014104802070317805251770348178170
02017042506202014105068069117405171670350178172
02017042506202014105290069517605191760343173170
02017042506202014105600070117005311810350177173
02017042506212010103795066116404971660331166165
02017042506212011105905068517705081690339174165
02017042506212012100934067417504991680331167164
02017042506212012102498064617004761630313153160
02017042506212012102840066116304981670331164167
02017042506212012103624068217105111680343169174
02017042506212012105306067216905031660337159178
02017042506212014102361067817605021720330165165
02017042506212014106160065617104851640321165156
02017042506212014106169065917904801640316157159
02017042506222012104165069017505151720343168175
02017042506222013105028065016704831560327156171
02017042506222013106262072617505511810370187183
02017042506222013109002066716804991650334166168
02017042506222014100330065816904891700319162157
02017042506222014100484069417605181750343174169
02017042506222014100740069318105121780334170164
02017042506222014101461071818005381770361183178
02017042506222014101590065716704901550335164171
02017042506222014101927070417605281770351175176
02017042506222014102101068917705121780334168166
02017042506222014102315067916705121700342177165
02017042506222014104093070217205301720358180178
02017042506222014104226066816904991690330164166
02017042506222014104259069017605141720342175167
02017042506222014109110072616505611760385192193
02017042506232010100483062916904601550305152153
02017042506232013104917067217105011640337169168
02017042506232013105885061116004511570294150144
02017042506232014100786070618605201770343172171
02017042506232014100835070218005221800342174168
02017042506232014101640071018905211690352173179
02017042506232014101881072018605341890345177168
02017042506232014102135067416905051710334165169
02017042506232014102879061516204531560297149148
02017042506232014105226066917004991670332165167
02017042506232014105468062416804561520304155149
02017042506232014105835069417805161790337169168
02017042506232014106320067917005091740335172163
02017042506242012101907060515104541520302144158
02017042506242013103117067517804971720325166159
02017042506242014102258061315304601490311152159
02017042506252010104732067118204891730316155161
02017042506252014101626064917904701650305156149
02017042506252014101975064917104781620316162154
02017042506252014104847069217405181740344172172
02017042506252014110003066317304901690321159162
02017042506262009100949068918005091690340170170
02017042506262012105474066517404911780313162151
02017042506262014103110070219605061780328167161
02017042506262014106125069317805151740341174167
02017042506272012101970068117605051800325169156
02017042506282013100028069517805171730344171173
02017042506282014102360068418405001740326166160
02017042506282014103417068816205261670359177182
02017042506292012102942071317705361790357178179
02017042506292013102794073721005271830344168176
02017042506292014106347068118304981770321161160
02017042506302014101179066617804881670321161160
02017042506302014103311067917405051700335167168
02017042506312014100087067519004851710314164150
02017042506312014101727062215404681530315152163
02017042506312014101861069918905101740336171165
02017042506312014103735068019304871710316159157
02017042506322010104261074420105431890354176178
02017042506322014101769069918205171750342174168
02017042506332014102322063715804791550324164160
02017042506332014104373068517705081610347169178
02017042506342013104852066118204791630316161155
02017042506342014100682067817904991750324160164
02017042506342014102234067917305061690337170167
02017042506342014103504063518204531590294143151
02017042506352013106262067817105071670340171169
02017042506352014101716073618805481800368185183
02017042506352014105574069518305121800332169163
02017042506362012103917067518304921730319164155
02017042506362014109110067216305091730336174162
02017042506372013105680062915704721610311159152
02017042506382013103786068417005141690345172173
02017042506382014100557070718105261760350179171
02017042506382014103378065816504931610332166166
02017042506382014105415070518005251800345172173
02017042506382014105521068817805101700340165175
02017042506392012102179062316804551580297150147
02017042506392013105586062616404621560306156150
02017042506392014102828066216704951620333168165
02017042506392014104991062516504601570303152151
02017042506392014105289062516504601540306155151
02017042506392014105391064515304921530339171168
02017042506402011103739063716904681630305155150
02017042506402012101894063616204741590315155160
02017042506402012103720069917105281770351178173
02017042506402013104904069216905231670356172184
02017042506402014100277061216004521580294148146
02017042506402014100625071417805361730363181182
02017042506402014102934063115404771550322157165
02017042506402014105697064016904711600311154157
02017042506412014101014067617105051620343167176
02017042506412014105042067016105091600349168181
02017042506432013102345065215404981600338165173
02017042506432014103986060914304661470319163156
02017042506442013102794065717704801620318160158
02017042506442014101326068117605051700335172163
02017042506452013105524070718005271710356176180
02017042506452014104959069618005161730343176167
02017042506452014106453071319905141870327177150
02017042506462013105644063515704781550323160163
02017042506462014101751075720305541940360184176
02017042506462014104978066616605001710329168161
02017042506462015101728075419905551950360186174
02017042506462015106191075419805561920364186178
02017042506472012104866069818105171740343170173
02017042506472014110004061215104611540307154153
02017042506482010104038070018105191730346178168
02017042506482012101173070518005251740351180171
02017042506482012104385069417705171740343174169
02017042506482014102063069417405201730347178169
02017042506482014102754069618005161760340173167
02017042506492012103917067118504861630323160163
02017042506492014102709066616804981590339171168
02017042506502012103180065817504831680315160155
02017042506512014104539069219704951770318161157
02017042506522013103786066216404981610337170167
02017042506522014103281064617004761650311156155
02017042506522014103375064916004891560333165168
02017042506522014105521066916405051640341170171
02017042506542009105407065717504821710311161150
02017042506552012103720065616704891620327166161
02017042506552014100625067617704991740325167158
02017042506562012105574070018205181800338169169
02017042506562013104904069417205221690353175178
02017042506562014101014069217805141740340170170
02017042506562014102086069517705181740344177167
02017042506562014102087069417805161730343177166
02017042506562014102102067116905021630339165174
02017042506562014102420069717605211740347177170
02017042506562014105042066116504961680328166162
02017042506572011105971081721506022010401201200
02017042506572014101222067018304871650322165157
02017042506572014102562069218305091700339168171
02017042506572014105397067718004971690328169159
02017042506572014105550068318604971680329165164
02017042506582011104759064116404771590318157161
02017042506582014101326069117605151750340172168
02017042506592013105524069717005271670360182178
02017042506592014104959069718205151770338174164
02017042507012010104458064516604791570322159163
02017042507012013101205071417705371730364180184
02017042507012014102738070917705321730359175184
02017042507012014104436068615605301650365178187
02017042507012014104607070817805301750355172183
02017042507012014104978066815905091740335169166
02017042507012014105863067917105081680340170170
02017042507022013103959070118305181780340175165
02017042507022014101240068016505151620353171182
02017042507022014102602068517305121670345166179
02017042507032010104038067117105001730327169158
02017042507032012101173067717105061740332171161
02017042507032013105821072118705341910343185158
02017042507032014102063066216804941630331168163
02017042507032014102754066717204951680327167160
02017042507042011106393069217505171720345172173
02017042507042014104155069117605151720343172171
02017042507282014101031066817304951630332169163
02017042507282014104374067417105031630340166174
02017042507282014105731066817504931610332166166
02017042507282014109108067717305041740330168162
02017042507292012101402067218404881740314160154
02017042507292014101130068017805021690333174159
02017042507292014105419067117404971700327163164
02017042507302014100593072919705321850347177170
02017042507302014105733072419705271840343175168
02017042507322014105062066718304841710313162151
02017042507332013109027065117304781660312156156
02017042507332013109076065117804731630310156154
02017042507332014102205066116904921700322165157
02017042507332014102501069821104871760311161150
02017042507332014103089065316604871690318164154
02017042507332014103373071820005181860332170162
02017042507332014105159065417304811660315155160
02017042507342013105785067717804991720327172155
02017042507342014102741066717004971630334177157
02017042507352013100484067717605011710330167163
02017042507352013106214070317005331730360180180
02017042507362013105383064617304731640309158151
02017042507362014104118064817404741640310158152
02017042507362014105810065117204791670312160152
02017042507372011104032070719105161780338174164
02017042507382014103367071517305421720370181189
02017042507392014101880068018204981710327164163
02017042507402014101545066617104951630332167165
02017042507422013104884070218605161730343171172
02017042507432014100222074919805511900361184177
02017042507482012100610068618505011810320164156
02017042507482012110031058414604381450293147146
02017042507502014102304082622306032080395197198
02017042507512009106014063915904801620318161157
02017042507512014110078066717304941680326161165
02017042507512015105947066717204951700325162163
02017042507552013103961069418005141720342173169
02017042507552014100994068417605081690339174165
02017042507552014102652069618005161760340171169
02017042507572014101353067815605221640358175183
02017042507582014103769066615705091630346173173
02017042507592012105988068217105111720339170169
02017042507592014102808067718104961710325163162
02017042508002013100083071117805331830350178172
02017042508002014110070072118005411890352181171
02017042508012012104740071417605381790359181178
02017042508012014104281079720805891940395196199
02017042508022014102304066317404891680321170151
02017042508052012102736067316805051650340170170
02017042508052014102031074720105461890357180177
02017042508052014102262072419505291760353177176
02017042508062010105893066416405001730327166161
02017042508102013103961066516604991660333169164
02017042508102014100994067317404991670332171161
02017042508102014102652067017005001640336168168
02017042508122010106163073217405581850373185188
02017042508132013104934070317605271730354176178
02017042508132014100735063616304731620311158153
02017042508132014102560063816504731640309156153
02017042508132014103465069017605141680346176170
02017042508132015101785069317505181740344172172
02017042508132015103748069517005251760349177172
02017042508152012104466062416704571590298152146
02017042508152014101644061816604521550297148149
02017042508152014102864071717605411790362181181
02017042508152014105825062216604561590297151146
02017042508162012106162065415604981610337161176
02017042508182014101387065517104841630321168153
02017042508182014102262068317805051650340167173
02017042508182014102981070917605331730360178182
02017042508182014105500065817204861610325170155
02017042508182014106011065816904891650324164160
02017042508192011102899062316904541660288149139
02017042508192013102771081021705931960397198199
02017042508192014104343071619205241800344177167
02017042508202014101820063615904771590318158160
02017042508202014102264063316304701620308160148
02017042508202014104281070719005171730344171173
02017042508212009109113071017305371750362182180
02017042508212014104409068217405081710337169168
02017042508222015101145072518005451810364180184
02017042508232009105855069418405101780332172160
02017042508232010104208074319905441940350178172
02017042508232011101727065115904921660326168158
02017042508232011103836070519305121850327170157
02017042508232011104019069518605091790330170160
02017042508232012110100071018905211860335171164
02017042508232013105545074319805451950350181169
02017042508232013110091070918505241900334175159
02017042508232014101424069817805201810339171168
02017042508232014104903068217505071660341166175
02017042508232014105266073520105341980336173163
02017042508232014105465070118705141790335172163
02017042508232014105945072619805281950333169164
02017042508232014109065070917605331800353181172
02017042508242013102828071118005311720359178181
02017042508242013105569070018305171800337162175
02017042508242014100636070018305171760341179162
02017042508242014102246070017905211840337166171
02017042508242014103419070018605141750339170169
02017042508242014105614069317805151750340172168
02017042508242014105644066116604951670328167161
02017042508252012103932067717804991770322167155
02017042508252014105354067717605011800321168153
02017042508262013100601066117304881650323162161
02017042508262013105574071719105261850341179162
02017042508262014104773072018805321740358182176
02017042508262015104194072219205301920338172166
02017042508472011104295063316404691610308154154
02017042508472012104420063716604711630308157151
02017042508472014101306065415504991620337164173
02017042508472014106428065315305001620338165173
02017042508482010103940068217405081720336173163
02017042508482011104237063517004651640301151150
02017042508482012104293068117305081720336169167
02017042508482013100601064416704771660311162149
02017042508482013102278066116204991640335171164
02017042508482013105024067517505001670333172161
02017042508482013105878064116604751580317158159
02017042508482014101460068517705081680340170170
02017042508482014102392065316704861720314162152
02017042508482014102976067317804951640331169162
02017042508482014104773068217105111730338170168
02017042508482014105269072818205461790367186181
02017042508492010100034063716204751580317155162
02017042508492011102281069418105131780335172163
02017042508492013100655064916404851620323161162
02017042508492013105434069518105141770337175162
02017042508492014100382068618305031650338166172
02017042508492014100926065716804891610328166162
02017042508492014102484068217405081670341168173
02017042508492014103815066216604961660330165165
02017042508492014104107066817304951660329164165
02017042508492014104704068817605121660346173173
02017042508492014105104070218105211770344181163
02017042508492014105462071818305351720363182181
02017042508492014106488068516905161730343175168
02017042508492015102079071817605421760366185181
02017042508492015106257071817505431770366185181
02017042508502013101887067117304981710327167160
02017042508502013105794069917805211750346174172
02017042508502013106079067217604961660330167163
02017042508502014100928069417605181690349177172
02017042508502014104243066216904931620331167164
02017042508502014106080067516705081720336168168
02017042508502014106096069517305221730349177172
02017042508502014106286067318304901710319163156
02017042508502014106493071317905341780356177179
02017042508512009105855069817705211780343177166
02017042508512011104451069517605191770342172170
02017042508512011106350074318605571920365182183
02017042508512012101246069617705191760343173170
02017042508512013100786074118505561880368185183
02017042508512013104464068917305161770339172167
02017042508512013105927069817605221760346177169
02017042508512014103486073618405521840368186182
02017042508512014103694069617405221750347179168
02017042508512014103714070117905221710351173178
02017042508512014104659065615105051580347171176
02017042508512014105893069617605201800340171169
02017042508512014106238069417205221760346178168
02017042508512015104200074318705561830373190183
02017042508522010110015069917605231750348172176
02017042508522013100022069216405281680360175185
02017042508522013100082068517405111730338173165
02017042508522013102296061514904661510315153162
02017042508522013102967061415404601510309150159
02017042508522013105569070017805221730349181168
02017042508522014100636069817505231750348181167
02017042508522014100729069818005181720346177169
02017042508522014102009071817005481740374190184
02017042508522014102246069818305151780337172165
02017042508522014103419070418305211820339172167
02017042508522014104813062615504711540317155162
02017042508522014104864073618005561800376192184
02017042508522014105614069918405151800335167168
02017042508522014105675067816605121690343176167
02017042508522014110083067316505081640344177167
02017042508522015102695073818505531880365187178
02017042508522015105065067316605071680339175164
02017042508532011105825070717405331790354181173
02017042508532012104290064415504891550334163171
02017042508532013101169069317405191650354180174
02017042508532014100778069418305111700341171170
02017042508532014101128065916704921570335172163
02017042508532014101479066917904901740316161155
02017042508532014102481069018305071750332177155
02017042508532014105504067218104911690322168154
02017042508542012104164070217905231790344172172
02017042508542014100151066116304981640334164170
02017042508542014103488065216704851630322160162
02017042508542014103755069117705141680346170176
02017042508542014105649070118305181740344174170
02017042508542014110042070917605331740359180179
02017042508552014100891074120605351890346178168
02017042508552014103138078920905802010379197182
02017042508562014100936069118505061760330171159
02017042508572012104515064816904791680311164147
02017042508572013105819066217104911700321164157
02017042508572014100817065616204941760318164154
02017042508572014101108066017704831660317163154
02017042508582010110014062816004681630305159146
02017042508582014105376069118005111830328168160
02017042508582014105439069217205201710349179170
02017042508582014106004067916605131680345173172
02017042508592010100460067817705011710330167163
02017042508592013100528063716704701560314153161
02017042509002012102624062715804691510318157161
02017042509002013104063067817405041700334170164
02017042509002014101646068418005041700334164170
02017042509002014102387068417805061710335167168
02017042509002014104079068317705061700336167169
02017042509012014101267069217305191690350176174
02017042509012014102018069518705081790329174155
02017042509012014102438066416604981590339171168
02017042509022013105132070217505271770350186164
02017042509022014105462068217605061660340171169
02017042509032012101116068318604971770320160160
02017042509032014104704066817904891700319162157
02017042509032014106286066818304851690316162154
02017042509032014106488069317805151750340173167
02017042509042012105747075120805431870356187169
02017042509042014100916076320205611910370192178
02017042509042015104473070418905151730342166176
02017042509042015106115079021605741850389191198
02017042509052012104290061715404631530310156154
02017042509062014102022067817205061680338174164
02017042509062014105031068317805051690336170166
02017042509062014106493071718205351750360179181
02017042509062015102079069817305251710354176178
02017042509062015106257069717305241710353175178
02017042509072011105825062716404631590304155149
02017042509072013105325071319705161950321169152
02017042509072014100286067917705021650337168169
02017042509072014103714067617405021720330168162
02017042509072014104267070017605241720352176176
02017042509082011106350071417505391820357182175
02017042509082013100786071617805381770361182179
02017042509082014103486071518205331750358181177
02017042509082014105678068317305101720338169169
02017042509082015104200070218105211720349176173
02017042509092012101317064616804781600318159159
02017042509092012104103063516904661620304155149
02017042509092013103817064316604771590318159159
02017042509092014104783074818405641730391199192
02017042509092014105272069317505181730345178167
02017042509092014105860064616904771590318164154
02017042509112012104278068717205151680347172175
02017042509112014100891069917605231710352181171
02017042509122014103138067717205051710334171163
02017042509132010102214071919505241710353167186
02017042509132014105486070118605151740341171170
02017042509142010100460066117904821670315161154
02017042509142014102033066517704881720316166150
02017042509152011104419061415704571520305154151
02017042509152013106303061515604591530306156150
02017042509152014105756064417304711630308156152
02017042509152014105949067116305081660342172170
02017042509172014102554068517605091680341174167
02017042509182011103555082222106011980403197206
02017042509202011101738070417605281710357177180
02017042509202013102553076720805592050354187167
02017042509202015100805070217505271690358178180
02017042509212013105131066017604841630321161160
02017042509232014102119070017905211750346176170
02017042509232014102674068717005171710346175171
02017042509242013105949069017205181720346171175
02017042509242014103937068017005101670343170173
02017042509262011104437074519405511850366183183
02017042509302011103555068317705061680338170168
02017042509342010104213063816804701590311158153
02017042509342014101490065417004841610323164159
02017042509342014105572066318304801690311158153
02017042509352012104680068517305121740338169169
02017042509362012104535067818104971660331165166
02017042509362014105345074119205491810368182186
02017042509372010104967076020505551970358183175
02017042509372014109050068418405001690331168163
02017042509392013105842064015704831600323162161
02017042509402011103768067817305051670338176162
02017042510052014100327068616705191680351177174
02017042510052014101548071717805391820357181176
