12003103105581998100503075119505561850371189182
12003103105581999100042073818905491870362183179
12003103105581999104732079419905952000395199196
12003103105582000100742063917504641580306159147
12003103105582000101293070118605151810334172162
12003103105582000106156077219705751900385192193
12003103105582000110202070118005211660355180175
12003103105582001101914076419205721960376193183
12003103105591997103474074219405481840364180184
12003103105591997105070074919305561830373187186
12003103105591997110152055614204141420272142130
12003103105591999101153054913704121420270140130
12003103105592000100106074420705371790358175183
12003103105592000101506073320305301790351178173
12003103105592000106865071918805311800351000000
12003103105592001100101075820305551890366190176
12003103105592001100270087121706542050449222227
12003103105592001101623075919405651900375190185
12003103105592001101746070618705191750344174170
12003103105592001101787078520105841920392194198
12003103105592001102155074220005421830359173186
12003103105592001103724000019900001830000195000
12003103105592001104612072919205371780359181178
12003103105592001107536071118105301700360178182
12003103105592001107564074719405531820371187184
12003103105592001107733063515904761550321157164
12003103106001996110169052513503901300260130130
12003103106001998103996072118105401790361182179
12003103106001999101272074420005441800364177187
12003103106001999110010052913503941300264130134
12003103106002000100023073119605351820353188165
12003103106002000100447072418905351800355182173
12003103106002000102054071619205241790345180165
12003103106002000110043059514804471580289152137
12003103106002001101548070317305301610369182187
12003103106002001101708073418905451810364186178
12003103106002001101899071718505321820350181169
12003103106002001103337070117705241770347171176
12003103106002001104806073719705401830357170187
12003103106002001105055080220106011960405207198
12003103106002001105833071719005271770350177173
12003103106002001106965071718505321820350181169
12003103106002001106980072519105341800354175179
12003103106002001110211071417305411810360177183
12003103106011998101349083200000000000404000000
12003103106011999101106084021706232030420000000
12003103106011999106804071318805251760349174175
12003103106012000101281069417705171680349174175
12003103106012000101634066217704851630322160162
12003103106012000104242066916305061580348176172
12003103106012001101503079320005931790414212202
12003103106012001102154076319605671870380192188
12003103106012001103110070617805281720356181175
12003103106012001103113070017605241740350178172
12003103106012001103416076020005601890371186185
12003103106012001104882074819005581860372188184
12003103106012001105250066315405091600349178171
12003103106012001105660071017505351710364179185
12003103106012001106642081620706092100399206193
12003103106012001107508076421305511880363183180
12003103106012001110185082421506092100399206193
12003103106021998105443075719905581900368186182
12003103106021999101429078921005791940385195190
12003103106021999101716069418305111710340174166
12003103106022000101394070217505271770350180170
12003103106022000102044077119905721950377193184
12003103106022000109043072017805421780364183181
12003103106022001101706066315805051600345171174
12003103106022001105351072217605461780368185183
12003103106022001105768077019905711920379193186
12003103106031998110202069318305101690341171170
12003103106032000101626074520705381910347178169
12003103106032000106013068316705161700346176170
12003103106032000107593077019405761930383187196
12003103106032000110053069217605161710345171174
12003103106032000110198071917905401700370183187
12003103106032001100297067717605011750326164162
12003103106032001105701063819104471740273148125
12003103106041998101799075919705621870375188187
12003103106041998102840000000000000000354179175
12003103106041998103255068517905061690337169168
12003103106041999101368076918805811920389198191
12003103106041999101607071918605331780355180175
12003103106042000100215073718505521810371187184
12003103106042001104731073418005541840370185185
12003103106042001104875075920105581820376191185
12003103106042001105504071618905271790348178170
12003103106042001105832073919705421780364183181
12003103106042001106138067616805081640344173171
12003103106042001106225068817805101700340169171
12003103106051998100689073917005691830386193193
12003103106051999100320078622605602000360000000
12003103106051999104828076200000000000364183181
12003103106052000110089069000000000000351177174
12003103106052001100650068116305181690349178171
12003103106052001102064077220905631900373185188
12003103106052001102146072518905361810355180175
12003103106052001103232076720405631910372185187
12003103106062000100298072419905251820343177166
12003103106062000100320069117505161720344171173
12003103106062000104800078419105932010392199193
12003103106062000105531075319205611870374189185
12003103106062000106471076520505601920368000000
12003103106062001100377071119005211700351176175
12003103106062001103339072618105451770368178190
12003103106062001103985071918805311730358180178
12003103106062001106211067016605041650339168171
12003103106062001110249086821306552180437220217
12003103106071997107690067200000000000332170162
12003103106071999100607076319205711950376194182
12003103106071999110001067817505031700333170163
12003103106072000104428068116705141670347173174
12003103106072001100736073519805371840353176177
12003103106072001100739074020005401840356177179
12003103106072001101951073918605531880365189176
12003103106072001103072078922905601960364186178
12003103106072001103079071118605251780347176171
12003103106072001103460080420705972010396202194
12003103106072001106188074119805431860357183174
12003103106082001101507076120605551870368184184
12003103106082001102493083223405982130385200185
12003103106082001104945078521905661940372196176
12003103106082001105035067716705101660344176168
12003103106082001105391088724406432230420213207
12003103106082001107389080321805852050380196184
12003103106082001109133079621505811940387194193
12003103106082001109476080321905842050379195184
12003103106082001110264072218805341780356179177
12003103106092000105383077220805642010363183180
12003103106092001100563067717105061680338170168
12003103106092001102687080321705862020384198186
12003103106092001104167086625206142050409203206
12003103106092001104712070318005231730350174176
12003103106092001104834075620605501930357190167
12003103106092001105515080300000000000384197187
12003103106092001107262078320105821930389193196
12003103106092001107831078420205821950387196191
12003103106092001109138078920705821940388195193
12003103106101998102734000000005041770327168159
12003103106101998106639000018900001820000000000
12003103106101999106091073618205541770377186191
12003103106102000101833071318605271740353179174
12003103106102000102321074819205561850371189182
12003103106102000102923057513704381300308148160
12003103106102001101248073818805501840366189177
12003103106111997105089000018600000000000000000
12003103106111998105261068016405161680348174174
12003103106111998106718069418005141740340174166
12003103106111999104732077818805901970393201192
12003103106111999104888066616005061650341171170
12003103106111999105538072017005501770373191182
12003103106112000101293068918005091730336173163
12003103106112000103193075520405511800371189182
12003103106112000105086077220605661950371190181
12003103106112001100044079120905821970385205180
12003103106112001100681079620805881970391205186
12003103106112001100746071916705521810371188183
12003103106112001100751074219205501800370187183
12003103106112001102533067017604941640330164166
12003103106112001102585072718005471760371184187
12003103106112001103291074518405611850376197179
12003103106112001110197067417205021650337169168
12003103106121996103661069417805161750341172169
12003103106121997102412078320005831910392196196
12003103106122000100742064017704631590304155149
12003103106122000101326066817004981670331166165
12003103106122000102766073319205411780363000000
12003103106122000104171070318205211750346173173
12003103106122001100737077820205761950381187194
12003103106122001101037056715104161410275138137
12003103106122001101121073019005401830357180177
12003103106122001102128072919405351770358180178
12003103106122001103015073619105451810364188176
12003103106122001103306075019505551810374188186
12003103106122001103432078320605771900387191196
12003103106122001104235077119305782010377193184
12003103106122001104628073019005401830357180177
12003103106122001104801059115604351430292145147
12003103106122001105155056815204161420274137137
12003103106122001106139077219305792020377193184
12003103106122001107191075719905581860372182190
12003103106122001110143059215704351420293145148
12003103106122001110242069918505141800334178156
12003103106131998101850071017905311760355184171
12003103106131998110195068400000000000333167166
12003103106131999106400070500000000000339175164
12003103106132000100397070618805181680350174176
12003103106132000101615050613003761260250125125
12003103106132000101691075920005591900369184185
12003103106132000104000071117305381610377187190
12003103106132000106017075819105671880379191188
12003103106132001100265000000005430000000000179
12003103106132001100270079818506131960417206211
12003103106132001101529075519105641860378196182
12003103106132001101708075619705591920367190177
12003103106132001101746068218105011710330168162
12003103106132001101749072519405311750356183173
12003103106132001103724061817504431580285156129
12003103106132001104102077321005631880375190185
12003103106132001104439079319006031880415210205
12003103106132001104612068218105011710330168162
12003103106132001104640071018305271760351178173
12003103106141997103474071216505471710376188188
12003103106141998101755074019505451770368187181
12003103106141998103996067216405081650343169174
12003103106141999106074077420205721920380193187
12003103106141999106978074219905431810362185177
12003103106142000100023000000005521750377196181
12003103106142000101394063800000000000306152154
12003103106142000103614075719705601850375189186
12003103106142000104795061815704611480313154159
12003103106142000105259074020805321890343178165
12003103106142000106088073619405421780364000000
12003103106142000110202073900000000000372189183
12003103106142001100390076619705691910378191187
12003103106142001101696077200000000000385196189
12003103106142001102147074219705451770368187181
12003103106142001102433075118705641860378193185
12003103106142001102856074519105541910363185178
12003103106142001103337072317805451750370188182
12003103106142001103707078020105791920387192195
12003103106142001103722077220005721910381190191
12003103106142001104882071917605431750368188180
12003103106142001105055075519505601780382193189
12003103106142001105280076819405741900384193191
12003103106142001105283075418505691840385187198
12003103106142001105488066616405021650337167170
12003103106142001105502077920105781920386192194
12003103106142001106460073619005461910355182173
12003103106142001107752089223406582250433222211
12003103106151996107036076719405731920381197184
12003103106151997101021071619005261830343000000
12003103106151997105070074918605631880375187188
12003103106151999101429075820505531880365183182
12003103106151999106894070717105360000000000183
12003103106152000106346076720005671880379191188
12003103106152001100237076620605601850375191184
12003103106152001100545070017505251720353180173
12003103106152001101503073820105371800357182175
12003103106152001102127082721506122080404209195
12003103106152001102154071819005281780350178172
12003103106152001102218075719405631860377190187
12003103106152001102579083321206212050416207209
12003103106152001103416070317805251780347176171
12003103106152001103967070919005191840335178157
12003103106152001104394072318405391750364182182
12003103106152001105060076520605591850374191183
12003103106152001105831076019505651880377190187
12003103106152001106729071719505221750347179168
12003103106152001106965070818605221730349176173
12003103106152001107508070618505211730348176172
12003103106152001109137072219705251780347179168
12003103106161998102871068317305101630347174173
12003103106162000100165071720305141830331172159
12003103106162000101325066018304771820295157138
12003103106162000102044072418405401810359185174
12003103106162000105007064618304631590304156148
12003103106162001102311067117304981570341167174
12003103106162001102470075317905741920382195187
12003103106162001103090074000000000000374186188
12003103106162001103109066718504821760306162144
12003103106162001103366067117704941670327166161
12003103106162001103381066018404761740302159143
12003103106162001104731070717605311790352178174
12003103106162001106150065019004601820278155123
12003103106162001107093076700000000000391192199
12003103106171996106096072018005401730367000000
12003103106171998101349068117905021780324169155
12003103106171999101106084522306222100412213199
12003103106171999107372075719705601850375193182
12003103106172000101740076019405661830383191192
12003103106172000105379065017404761670309156153
12003103106172001100872072519805271820345173172
12003103106172001102161072519905261810345173172
12003103106181998106798073118705441840360182178
12003103106181999100320074119905421920350173177
12003103106181999100379069017805121700342169173
12003103106181999102020072919505341720362182180
12003103106181999102389074619205541900364182182
12003103106181999103463071618905271770350175175
12003103106181999106756072818605421810361178183
12003103106182000101218077320905641910373193180
12003103106182000102694074320505381820356182174
12003103106182000104443073720205351800355186169
12003103106182001101257075017005801920388194194
12003103106182001102291076720905581840374187187
12003103106182001105832073218805441780366180186
12003103106182001106201076519405711820389198191
12003103106182001106225071718205351760359185174
12003103106182001106298074200000000000360187173
12003103106182001107662079721105862010385197188
12003103106182001110091079620805882010387198189
12003103106182001110188059515204431490294147147
12003103106191997101799085822906292140415212203
12003103106192000107177076020805521950357185172
12003103106192001107392073018005501820368186182
12003103106202000100672072019405261710355173182
12003103106202000102343071418705271770350176174
12003103106202000105531066317104921650327167160
12003103106202000106912069218505071690338169169
12003103106202000110018078921005791960383193190
12003103106202001100097070718605211730348175173
12003103106202001100122069017805121710341173168
12003103106202001100377066017804821650317158159
12003103106202001101173073018505451790366186180
12003103106202001102922064917304761580318159159
12003103106202001106211066117104901640326163163
12003103106202001106563067316205111640347174173
12003103106202001110221052514303821290253126127
12003103106211998101186074718805591870372182190
12003103106211998102528059815104471430304149155
12003103106212000102080079121005811990382190192
12003103106212000110044071018405261750351177174
12003103106212001102200074519805471920355188167
12003103106212001105154066217604861630323164159
12003103106221999101368073118105501840366182184
12003103106221999101470065316604871570330164166
12003103106222001100499078021005701990371193178
12003103106222001100726066116704941500344163181
12003103106222001100739070817605321740358179179
12003103106232000103638069917205271730354176178
12003103106232001100618059618104151580257132125
12003103106232001100650066016005001620338170168
12003103106232001102146067417604981650333167166
12003103106232001107587071618205341770357181176
12003103106242000101121076919005791900389198191
12003103106242000102386074618605601810379191188
12003103106251996103661068917205171710346173173
12003103106251998106639000000000001610000178000
12003103106251999105237000021800000000000000000
12003103106251999106091069117005211720349175174
12003103106251999107591071416505491770372185187
12003103106252000102321072418305411790362183179
12003103106252000105665073018805421810361180181
12003103106252001100860075419205621820380190190
12003103106262000103193065418104731630310156154
12003103106262000107632065617804781620316159157
12003103106262001100751072317905441880356182174
12003103106262001101121068318504981720326169157
12003103106262001104628069519704981720326169157
12003103106271997105089072400000000000366186180
12003103106271998101746062118604351620273144129
12003103106271998103390065615804981600338183155
12003103106271999104209070416205421760366186180
12003103106272000100156070016005401740366186180
12003103106272000102752063216004721600312158154
12003103106272001100512068016605141670347175172
12003103106272001100746068916405251640361179182
12003103106272001101003066516505001640336166170
12003103106272001102254066217004921620330166164
12003103106272001102433073218205501820368186182
12003103106272001104102068818705011670334169165
12003103106272001107191071918105381780360180180
12003103106281999102020071218205301770353178175
12003103106282000105694073318205511830368185183
12003103106282001100647070817705311700361186175
12003103106282001105513071818405341740360186174
12003103106291999101577064216704751590316159157
12003103106291999106700067618104951650330166164
12003103106291999106756056015004101350275139136
12003103106292000101553071419405201780342173169
12003103106292001105681062615104751490326159167
12003103106301997102412084621406322070425218207
12003103106301998101858000018700000000000000000
12003103106301999104270076418505791810398194204
12003103106302001100672068517505101660344174170
12003103106302001101865069818505131640349174175
12003103106302001104077000000005191650354174180
12003103106302001104172069018205081630345177168
12003103106302001104463069516605291700359179180
12003103106302001105218069217405181670351174177
12003103106311998106551069200000000000348174174
12003103106311999103913059516604291650264141123
12003103106311999107372071318505281760352176176
12003103106312000101449065016504851610324163161
12003103106312000102313067816605121700342174168
12003103106312001107392072318905341850349177172
12003103106321998106798069617905171760341172169
12003103106321999102389071518305321820350178172
12003103106321999102930071018605241700354179175
12003103106322000104443070719205151920323171152
12003103106322000105220064617504711670304157147
12003103106322000106983069618005161740342171171
12003103106322001100575067617205041660338168170
12003103106322001100772068717205151670348175173
12003103106322001100821067017104991720327171156
12003103106322001101780066716804991710328172156
12003103106322001102425069818605121730339169170
12003103106322001105426070418205221770345173172
12003103106322001105625066716705001680332176156
12003103106322001105696075019105591820377192185
12003103106322001106201074118905521850367187180
12003103106322001106298076420605581880370000000
12003103106322001110263066115605051540351167184
12003103106331995105349071617705391810358174184
12003103106332000104319067116905021610341170171
12003103106332001100484069717905181730345173172
12003103106341998103855074119605451830362184178
12003103106341999102672071019005201760344000000
12003103106342000107650074119705441850359179180
12003103106342001100177073919105481870361181180
12003103106342001104854069117905121650347171176
12003103106342001105102073618905471870360181179
12003103106351997101799078420205821910391198193
12003103106351997110095000000005721890383000000
12003103106362000100672075020205481830365183182
12003103106362000105092068016705131620351172179
12003103106362001100569073119305381840354180174
12003103106362001100726064215704851530332161171
12003103106362001104105067016805021610341169172
12003103106362001105415064616904771520325163162
12003103106371996102077071117905321840348180168
12003103106372000104000065515704981440354167187
12003103106372000106017074619005561840372186186
12003103106372001102210075918405751880387196191
12003103106372001110010075918505741870387196191
12003103106381998104038070217505271600367177190
12003103106381999100142069318205111670344167177
12003103106381999106842068416605181650353177176
12003103106382000107414065815405041550349165184
12003103106382001102086053414203920000000000134
12003103106382001103601066716904981680330168162
12003103106391999105939067517205031670336171165
12003103106391999110225063517904561600296150146
12003103106392000110004063616104751560319159160
12003103106392001101003072318805351900345176169
12003103106392001101404067016505051590346171175
12003103106392001101474078119705841900394198196
12003103106392001102979078119605851910394198196
12003103106392001105694071819005281730355175180
12003103106392001106653076819905691850384192192
12003103106392001110003070118805131750338171167
12003103106392001110187069118305081720336170166
12003103106401998104781072017205481770371187184
12003103106402001103485072520205231860337174163
12003103106402001107312066617004961630333169164
12003103106402001107334069918005191720347177170
12003103106402001107702068717205151680347174173
12003103106412001103358064016304771570320162158
12003103106412001107175070118205191730346176170
12003103106412001107789071118005311770354180174
12003103106421997100963067117005011620339168171
12003103106421998100304071317405391770362182180
12003103106421998100363058414304411300311000000
12003103106421999101295074619105551860369182187
12003103106422000104202053714303941340260128132
12003103106422001100102069918205171690348174174
12003103106422001104804064217904631660297156141
12003103106431997105975068718005071570350173177
12003103106432000102313065816404941600334165169
12003103106432000103891069417305211690352175177
12003103106441999101880063119404371510286138148
12003103106442000103787068519004951590336166170
12003103106442000106788056814904191480271133138
12003103106442000107680064316304801590321163158
12003103106442001100652072119005311750356181175
12003103106442001103890068317405091670342168174
12003103106442001107045073920005391820357185172
12003103106442001110039070917605331710362183179
12003103106451998110292070118905121810331172159
12003103106451998200027067316605071720335170165
12003103106451999100276070317205311760355182173
12003103106451999101751068318404991690330167163
12003103106451999103763066519204731440329165164
12003103106452000102258066516505001670333166167
12003103106452001100541067117504961640332167165
12003103106452001103040067117704941630331167164
12003103106452001104077071217605361760360179181
12003103106452001104953078622205641990365182183
12003103106452001106197083121106202040416202214
12003103106461998101154069818005181730345173172
12003103106461999107277073818205561860370192178
12003103106462000102119073118705441770367187180
12003103106462000104580086223106312160415212203
12003103106462000105822066118204791610318160158
12003103106462001100090073918805511860365185180
12003103106462001100548074120305381800358182176
12003103106462001100994067700000000000000000175
12003103106462001102313074018905511860365185180
12003103106462001102452078121505661950371191180
12003103106462001103817071518205331750358182176
12003103106462001103863070117405271700357181176
12003103106462001103914071518305321740358182176
12003103106462001106164072418205421780364183181
12003103106462001106451065316304901640326160166
12003103106471998102548068016905111640347171176
12003103106471999105910065617004861620324163161
12003103106472001101671073919605431800363180183
12003103106472001102211074419505491810368181187
12003103106472001102425069617005261680358183175
12003103106472001103175076719405731980375193182
12003103106472001105426072318205411790362180182
12003103106472001105696072717905481820366184182
12003103106472001106778084621906272130414213201
12003103106472001106783084722006272130414213201
12003103106482001100569073719805391870352183169
12003103106482001106649073919505441800364182182
12003103106491996102077073219005421860356177179
12003103106491996103536073218705451840361182179
12003103106491997110095000000004951700325000000
12003103106492001105242072417405501750375188187
12003103106492001106643085923306262210405213192
12003103106501999106842065316604871630324164160
12003103106502001100177071717805391760363179184
12003103106502001103731087323006432240419215204
12003103106502001105102071317405391770362179183
12003103106502001110112087323006432240419216203
12003103106511999103756069117105201690351175176
12003103106512000107414061715004671460321156165
12003103106512001101954066616305031680335168167
12003103106512001102548066516505001670333168165
12003103106512001103997069215505371700367181186
12003103106521994101397066517104941660328167161
12003103106521998103174067816305151630352175177
12003103106521999101297071319005231770346177169
12003103106522000101498062917504541510303153150
12003103106522000103579061616304531510302000000
12003103106522000105076070218405181760342174168
12003103106531998100304071017405361790357178179
12003103106531998110263065917704821630319164155
12003103106532001100725066617304931660327164163
12003103106532001107312067116805031620341170171
12003103106542001102820075820905491910358185173
12003103106542001103289076021005501910359184175
12003103106542001104456073720205351910344184160
12003103106542001105163073920405351920343176167
12003103106542001107334072518505401890351183168
12003103106542001107702070017005301670363181182
12003103106551999103201070116805331710362180182
12003103106552000101824074318305601850375191184
12003103106552000109457074318505581740384194190
12003103106552000110163076919405751910384195189
12003103106552001102134076518405811710410195215
12003103106552001103019076819605721900382192190
12003103106552001103104076619605701890381192189
12003103106552001105507073818305551820373185188
12003103106552001105613074617805681820386192194
12003103106562000105083070918505241770347175172
12003103106562001101124071519005251750350176174
12003103106562001104740065016904811610320161159
12003103106562001105172064515704881590329166163
12003103106562001105955073318005531880365186179
12003103106562001106520067616105151630352177175
12003103106562001107719074218805541890365186179
12003103106571997105975065215504971510346168178
12003103106571999104639062715704701580312158154
12003103106572000103891067516705081580350176174
12003103106572000104301063616304731590314158156
12003103106572000107115074018705531850368187181
12003103106572001100137067416905051680337171166
12003103106572001101304074018805521840368187181
12003103106572001103732071619305231740349178171
12003103106572001104869072618005461810365189176
12003103106581999110141073400000000000348173175
12003103106582001100238069418105131750338176162
12003103106582001103361071518005351730362174188
12003103106582001106938069218305091750334172162
12003103106592000100955066117504861590327165162
12003103106592000103787069817505231660357000000
12003103106592001100994065800000000000334168166
12003103106592001103863068217205101670343172171
12003103107001999101880084520706382020436223213
12003103107001999107277068617305131760337172165
12003103107002000102119067917105081680340174166
12003103107002001106197086521606492000449230219
12003103107021996103536069018505051720333166167
12003103107021997104673067816705111650346173173
12003103107022000100393067216805041700334171163
12003103107022000104274068718005071750332166166
12003103107022001100194067616705091780331169162
12003103107022001101671072819105371810356183173
12003103107022001102211073119205391810358183175
12003103107022001104543063415104831470336163173
12003103107031998101154058316004231480275139136
12003103107032000101398068917305161750341175166
12003103107032001100363071817805401880352176176
12003103107032001107608073618705491910358181177
12003103107041998103711070017705231740349173176
12003103107041999100995068716605211660355173182
12003103107042000110028069717505221780344171173
12003103107042001106148071818905291760353178175
12003103107042001106157072817405541820372188184
12003103107051995106281067517205031640339169170
12003103107052001100725064517304721650307171136
12003103107052001101922062915404751530322161161
12003103107052001104150065316904841590325161164
12003103107062000103644070818005281740354178176
12003103107062001103317073019705331840349177172
12003103107062001107209072118705341810353178175
12003103107091999103201071018405261740352177175
12003103107092000109457072818005481800368184184
12003103107092000110163072118305381770361181180
12003103107092001102134074018305571740383190193
12003103107092001103019074118505561770379185194
12003103107092001103104072818205461780368182186
12003103107092001105507067116805031650338173165
12003103107102000107115072418305411800361183178
12003103107112000105083064616804781610317156161
12003103107121999104205066516305021610341169172
12003103107141998104191054013504051310274135139
12003103107142001104037079520805871940393198195
12003103107162001100363070117905221740348175173
12003103107171997104673071117505361770359179180
12003103107191998103711064417004741630311154157
12003103107202000103644068817905091710338171167
12003103107222001103089074919405551820373187186
12003103107231997103461061515204631460317154163
12003103107232000100262070819905091710338168170
12003103107241999105580068416005241670357177180
12003103107262000105445074119605451860359183176
12003103107301999104487072219305291770352175177
12003103107312000102705075819805601900370187183
12003103107312001101527076919805711860385195190
12003103107321998107103079518506101970413203210
12003103107332001101194079722205751950380195185
12003103107332001104805078721105761960380195185
12003103107332001110165068215705251790346173173
12003103107521999103747070018505151700345174171
12003103107521999107167060315104521530299152147
12003103107522000101368069618105151770338174164
12003103107522001101840066317004931630330167163
12003103107522001102339073418705471880359185174
12003103107522001102426064717004771580319159160
12003103107522001103581065416504891570332160172
12003103107522001105995069117805131710342174168
12003103107531999110024063216204701590311151160
12003103107532000101799071117105401770363182181
12003103107532000102930074118805531810372189183
12003103107532000103032072400000000000000000171
12003103107532000105048060015704431510292149143
12003103107532001103059064015904811600321161160
12003103107532001104957068117205091690340166174
12003103107532001105889072217605461770369187182
12003103107532001107204074220205401850355178177
12003103107541999105586070217305291710358179179
12003103107541999106144071718405331730360178182
12003103107542001103655068918105081680340169171
12003103107542001105169066417104931670326168158
12003103107551999102776061216004521550297149148
12003103107551999104764069717205251710354177177
12003103107552001100431069417805161710345173172
12003103107552001100630075820305551860369185184
12003103107552001102157070516805371740363187176
12003103107552001102354062216204601550305154151
12003103107562000103628073920305361800356181175
12003103107572000100570075620605501850365186179
12003103107572000104828075119505561890367190177
12003103107592000101285069417305211690352178174
12003103107592000102712075719505621860376186190
12003103107592001100528070617905271760351178173
12003103107592001100750070318705161740342173169
12003103107592001101702069517505201740346173173
12003103107592001102150069818005181720346172174
12003103108002000101614076220605562000356186170
12003103108002000105243067718904881810307168139
12003103108002001100279073818605521800372186186
12003103108011999102418069817905191870332166166
12003103108012000106626069018705031720331170161
12003103108012000107542066116604951610334166168
12003103108012001103984070017805221750347178169
12003103108021997103757067916905101620348169179
12003103108021998101495064815804901630327166161
12003103108021998102513067918004991670332166166
12003103108022000103580072419205321800352177175
12003103108022000105294068716905181610357175182
12003103108022001100378069317805151690346174172
12003103108022001100835069717905181740344177167
12003103108022001106194069417905151690346175171
12003103108031999105793069717705201720348175173
12003103108032001100126072218605361860350181169
12003103108032001100402070717805291720357181176
12003103108032001101270072817705511750376187189
12003103108032001110166072618905371850352183169
12003103108041998103162066217204901610329166163
12003103108041998110197071618205341660368187181
12003103108042001100753077720205751870388195193
12003103108042001103465071518305321780354181173
12003103108042001105503080122305781980380195185
12003103108042001105995067618004961640332170162
12003103108042001110109080922305861980388195193
12003103108042001110123068117405071650342170172
12003103108051998100982064415504891560333161172
12003103108051999103747066116904921610331167164
12003103108052001102339068917305161730343177166
12003103108061998106366067617105051690336170166
12003103108062001100431069518405111640347168179
12003103108062001106136060015704431560287147140
12003103108072000102884077220205701860384194190
12003103108072000102930070719605111770334170164
12003103108072000103032073800000000000376196180
12003103108072000103937069317005231740349174175
12003103108072001102320073819605421790363179184
12003103108072001105889069918805111770334170164
12003103108081999104049069317505181640354175179
12003103108081999106144068317905041660338164174
12003103108082001102029074319905441820362181181
12003103108082001102354064015904811550326157169
12003103108082001104225069818405141710343173170
12003103108091997105845063417904551550300151149
12003103108101998101158067819204861650321163158
12003103108112000104828074220205401870353000000
12003103108112001103800068116805131680345174171
12003103108121999110071081622505912010390208182
12003103108122000106337070017805221710351174177
12003103108131999101318067717505021680334168166
12003103108132000105469067117804931600333166167
12003103108132000106454070019005101680342171171
12003103108132001101482065515804971580339168171
12003103108132001101712070518805171640353173180
12003103108132001106883072318805351730362181181
12003103108132001110167073218605461800366180186
12003103108141999100302068900000000000320167153
12003103108151997103757071917905401740366183183
12003103108151998101495064115404871560331164167
12003103108151998103089071918405351780357181176
12003103108151999104111068516505201690351177174
12003103108152000101117071417905351790356179177
12003103108152000103014071618105351740361181180
12003103108152000105294070217405281750353176177
12003103108152001100835070118205191730346173173
12003103108152001100838075619605601920368188180
12003103108152001102862075619605601920368187181
12003103108152001109388071619505211740347172175
12003103108162001100753078120005811920389199190
12003103108162001103253069117505161670349175174
12003103108162001105253069317605171680349174175
12003103108162001107574068417305111700341173168
12003103108182000101603091424206722300442227215
12003103108182000106193079921005892030386198188
12003103108191999100234057816904091340275136139
12003103108192000100459066518504801660314157157
12003103108192001101054071918605331790354180174
12003103108192001101563068218604961730323159164
12003103108192001110021073619905371770360179181
12003103108192001110256073619705391780361180181
12003103108201999103415072118105401770363181182
12003103108201999106863069819005081720336174162
12003103108202000100577067316605071610346175171
12003103108202000103937070317405291750354176178
12003103108202000105372072418605381810357181176
12003103108202001100107068217805041690335171164
12003103108202001100204070617405321780354180174
12003103108202001100343072219105311820349178171
12003103108202001100345076419305711840387194193
12003103108202001100905076619405721850387193194
12003103108202001103923068517205131630350176174
12003103108202001105313065816904891570332162170
12003103108202001106789068717605111700341169172
12003103108202001107613072519405311810350179171
12003103108202001110013069717305241720352178174
12003103108212000101103075421505391960343177166
12003103108212001102320064917404751600315160155
12003103108221997105426071621105051780327178149
12003103108221998100731074120205391890350177173
12003103108222001103645073820305351880347177170
12003103108231998104232071518905261760350176174
12003103108231999103059072318805351800355185170
12003103108232000100979067416705071680339172167
12003103108232000101345060316104421460296149147
12003103108232000102376070300000000000356180176
12003103108232001103350068517305121650347174173
12003103108232001109149069417305211740347177170
12003103108232001110043068417105131660347173174
12003103108241998102933066517904861610325162163
12003103108241998110090071117805331730360183177
12003103108241999101857072018305371840353180173
12003103108242001100877072718005471760371189182
12003103108251999101152069618005161740342173169
12003103108251999101402065000000000000302158144
12003103108252001101713070617705291770352183169
12003103108252001106407070919905101720338166172
12003103108252001106436071017605341780356183173
12003103108261998102375073720605311870344184160
12003103108261999101774066917004991620337164173
12003103108261999110071071819505231800343180163
12003103108262000103717074520505401810359180179
12003103108262001105030077219305791900389197192
12003103108262001107097071318405291690360177183
12003103108262001107455070618605201730347177170
12003103108262001107638074119805431930350180170
12003103108271998103089070918005291690360178182
12003103108271999106707074418805561850371186185
12003103108272001100592069517105241690355174181
12003103108272001100938083420606281950433206227
12003103108281999101856069818705111720339172167
12003103108281999104150079321205811990382197185
12003103108282000105469060315004531500303150153
12003103108282001106883069818305151730342173169
12003103108292000105134073418605481840364185179
12003103108292000106527067317804951640331169162
12003103108292001102414056815504131440269137132
12003103108292001104009055013904111370274140134
12003103108292001104901055414204121350277136141
12003103108292001105085068817405141700344171173
12003103108301999102677065216104911610330163167
12003103108302000102239062114904721520320159161
12003103108302000103014068217905031650338169169
12003103108302001100840070017805221800342169173
12003103108302001102432072719305341820352178174
12003103108302001103087072719305341820352179173
12003103108302001109388068718105061710335168167
12003103108302001110144067917405051700335166169
12003103108311996103864072218505371730364182182
12003103108312001102080075319905541850369188181
12003103108312001103271076920305661930373189184
12003103108312001104236072218805341770357184173
12003103108312001106862076820305651910374191183
12003103108321998101510000000005601920368191177
12003103108322000100459073818805501870363186177
12003103108322001101563074219005521870365187178
12003103108322001109073070518805171750342172170
12003103108331999103415069518005151740341171170
12003103108331999109016067717405031690334169165
12003103108332000110121070618505211700351175176
12003103108332001101518069816705311680363183180
12003103108332001105942069117305181690349174175
12003103108332001107393068817105171680349174175
12003103108332001110013067517405011640337168169
12003103108341997100669066616804981610337169168
12003103108341999105407064016604741630311162149
12003103108342000100577065216804841560328167161
12003103108342001100391068900000000000348177171
12003103108342001103923067817705011640337172165
12003103108342001104876068517405111690342174168
12003103108351998103287000016000001490000153000
12003103108352001104928067716505121640348171177
12003103108352001105069066616105051600345171174
12003103108352001105501071918005391820357178179
12003103108361998101749070618705191720347175172
12003103108361999103059065817604821550327169158
12003103108362000102376068700000000000342174168
12003103108362000102788069217305191770342171171
12003103108362001101616071019205181830335172163
12003103108362001101724070919105181840334172162
12003103108362001101744069317805151690346172174
12003103108362001102129075420505491900359182177
12003103108371998104232068517805071740333170163
12003103108371998110269072318805351830352180172
12003103108371999101857068418504991700329000000
12003103108371999106299063918904501510299149150
12003103108372000103426067916905101610349170179
12003103108372000105004070820005081740334171163
12003103108372001100490065518104741640310159151
12003103108372001100877071417905351730362189173
12003103108372001101505081323705762040372188184
12003103108372001103350068518005051700335171164
12003103108372001110043068518105041700334171163
12003103108382000104258070115305481700378188190
12003103108382000106503067716905081700338171167
12003103108382001104956071418505291810348174174
12003103108391999105497067718304941610333164169
12003103108392001100778072218905331800353179174
12003103108402000103717078622105651950370188182
12003103108402000103795069118005111710340170170
12003103108402001100437069517905161720344169175
12003103108402001104734074218805541770377186191
12003103108402001105030077220005721920380197183
12003103108402001107638072218205401780362182180
12003103108421999100152079122405671880379188191
12003103108422000104666061316404491460303146157
12003103108431996100790064617304731630310158152
12003103108431999106935072619305331850348180168
12003103108432001103844070519405111740337000000
12003103108432001107034063718004571560301151150
12003103108441999101779070517205331730360183177
12003103108441999104150082822206061940412210202
12003103108441999110275093226606662290437223214
12003103108442001100063072418205421800362183179
12003103108442001100212083424005941890405202203
12003103108442001100427074021005301850345176169
12003103108442001104561063517004651610304153151
12003103108442001105031073921005291850344177167
12003103108442001109219072820005281790349176173
12003103108451998101737067117904921660326163163
12003103108451999106898063015404761590317161156
12003103108452001102080069518405111700341175166
12003103108452001104236071818305351740361185176
12003103108461998101510076519905661860380189191
12003103108461998105920000000005221730349000000
12003103108462001105159075920505541900364185179
12003103108462001105510071816805501660384188196
12003103108462001105661075519705581930365188177
12003103108462001110228075818305751910384188196
12003103108471998101873070716805391730366179187
12003103108472001101621075019505551870368185183
12003103108472001104630067617205041690335169166
12003103108472001105420069018005101720338172166
12003103108472001105433074419805461840362184178
12003103108472001106522069717105261730353175178
12003103108481997106990065119004611590302150152
12003103108481998103331076720505621860376188188
12003103108481998106638073820305351720363000000
12003103108482000107598073019805321810351176175
12003103108482001100535072418805361810355182173
12003103108482001105301071416505491710378186192
12003103108482001107446079421305811950386197189
12003103108491996103008064015704831540329165164
12003103108491998101749070718705201770343172171
12003103108492000103344068800000000000344172172
12003103108492001107548070218805141730341173168
12003103108501997102933066717804891640325166159
12003103108501998110269066218204801690311157154
12003103108501999100369066719904681670301154147
12003103108502000103795064517304721590313164149
12003103108502001100138056114604151440271143128
12003103108502001102129074020205381870351181170
12003103108511998101670000016800001730000000000
12003103108512000106359071419705171750342176166
12003103108512001104577082619906272080419214205
12003103108512001106352082619806282090419214205
12003103108522000100820070519905061720334170164
12003103108531998101308066416205021750327170157
12003103108532000106022073619305431830360183177
12003103108532001100415068016905111690342172170
12003103108532001101711066716605011690332166166
12003103108541998110142071618005361730363182181
12003103108541999102201067218104911600331162169
12003103108541999104643067217304991650334168166
12003103108551998110139069916605331780355179176
12003103108552000102148067016805021630339167172
12003103108552001104243066517004951650330169161
12003103108552001106134067517005051680337172165
12003103108562000110275075220605460000000000180
12003103108562001103263080520006051850420203217
12003103108562001107379064315704861530333164169
12003103108571997102866069518905061640342170172
12003103108572000101468072218105411760365183182
12003103108572000102263070018305171790338167171
12003103108572001100963071619605201760344170174
12003103108572001101279094025206882310457234223
12003103108572001103888069519305021770325163162
12003103108572001107201068018504951710324163161
12003103108581997100707066217204901600330165165
12003103108582000100005062516304621600302151151
12003103108582000102811079521705782040374194180
12003103108582001100063069216705251700355175180
12003103108582001104604070016605341690365181184
12003103108591997110043069717505221720350177173
12003103108592000102702065317404791600319158161
12003103108592000104046067316005131560357174183
12003103108592001100128069917505241720352176176
12003103108592001101394074218205601900370190180
12003103108592001104739077221005621930369187182
12003103108592001106517076721605511910360185175
12003103108592001107210079222905631980365186179
12003103109001998102709070317705261710355177178
12003103109011998106638071819505230000000000000
12003103109012001107446070419105131700343176167
12003103109021997102933053814203961350261134127
12003103109021998110001068417405101690341175166
12003103109022001103395072420505191740345172173
12003103109031997110266074019905411820359182177
12003103109031998101632074420305411810360183177
12003103109032000104720070418505191730346177169
12003103109032000110197000000004231380285145140
12003103109032001103013068517105141740340174166
12003103109042001110069060018404161460270141129
12003103109051997104966067016605041570347170177
12003103109051998105920067415905151540361170191
12003103109051999101810068618305031640339170169
12003103109062001103344074319605471850362184178
12003103109062001106635061017404361420294146148
12003103109071995100393070218305191770342177165
12003103109071999106992000000005241720352176176
12003103109081999100220082921506142100404207197
12003103109081999101940065516304921650327164163
12003103109082000101573073420405301720358179179
12003103109082000105072064616604801540326161165
12003103109082001100741066817804901660324165159
12003103109102000109039065917604831600323159164
12003103109102001100587071818505331750358181177
12003103109102001105117071918705321740358181177
12003103109111997104026086524006252110414211203
12003103109121997106371066718804791650314159155
12003103109122000102702067217604961710325162163
12003103109122001106517074019605441920352182170
12003103109122001107210071518305321850347176171
12003103109131999103908063416504691580311147164
12003103109131999104912068419304911700321163158
12003103109131999105633068616105251640361180181
12003103109132001103793067516805071660341170171
12003103109142000103914069318905040000000000163
12003103109142001100128068617405121700342173169
12003103109142001101494067417405001680332169163
12003103109142001103220067417405001690331168163
12003103109152000110010064519004551570298150148
12003103109161997110080070819505131800333168165
12003103109162000100545065918504741710303158145
12003103109162000110118075220605461880358181177
12003103109171999100938071319405191810338177161
12003103109172001100286072019505251780347178169
12003103109172001104604072319905241770347178169
12003103109181999101810068918405051690336167169
12003103109182001104313068217905031680335164171
12003103109191999106970075320305501850365187178
12003103109201999106675067316105121660346176170
12003103109202000100844068616405221710351180171
12003103109202001100507072719505321810351178173
12003103109202001106825072819605321800352179173
12003103109211998101851068419404901800310171139
12003103109211999106992065816404941610333162171
12003103109212000104672063216404681570311159152
12003103109212001104054061916104581530305153152
12003103109222001101127069519505001680332167165
12003103109222001105366067818104971630334167167
12003103109222001105505072119405271810346177169
12003103109241999106703066917204971680329165164
12003103109242001100859077519205831930390197193
12003103109242001103159078620105851950390194196
12003103109242001105697078720105861950391194197
12003103109251997104026079922105782000378193185
12003103109251999102139064016804721570315157158
12003103109261997104966064115904821500332161171
12003103109261998103687069718005171710346173173
12003103109272001100895064015704831530330165165
12003103109301997110080067218604861640322163159
12003103109301998104929061913704821510331168163
12003103109311999102069073219605361840352183169
12003103109312000110118074320505381870351180171
12003103109312001100286073519905361840352183169
12003103109312001105617064716704801570323161162
12003103109322000107407072220005221770345172173
12003103109351997104910074320605371860351178173
12003103109401997100765074819305551860369189180
12003103109402001106958074918905601860374192182
12003103109421999105140071119305181780340176164
12003103109441999102069080723105762050371192179
12003103109452000101044067916705121710341172169
12003103109452000107370071018405261790347176171
12003103109531999107004066318004831580325163162
12003103109541997110044063915904801580322166156
12003103109551999110140063616304731590314156158
