12005031106572000104062057016504051510254128126
12005031106572000105379069619205041710333171162
12005031106581998100696080824105672060361191170
12005031106581998103242069919905001810319165154
12005031106581998110093069918305161750341171170
12005031106582000104260068317905041670337164173
12005031106582001101708071418705271780349177172
12005031106582001102229000017400001700000172000
12005031106582001105030070318305201710349175174
12005031106582002102138066516904961630333167166
12005031106582002102194072319905241810343173170
12005031106582002104155068416705171660351175176
12005031106582002104278070018405161710345170175
12005031106582002104393065516904861600326165161
12005031106592000101293073018005501740376186190
12005031106592000101672068217605061710335171164
12005031106592000102742071219105211780343174169
12005031106592001100672070017505251740351177174
12005031106592001102687079521705780000000000182
12005031106592001103707079120705841970387195192
12005031106592002100954065118004711690302158144
12005031106592002102267082523005952050390205185
12005031106592002105237072218805341810353180173
12005031106592002106007067918404951770318165153
12005031106592002110136072219705251750350179171
12005031106592002110191000000000000000323166157
12005031107001997103757077620805681920376188188
12005031107001998106472087222506472260421216205
12005031107001999102300076819405741890385193192
12005031107002000110113087423606382130425213212
12005031107002001106642074320105421830359182177
12005031107002002100881070118305181780340174166
12005031107002002101029065515704981550343171172
12005031107002002101122067619404821580324162162
12005031107002002101283071718805291730356180176
12005031107002002101434069318805051700335167168
12005031107002002101470068318704961680328171157
12005031107002002101804073019005401790361180181
12005031107002002102554067717904981620336166170
12005031107002002102808075318105721830389195194
12005031107002002104193071519705181740344175169
12005031107002002105972070318505181700348000000
12005031107002002105991069418205121710341174167
12005031107002002106017073919005491830366182184
12005031107002002106189081120606052080397206191
12005031107002002106227082823305952100385196189
12005031107002002106391067316605071630344171173
12005031107002002106408075021105391770362180182
12005031107002002107488071718205351820353179174
12005031107002002110022079820005981990399202197
12005031107011999107303071617305431720371181190
12005031107012001102405075419105631870376185191
12005031107012002100402071118805231730350176174
12005031107012002100644072419005341750359179180
12005031107012002100779074018905511850366190176
12005031107012002102784073419405401820358181177
12005031107012002103220072118805331820351180171
12005031107012002104726065917604831630320164156
12005031107012002106549076919305761920384191193
12005031107012002107345075420005541950359186173
12005031107012002109055061915404651500315157158
12005031107012002110047073319405391810358181177
12005031107021999101856067017604941630331165166
12005031107022000105475065817604821540328164164
12005031107022000109043075019905511850366186180
12005031107022001104648073619905371880349176173
12005031107022002100154072120705141760338175163
12005031107022002101062066717104961600336162174
12005031107022002101736064616604801600320160160
12005031107022002106414083422106132020411212199
12005031107031999106711067116705041650339172167
12005031107032000105294069917605231660357181176
12005031107032001100411069719705000000000000167
12005031107032001106157000000004921580334165169
12005031107032001107392071418805261720354178176
12005031107032002100188071719105261750351173178
12005031107032002101440067918104980000000000162
12005031107032002102888075521605391800359180179
12005031107032002103298067717904981680330167163
12005031107032002103540070520405011710330165165
12005031107032002106020070519005151760339170169
12005031107032002107305066817204961650331170161
12005031107041999110010054114104001330267132135
12005031107042000104871064116704741560318162156
12005031107042001103035068319104920000000000156
12005031107042001103110070417305311760355000000
12005031107042001103189051113803731240249121128
12005031107042001103684054014303971370260134126
12005031107042001104439072119505261850341171170
12005031107042001107092060716304441550289155134
12005031107042002100474078120805731910382193189
12005031107042002100607071820605121770335169166
12005031107042002100639068018404961670329166163
12005031107042002100683052414403801290251126125
12005031107042002100852074419405501790371186185
12005031107042002102445067917105081710337166171
12005031107042002102878065218304691630306160146
12005031107042002103205068917405151740341169172
12005031107042002106132066018204781600318158160
12005031107042002106230073619005461790367186181
12005031107042002107237073720305341850349180169
12005031107042002107326062717004571540303147156
12005031107042002110018052614103851280257126131
12005031107051998105261000000000000000000000159
12005031107052000103614071518605291790350176174
12005031107052000104896069017105191740345174171
12005031107052001100063069819305051770328168160
12005031107052001100385070818205261780348175173
12005031107052001103009068719004971720325163162
12005031107052002100769069600000000000339172167
12005031107052002102944068416805161690347173174
12005031107052002105021071517005451870358180178
12005031107052002106012066316804951640331166165
12005031107052002106129072918605431840359181178
12005031107052002107209071919405251740351177174
12005031107061998104051054715003971350262131131
12005031107061999106137069200000000000330165165
12005031107061999107052068918205071600347172175
12005031107062001100778071618005361710365182183
12005031107062001104306069317805151710344166178
12005031107062002100288068517905061670339169170
12005031107062002102030072319805251770348174174
12005031107062002102753075322005331890344178166
12005031107062002103018000017700001640000169000
12005031107062002103278072218705351760359181178
12005031107062002103621068118904921650327162165
12005031107062002104739069618705091640345170175
12005031107062002106484074019405461850361184177
12005031107062002109133068118105001670333168165
12005031107071998106718068017605041640340171169
12005031107072000101653068618505011690332166166
12005031107072000104775069017505151650350175175
12005031107072000106984070118005210000000000179
12005031107072000107386071317805351770358180178
12005031107072001103385000000005081660342170172
12005031107072001104112067116005111630348170178
12005031107072002101006070319605071730334168166
12005031107072002102711073018305471820365184181
12005031107072002102875076719305741890385196189
12005031107072002105286074917705721860386193193
12005031107072002106027080321205912020389200189
12005031107072002106417080621505912020389200189
12005031107072002110249068015305271640363184179
12005031107081999106754060716404431510292147145
12005031107082001102019078221205701920378188190
12005031107082001106704086821606522130439222217
12005031107082001110246071619905171740343000000
12005031107082002101051073819905391640375179196
12005031107082002101300069318505081700338169169
12005031107082002102105075820205561810375190185
12005031107082002102811088923006592150444224220
12005031107082002102862071818605321730359180179
12005031107082002106013075218605661930373187186
12005031107092000101833071920205171710346173173
12005031107092000103384065717704801600320161159
12005031107092000105192063600000000000000000163
12005031107092001103845070718505221770345173172
12005031107092001104077071517705381750363182181
12005031107092002100890071019005201790341176165
12005031107092002102138060716304441580286152134
12005031107092002103567066017204881580330157173
12005031107092002106024071519305221790343167176
12005031107092002106457074219405481860362186176
12005031107092002106623070917105381760362181181
12005031107092002107306065416004941610333168165
12005031107092002107453066016504951610334167167
12005031107101999101940068716905181660352177175
12005031107101999103363075219505571840373188185
12005031107102000102742064916904801610319159160
12005031107102000103889078221705651990366185181
12005031107102000107414067618104951800315160155
12005031107102001100652072118305381760362187175
12005031107102001103231073720505321860346179167
12005031107102002100463075319605571840373186187
12005031107102002101009070419805061700336171165
12005031107102002101712071119905121780334169165
12005031107102002103209069717705201700350177173
12005031107102002106122072617905471760371185186
12005031107111999104487072918205471820365184181
12005031107111999110180066517004951650330166164
12005031107112001101708067817904991690330171159
12005031107112001102080078520505801940386196190
12005031107112001106160073118805431800363185178
12005031107112001107193074720305441810363181182
12005031107112001109376068717305141650349175174
12005031107112002101879076419105731870386192194
12005031107112002102462073418505491830366184182
12005031107112002103614074619205541800374189185
12005031107112002106525074818505631790384188196
12005031107112002106546070719305141790335170165
12005031107112002107075073418505491820367185182
12005031107121998100696074121905221810341180161
12005031107122000105141063717004671570310156154
12005031107122002100319065015804921560336167169
12005031107122002102162077720705701880382193189
12005031107122002102267071219205201730347174173
12005031107122002102825067717505021670335171164
12005031107122002106189074618805581840374188186
12005031107131998106472071818605321810351175176
12005031107131999107303065615904971610336167169
12005031107132000101293067917305061630343170173
12005031107132001103707069517705181730345173172
12005031107132001106642071418205321760356178178
12005031107132002104445059115004411480293149144
12005031107132002106549060616304431510292146146
12005031107141999101279075600000000000361187174
12005031107141999102300070217805241710353181172
12005031107142000100030071718705301780352178174
12005031107142000101495083723306042050399205194
12005031107142000110113075220405481800368180188
12005031107142001102405061515904561500306154152
12005031107142002100659069217305191630356178178
12005031107142002101804071317805351790356182174
12005031107142002102857068017005101640346174172
12005031107142002103294070118705141730341175166
12005031107142002104761076119605651880377190187
12005031107142002104926073718405531820371186185
12005031107142002105363070117705241720352182170
12005031107142002105394063117204591500309151158
12005031107142002106227075520105541850369186183
12005031107142002106408071518805271730354176178
12005031107151998102834065516604890000000000174
12005031107152000100672072218705351820353179174
12005031107152001103178066218404781680310159151
12005031107152001103863066816205061570349174175
12005031107152002100585071117905321730359180179
12005031107152002101038077220005721970375195180
12005031107152002101289069318405091700339167172
12005031107152002102279066517504901660324162162
12005031107152002102326073718105561740382187195
12005031107152002102400065516904861560330164166
12005031107152002102784071118505261710355180175
12005031107152002102965071519105241720352173179
12005031107152002103085072419905251810344173171
12005031107152002103220070418105231740349171178
12005031107152002103275067318104921690323000000
12005031107152002105944072117805431730370185185
12005031107152002106293065917304861580328163165
12005031107152002107336068416905151670348175173
12005031107152002109055063616704691480321159162
12005031107152002109410067417804961660330164166
12005031107152002110020066018304771680309158151
12005031107152002110047071018505251710354180174
12005031107152002110211081421306012010400203197
12005031107161997103730069918805111760335000000
12005031107162000104381064716004871550332169163
12005031107162002100188068816905191670352179173
12005031107162002100532083722706102060404208196
12005031107162002100787067318204911720319166153
12005031107162002103941065816404941640330164166
12005031107162002104442076720305641930371190181
12005031107162002106547067318204911720319166153
12005031107171999104771081122105902070383000000
12005031107172000101091075919805611910370190180
12005031107172000106580075520005551870368186182
12005031107172001104392074300000000000355000000
12005031107172002102283068316205211710350177173
12005031107172002102663071617505411700371179192
12005031107172002104751075919805611880373191182
12005031107172002105021069717805191690350178172
12005031107172002105183068917205171740343177166
12005031107172002105404075219105611860375188187
12005031107172002106181077920805711880383192191
12005031107172002106186077219905731880385195190
12005031107172002109460063116204691530316159157
12005031107172002110065070118405171720345172173
12005031107182001102389075621305431820361184177
12005031107182001105010067615905171790338176162
12005031107182001105121078122505561920364187177
12005031107182001105159070018805121730339176163
12005031107182001107392068918105081720336171165
12005031107182002100802082721806092110398204194
12005031107182002101407069617405221680354175179
12005031107182002101440066318304801650315162153
12005031107182002102057086722106462100436222214
12005031107182002105240072118905321780354179175
12005031107182002106020069618405121740338171167
12005031107182002106484068418205021680334169165
12005031107192001101705064715504921560336163173
12005031107192002104739069217605161680348174174
12005031107192002107240067516805071680339170169
12005031107201999106622071718805291760353180173
12005031107201999107052000018100000000000000000
12005031107202000103614066817904891680321162159
12005031107202000104775055415603981390259129130
12005031107202000105032073320205311820349176173
12005031107202002100908062817504531540299151148
12005031107202002100918071020405061720334172162
12005031107202002101541072900000000000346175171
12005031107202002102030074319205511790372186186
12005031107202002103018062316904541570297000000
12005031107202002103278071117705341690365180185
12005031107202002104783070518605191730346177169
12005031107202002106027075219905531840369185184
12005031107202002106258067017104991660333170163
12005031107202002106417075720505521840368185183
12005031107202002106717069918005191730346173173
12005031107202002107492071920005191770342167175
12005031107212000102218068417705071680339165174
12005031107212000103787070417905251700355178177
12005031107212002101071072419705271800347000000
12005031107212002101584074420405401830357183174
12005031107212002102015074717105761990377188189
12005031107212002102711071418005341770357180177
12005031107212002105373071919505241730351176175
12005031107212002106388072919705321860346179167
12005031107212002107048074320105421850357185172
12005031107212002110001065817704811560325161164
12005031107221998100198069917805211670354186168
12005031107221999102020068317605071680339171168
12005031107221999104209067916805111570354168186
12005031107222000107414063215404781530325167158
12005031107222001100652067816605121620350173177
12005031107222001101125091125006612320429218211
12005031107222002102593069718305141750339172167
12005031107222002110090000000000000000000000000
12005031107232001100753077921205671950372190182
12005031107232001103100071519305221810341174167
12005031107232001106517070418105231690354189165
12005031107232002102516074720905381870351179172
12005031107232002102756071218105311870344175169
12005031107232002103241068417505091700339171168
12005031107232002104854074719305541840370186184
12005031107241998101308065916404951600335168167
12005031107241999101704067117404971620335167168
12005031107241999102072073819605421790363185178
12005031107241999102748074621205341850349182167
12005031107242000101588068017605041700334172162
12005031107242000110192074519705481900358184174
12005031107242002103169070117105301670363180183
12005031107242002104181070118005211720349183166
12005031107242002106690057916404151520263137126
12005031107252000105277070500000000000335168167
12005031107252001101248067718004971660331166165
12005031107252002100646000000005191700349170179
12005031107252002102858074018905511850366184182
12005031107252002103277068717605111680343179164
12005031107252002104176066517704881600328164164
12005031107252002104803065516904861620324163161
12005031107252002107075071818105371800357177180
12005031107261999104693073818905491820367187180
12005031107261999106793070218005221740348175173
12005031107262000101786069419205021710331168163
12005031107262002106885067416705071630344175169
12005031107271999101279068918305061770329170159
12005031107271999110065063815904791510328161167
12005031107272002101901074618705591810378188190
12005031107272002103956073119105401750365186179
12005031107272002103968073919505441770367187180
12005031107282000105048062215904631620301149152
12005031107282002100913077220605661940372195177
12005031107282002101304076819005781920386194192
12005031107292000101561066119004711590312156156
12005031107302001102389066317804851630322155167
12005031107302001109376063816304751560319157162
12005031107302002100922065217404781570321162159
12005031107302002110065071718605311730358177181
12005031107311999103967066818204861640322161161
12005031107312001103935067117005011620339171168
12005031107312002100435075218705651880377184193
12005031107312002100925080021805821920390194196
12005031107312002100940067116505061620344173171
12005031107312002103111067217504971650332167165
12005031107312002103234068118604951680327163164
12005031107312002105180065317804751560319159160
12005031107312002106388070019405061790327169158
12005031107321998110197065517204831520331161170
12005031107321999102020067017104991670332169163
12005031107321999104111066416604981620336170166
12005031107322001101279068916905201700350176174
12005031107322002106010066517004951620333166167
12005031107322002106889067100000000000324169155
12005031107322002110158068317005131650348177171
12005031107331997106362070520604991750324165159
12005031107332000101218060017904211590262131131
12005031107332000101657076520905561870369187182
12005031107332000103686062916804611480313156157
12005031107332002101958070417405301680362180182
12005031107332002102057079620105951950400203197
12005031107332002102465067317404991670332163169
12005031107342001101705069717005271660361181180
12005031107342002101098077719705801930387194193
12005031107342002104889070619105151750340171169
12005031107352000102788068219404881660322157165
12005031107352000107650069218405081680340172168
12005031107352001102150067516405111570354000000
12005031107352002100164070418405201710349173176
12005031107352002103921070618505211730348172176
12005031107352002104380071517105441790365181184
12005031107352002106419074519505501890361186175
12005031107361999100735070320604971710326169157
12005031107362000100397067717705001630337168169
12005031107362000110174080720506021980404207197
12005031107362001100753056016103991400259130129
12005031107362002103249063219004421670275148127
12005031107372000102051074718005671860381193188
12005031107372001110119060015904411500291148143
12005031107372002100411083319506382100428221207
12005031107372002101099072117905421640378173205
12005031107372002103542000019200000000000000000
12005031107372002103765072200000000000364185179
12005031107372002105147073117905521770375192183
12005031107372002105514070315805451760369185184
12005031107381999101704065117904721560316158158
12005031107382000101483072817205561720384188196
12005031107382002100233076219505671910376193183
12005031107382002101457070816205461750371183188
12005031107382002106965069919105081660342175167
12005031107391999101940068817405141670347173174
12005031107391999104693070618005261730353178175
12005031107392002101873073618805481790369183186
12005031107392002102276068117305080000000000000
12005031107392002104007069018105091690340171169
12005031107392002106089070019805021640338172166
12005031107392002107124072319205311810350178172
12005031107392002110064067518404911650326163163
12005031107392002110114069319005031640339172167
12005031107392002110117070019705031640339172167
12005031107401999110071000032700003360000320000
12005031107402000101281078019905811960385197188
12005031107402000101786072018905311750356000000
12005031107402000107363071819105271850342173169
12005031107402002100046072518505401810359181178
12005031107402002103592071418905251760349173176
12005031107402002104869074018705531920361184177
12005031107412001110217063216004721550317157160
12005031107412002100093066418304811580323162161
12005031107412002104205065316104921540338160178
12005031107421999105140067217904931630330166164
12005031107421999107004063400000000000315155160
12005031107422001101563067417305011670334167167
12005031107422001103485061816204561490307153154
12005031107422002100822064017204681490319157162
12005031107422002100965063216304691530316160156
12005031107432000100459069116705241790345176169
12005031107432002102052074819505531820371189182
12005031107442000105372070317905241730351176175
12005031107442002102207072318205411800361180181
12005031107442002102278081123205792000379193186
12005031107452002100161068617605101670343173170
12005031107452002100777069117405171660351173178
12005031107452002100830067217804941560338169169
12005031107452002104373074118705541800374187187
12005031107452002104392072118805331780355184171
12005031107462000101573074219605461840362181181
12005031107462000104046058215704251390286139147
12005031107462000104301073019105390000000000178
12005031107462002100508067417205021670335168167
12005031107462002100925073900000000000353177176
12005031107462002103182067317205011650336168168
12005031107462002106030071418205321780354177177
12005031107462002106614079921805811950386193193
12005031107462002107522072818605421910351181170
12005031107462002109125070618105251710354181173
12005031107471999101281072018705331750358178180
12005031107472001103028070117805231700353176177
12005031107472001104794074419105531810372190182
12005031107472001109135071819405241710353178175
12005031107472002100774054514603991400259130129
12005031107472002102189079720505922000392198194
12005031107472002102982071318405291850344176168
12005031107472002104380069417505191740345173172
12005031107472002106817075519605591820377189188
12005031107472002106894073219405381720366186180
12005031107472002107346069717305241760348172176
12005031107472002107445068918005091720337170167
12005031107472002110004070718805191740345174171
12005031107481999104146072619105351840351180171
12005031107482001101734061214504671420325158167
12005031107482002101059070817605321830349181168
12005031107482002101297061315204611450316154162
12005031107482002101977072218105411720369181188
12005031107482002102282068018104991650334166168
12005031107482002104376070418105231710352174178
12005031107482002104566067216605061630343168175
12005031107482002106046065517204831620321162159
12005031107492000104924054414603981320266131135
12005031107492000107115075720505521760376186190
12005031107492002104526059715104461480298149149
12005031107492002104777074219905431860357183174
12005031107492002107095069718005171670350174176
12005031107501999100735067018704831630320160160
12005031107501999109284064415804861520334169165
12005031107502000101483070016805321660366179187
12005031107502000103719071917205471700377185192
12005031107502000106609078019805821960386188198
12005031107502001100535070900000000000359177182
12005031107502002102513071417105431780365185180
12005031107502002103158071317705361740362180182
12005031107511997106906065516804871600327163164
12005031107511999100400000000004791600319164155
12005031107512000101368071319905141810333170163
12005031107512000102051073918605531830370186184
12005031107512002103542075419905551800375191184
12005031107521999101106000018700001870000000000
12005031107522002101905063016204681590309154155
12005031107522002101907070121504861740312156156
12005031107522002103743061016504451500295148147
12005031107522002104104070619205141760338173165
12005031107522002110112066116504961640332168164
12005031107531999104493066818204861610325160165
12005031107532000110087066616904971600337166171
12005031107532001100119073319405391810358182176
12005031107532002101457069516505301720358178180
12005031107532002103579065518004751750300158142
12005031107532002106124065518004751750300158142
12005031107541999104764000017200000000000000000
12005031107542000104011071217605361770359178181
12005031107542002101450073120105301790351178173
12005031107542002102068075819505631890374186188
12005031107551998101683063817404640000000000157
12005031107552000101103074619605501860364186178
12005031107552002105006074720705401840356181175
12005031107562000102766072620805181840334170164
12005031107562000105994069317505181720346174172
12005031107562002105559067018104891630326165161
12005031107571999103691072119305281760352175177
12005031107572000103793071818005381770361180181
12005031107572001103090075819205661930373190183
12005031107572002105569072017905411760365183182
12005031107582000103193070717505321750357000000
12005031107592001104617071700000000000357178179
12005031108002000102884067016405061610345170175
12005031108002000104663074119305481830365185180
12005031108002002103543077820105771970380196184
12005031108002002106832079320405892000389202187
12005031108002002109125068916505241650359176183
12005031108012000104056067915605231750348180168
12005031108012001103317073118205491820367185182
12005031108012001104794072518005451770368191177
12005031108012002103232068518305021660336168168
12005031108012002104453073718905481770371184187
12005031108012002106817069017305171680349173176
12005031108022000106609075519805571860371182189
12005031108022001107593065216304891620327166161
12005031108022002107371066317204911630328166162
12005031108032000110028070718405231750348176172
12005031108032000110166073218605461780368185183
12005031108032001109047069719505021660336171165
12005031108032002102207068617805081670341170171
12005031108032002103291070418705171700347175172
12005031108032002103413071017605341770357180177
12005031108032002106003073219805341810353178175
12005031108042002102964074020105391860353179174
12005031108042002105979064117404671560311154157
12005031108061997106340073117905521800372187185
12005031108062001101595067816605121640348175173
12005031108062001103146066618304831650318159159
12005031108062002110213066918604831600323158165
12005031108071999104536072418205421830359188171
12005031108072000101368068018704931690324161163
12005031108072000104011069800000000000350175175
12005031108092002106439068718405031670336168168
12005031108101999103691068217705051600345172173
12005031108102000102766071619005261790347177170
12005031108102002105569065016204881520336162174
12005031108111997102548080221305891970392200192
12005031108112001105273069318205111640347172175
12005031108131998200020072120005211790342176166
12005031108152001109047065818504731730300176124
12005031108162002101782067218504871560331160171
12005031108172002104400077819505831830400196204
12005031108181997106340067317305001640336170166
12005031108182002105776071018705231750348175173
12005031108202001101270069418305111720339172167
12005031108202002107179069115105401660374185189
12005031108212002106266082221406081940414201213
12005031108242002105562080521305921970395201194
12005031108271999106748072817905491830366182184
12005031108272001110093069418205121710341170171
12005031108282002103110070318805151730342169173
12005031108292001110197085122606252140411208203
12005031108462001100592069818105171750342172170
12005031108462002100296078420805761940382191191
12005031108482001102426069618905071680339170169
12005031108482001103253068119804831630320164156
12005031108482002109032059817804201550265137128
12005031108502001110013079722005771970380188192
12005031108502002100157071718705301740356179177
12005031108512002102698071017105391790360180180
12005031108522000110199074319305501780372184188
12005031108532001100265071018205280000000000176
12005031108542002102408071519405211750346178168
12005031108551998104034072419105330000000000172
12005031108572002102627074318305601800380188192
12005031108582001100592065016704831620321160161
12005031108582002106888071218605261740352175177
12005031109002001100377071118105301770353181172
12005031109002001103985070818205261720354182172
12005031109002001107424072919605331750358184174
12005031109002002102668069619005061660340169171
12005031109011999101402066017704831590324165159
12005031109012001101054060517604291620267150117
12005031109022001102426066916805011650336171165
12005031109032002106404072400000000000361181180
12005031109032002106550069918405151750340171169
12005031109032002107644071317805351810354182172
12005031109032002109475070218605161750341171170
12005031109042001100668071218105311790352175177
12005031109042001110013069118605051680337170167
12005031109042002100467067618804881640324162162
12005031109042002107643072518905361820354179175
12005031109051998100689076919905701900380190190
12005031109052001103609071318205311680363186177
12005031109052002102252073018705431830360185175
12005031109052002102658070718505221820340175165
12005031109052002102865073418205521810371187184
12005031109052002103268069917105281700358180178
12005031109052002104819064016504751580317160157
12005031109052002200013071317405391720367183184
12005031109062000106787082921706122030409207202
12005031109062001102320071017605341690365179186
12005031109062001106369070817305351750360183177
12005031109062002102280071017305371710366179187
12005031109062002102903067715805191600359175184
12005031109071999103747067916105181660352177175
12005031109072001105393072420505191780341173168
12005031109072002100526068117105101670343171172
12005031109072002107247063415904751570318160158
12005031109082001106696067417205021620340000000
12005031109082002104087076720705601820378192186
12005031109102002104666073918405551720383187196
12005031109112001100630070318005231710352175177
12005031109112002106785065315005031510352170182
12005031109122000110229073217905531810372184188
12005031109132001103725070418205221720350174176
12005031109132002104370068317905041720332170162
12005031109132002105242068317405091710338168170
12005031109142001100363068118005011670334170164
12005031109142002107055095724907082280480242238
12005031109152001106225073720405331840349168181
12005031109152002102404073219505371850352182170
12005031109152002102975072519305321800352180172
12005031109162001106369071318205311800351179172
12005031109162002103601073720105361850351179172
12005031109171998101737070519105141810333175158
12005031109172002102658068618005061750331169162
12005031109182000106787050613903671210246121125
12005031109182001105321075618005761870389194195
12005031109182002103268066216304991700329163166
12005031109192001102320069418605081690339172167
12005031109192002102280072018705331740359176183
12005031109192002102724062915004791580321168153
12005031109192002102903000000004711510320162158
12005031109202000105991068917905101610349167182
12005031109202001105393066717504921660326163163
12005031109202002100312067417704971660331164167
12005031109211999100956068816805201690351174177
12005031109212002101931074319005531830370185185
12005031109212002104394068717705101680342171171
12005031109212002106403073318205511840367189178
12005031109212002107253074718705601860374186188
12005031109222002104666074318805551830372190182
12005031109222002106552071418505291830346177169
12005031109231998105769070619805081720336000000
12005031109231999103908065316804851570328165163
12005031109231999104205066220004621630299148151
12005031109232001101840071917805411760365183182
12005031109232002103645069719205051770328168160
12005031109232002104942069719205051770328168160
12005031109241999101943073418905451790366184182
12005031109242001101394068316205211690352169183
12005031109242001107079065317604771610316158158
12005031109242002102867000016800001610000163000
12005031109252000105162066018004801690311161150
12005031109252000106540069717605211720349175174
12005031109252000110229065716404931600333166167
12005031109252001103305066717904881630325165160
12005031109252001103966069618005161730343178165
12005031109252002102170073120105301780352178174
12005031109252002104742079321905742050369190179
12005031109252002105994071418805261750351175176
12005031109252002106272072519005351790356182174
12005031109252002107304067418904851720313162151
12005031109262002100089070818805201740346174172
12005031109262002100810069918005191740345176169
12005031109262002100929071100000000000358172186
12005031109262002101653079421205822040378196182
12005031109262002101902063914604931480345165180
12005031109262002105328078221105711920379192187
12005031109262002107340071618705291820347183164
12005031109272001101505073218705451830362185177
12005031109272001102358063917504641660298161137
12005031109272001106243079221005822000382199183
12005031109272002100853072719005371800357177180
12005031109272002102294072919305361800356181175
12005031109272002104017068717305141630351174177
12005031109272002107002072719505321800352179173
12005031109281999100152071820805101740336169167
12005031109282001100363066117704841610323162161
12005031109282002100614073521005251800345176169
12005031109282002101841072219005321750357181176
12005031109292000101522062517404511750276151125
12005031109292000103370067217604961650331164167
12005031109292001102864072018405361780358180178
12005031109302002101371066816205061570349176173
12005031109302002102673074920305461810365182183
12005031109302002105252070117305281710357179178
12005031109302002109021070017105291710358179179
12005031109311996103864072918805411820359179180
12005031109311997106334074919405551860369188181
12005031109311999103801069818005181690349176173
12005031109311999106893075019205581890369184185
12005031109312001103334073500000000000362000000
12005031109312002101922071919205271830344176168
12005031109312002104853071818905291790350180170
12005031109312002110039087022306472190428218210
12005031109321999101715069518305121700342175167
12005031109322001103271080120405972000397200197
12005031109322001105321067417504991560343165178
12005031109322001105599072118705341750359181178
12005031109322001105995075020705431820361183178
12005031109322002100535071619605201880332158174
12005031109322002107238072519005351740361182179
12005031109332000105991068518005051600345164181
12005031109332000106082070319505081710337172165
12005031109332002101490070816605421760366182184
12005031109332002105632067717405031670336171165
12005031109332002106166074019005501830367183184
12005031109341999100159070318905141720342176166
12005031109341999100956067416305111660345170175
12005031109341999101943000000000000000000156000
12005031109341999106978069317405191700349173176
12005031109342001105369072619205341810353180173
12005031109342002102308066818604821590323164159
12005031109342002104676072120005211840337174163
12005031109352001103739064216804741660308162146
12005031109352002100873077719205851920393196197
12005031109352002102548078220505771960381189192
12005031109362000101634067717005071650342174168
12005031109362001101840069116505261680358182176
12005031109362001103305067517804971680329165164
12005031109362002104686077721105661950371191180
12005031109362002107538068317205111690342173169
12005031109371998100731071518905261790347176171
12005031109372000106540069818705111750336172164
12005031109372002104899066716904981590339172167
12005031109382002105994069617905171730344170174
12005031109392000100380071318105321800352181171
12005031109392001100821065416504891690320163157
12005031109392001103104072120305181760342176166
12005031109392001103844067417604981680330168162
12005031109392001106298062015004701560314155159
12005031109392002100849067916305161690347171176
12005031109392002102170069518805071720335170165
12005031109392002104742079521805772000377193184
12005031109392002105328079321505782010377192185
12005031109392002105565072919205371830354182172
12005031109392002106074072919305361810355182173
12005031109401999101451076320305601900370189181
12005031109402001107540079820605922050387202185
12005031109402002100476078520705781910387206181
12005031109402002104129065016204881610327165162
12005031109402002104968069417005241670357176181
12005031109412001100065072619005361800356181175
12005031109412001101505073019105391780361185176
12005031109412001102677071618705291790350177173
12005031109412001103356067418104931620331166165
12005031109412001110097066718204851630322161161
12005031109412002100089070918605231780345177168
12005031109412002101655071619105251890336170166
12005031109412002102484068216705151610354178176
12005031109412002103380065517004851620323163160
12005031109422001103334000017500001680000177000
12005031109422001104928068316805151650350173177
12005031109431999102349070118205191720347000000
12005031109431999107090065415904951540341173168
12005031109432000103795064915904901550335162173
12005031109432000107695065917504841540330154176
12005031109432001102864069217505171670350174176
12005031109432002100911064517904661520314156158
12005031109432002101040071818905291770352180172
12005031109432002103862065216704851620323163160
12005031109432002104095068518604991690330163167
12005031109432002104841067116205091630346176170
12005031109432002105674065918004791610318157161
12005031109442000110010064518604591610298154144
12005031109442001106239073618305531830370191179
12005031109442002102274072418305411860355183172
12005031109442002103409070518705181760342174168
12005031109442002106559069718105161840332180152
12005031109442002106896069117605151710344174170
12005031109442002107447068618804981710327165162
12005031109451996103864072118505361740362181181
12005031109451998101821073219205401780362179183
12005031109452001103271075019305571850372188184
12005031109452001105995071618005361740362182180
12005031109452001107735000000005451840361182179
12005031109452002100470078120405771890388193195
12005031109452002100713069618205141760338169169
12005031109452002100884066917804911620329165164
12005031109452002103127065017204781580320158162
12005031109452002107238071118105301760354183171
12005031109452002110086070018305171780339168171
12005031109461998101514071817505431770366184182
12005031109462001102210068217605061680338172166
12005031109462002102664079318906042000404202202
12005031109462002103035080220605961920404195209
12005031109462002105791069817405241670357181176
12005031109472000104370074320005431880355190165
12005031109472001100212069118105101730337177160
12005031109472001105767072718305441740370180190
12005031109472002100671069419604981690329166163
12005031109472002106011072019705231730350180170
12005031109472002107010074118905521840368182186
12005031109472002107181068316805151650350175175
12005031109482000101634056515104141430271137134
12005031109482001107789075919505641820382188194
12005031109482002101336079920405952000395204191
12005031109482002103844065716304941610333164169
12005031109482002104178076419305711820389193196
12005031109482002107501074219005521740378187191
12005031109492001105661059818404141500264139125
12005031109492002102324075321105421810361184177
12005031109501998106639076419405701890381192189
12005031109501999101880071118105301730357177180
12005031109502001103371068721304740000000000000
12005031109502002104686075320405491870362186176
12005031109512001103844062516204631560307153154
12005031109512001106436062516504601540306154152
12005031109512001107201056515304121380274137137
12005031109521998105260063718004571480309151158
12005031109521999105385061717404431490294144150
12005031109522000102269065517404811580323154169
12005031109522001107446070518405211730348177171
12005031109522002100293064917104781550323159164
12005031109522002100844061616604501540296150146
12005031109522002100896064417504691530316156160
12005031109522002100927062416804561580298147151
12005031109522002103689065016604841670317162155
12005031109522002104970063718604511560295147148
12005031109522002105269062917504541580296153143
12005031109531998103042068818305051670338171167
12005031109532000100158073320105321860346174172
12005031109532001100065068417905051730332172160
12005031109532001103232067600000000000303157146
12005031109532002107008071018305271770350177173
12005031109542000105081068116805131670346176170
12005031109542002106140071317705361780358183175
12005031109542002107114081621206041980406203203
12005031109552000102263067716905081680340171169
12005031109552001103093064015704831600323160163
12005031109552001109258076320505581890369191178
12005031109552002102119072900000000000354178176
12005031109552002106016067617605001640336168168
12005031109561999104643066417204921620330163167
12005031109562000106032065717904781560322163159
12005031109571998110090000000005461690377188189
12005031109571999103092066316005031680335170165
12005031109572000107264068117505061750331164167
12005031109572002107303070019205081760332168164
12005031109572002109114058514404411400301145156
12005031109581996110148061815404641540310156154
12005031109581999105351063516404711500321158163
12005031109582002103305061915604631540309156153
12005031109582002104545064916204871600327163164
12005031109582002106536071418705271740353175178
12005031109582002110066070217605261710355177178
12005031109592001104660076920305661800386185201
12005031109592002102818073917905601800380189191
12005031109592002104066078923005591910368189179
12005031110001998101514069017705131680345172173
12005031110002001105767068917005191680351177174
12005031110002002103870070117605251670358176182
12005031110002002200028070617805281660362176186
12005031110012000101372064817204761600316162154
12005031110012000102675069117805131660347175172
12005031110031999102057073919205471920355179176
12005031110032002100712074219305491930356179177
12005031110032002103217066619304731640309164145
12005031110032002104076000000005081740334164170
12005031110032002105627071117505361730363183180
12005031110032002110187075020005501800370187183
12005031110032002110251083500000000000421206215
12005031110041998105900070617605301750355178177
12005031110042001103308070218105211760345169176
12005031110042001103454072518505401760364182182
12005031110042001107446072218205401810359181178
12005031110042002102444079520705882010387190197
12005031110052002104060075520805471880359185174
12005031110052002109453085222706252080417211206
12005031110061997109368070417705271680359172187
12005031110062000102308065118904620000000000000
12005031110062002100978064316704761610315161154
12005031110062002101816086625506112320379192187
12005031110062002103784074220205401810359181178
12005031110062002104301073919705421820360181179
12005031110071999102672070318705161740342176166
12005031110072000101528000000005091690340172168
12005031110072000105020067817705011660335170165
12005031110072001110069061817004481570291148143
12005031110072002110165064516304821600322169153
12005031110082002102662080419606082020406214192
12005031110092001103325071718405331750358181177
12005031110092001103435067818104971660331166165
12005031110092002101657064317104721550317160157
12005031110092002107303059915804411510290149141
12005031110092002107511067117604951680327165162
12005031110102001107515063617304631550308153155
12005031110102002100485070018005201720348178170
12005031110102002102861070417505291750354176178
12005031110111999105698074019105491880361187174
12005031110112000106725069018505051710334173161
12005031110112002100742065417404801560324164160
12005031110112002100851070617405321730359182177
12005031110112002100955069919105081720336000000
12005031110112002102291074519805471830364184180
12005031110112002103859057715204251400285144141
12005031110112002105518070019105091730336172164
12005031110121999110009068117605051670338171167
12005031110122002101153070718905181830335178157
12005031110131999105763067718804891640325166159
12005031110131999107131067517205031710332173159
12005031110132000101372065317704761570319162157
12005031110132002110128070217905231710352182170
12005031110142000102675075219505571830374189185
12005031110142001102089072219205301730357177180
12005031110152001110153064715104961430353163190
12005031110152002102818070618405221710351174177
12005031110152002104208070817605321730359180179
12005031110162001103853072819205361840352180172
12005031110162001106577069618205141690345170175
12005031110162002102954077122405471960351190161
12005031110162002103744070517505301790351178173
12005031110172001100725067918604931630330163167
12005031110172002100712069018205081750333173160
12005031110172002103307066216704951570338167171
12005031110172002105007086023206282250403207196
12005031110181999101475067817705011690332168164
12005031110182002102749069618605101750335170165
12005031110182002102976069117905121680344172172
12005031110182002104091067417704971650332167165
12005031110202001110275068917805111720339171168
12005031110211998105900067917105081700338174164
12005031110212002103051000000000000000000000000
12005031110212002104725071418805261800346178168
12005031110232001103325069518105141700344174170
12005031110232002106026067118004911650326167159
12005031110252002102859071417705371790358186172
12005031110262000110130076020705531870366190176
12005031110262001106161070618505211730348179169
12005031110272000101054107800000000000496263233
12005031110272002104904110031707832860497265232
12005031110281997102822000000004411430298147151
12005031110281999107096063200000000000324159165
12005031110282002100819070017005301700360179181
12005031110282002100980064816804801590321162159
12005031110292000107466066018004801660314164150
12005031110292001106577071418405301760354176178
12005031110292002100815070419305111740337167170
12005031110301999102850063516504701550315160155
12005031110311999103960076220205601910369188181
12005031110312002102976054916003891350254130124
12005031110321999101475067718104961670329166163
12005031110322002102749068318504981650333170163
12005031110322002104091066916905001690331168163
12005031110331999105449067218004921610331164167
12005031110332002110038000000004660000000000156
12005031110342001102848061116604450000000000000
12005031110362002104725066617304931650328169159
12005031110402000101054000000004811590322161161
12005031110402000110130070718705201750345173172
12005031110402002104904068918705021650337170167
12005031110412001106161070717005371710366180186
12005031110422000107407069020004901610329164165
12005031110431999103960071218805241710353179174
12005031110431999107236071618105351780357180177
12005031110432002104812073820205361840352180172
12005031110451999104639073818805501800370183187
12005031110481999100298054914904001300270133137
12005031110482002106400000000004631570306153153
12005031110502000107542059515904361400296148148
