12011121306582005110051060314204611450316153163
12011121306582006100017063115604751590316160156
12011121306582006100787068818705011680333169164
12011121306582006103691082621306132280385200185
12011121306582007100512067617005061670339167172
12011121306582008106555000000000000000000000000
12011121306582009100200072619805281770351180171
12011121306582009102124064916304861560330167163
12011121306582009102409000000000000000000000166
12011121306582009102413063617204641550309155154
12011121306582009102414065917304861650321167154
12011121306582009104340000000000000000309161148
12011121306582009106209066617504911680323164159
12011121306582009109251064117104701540316161155
12011121306582009110031068817405141690345178167
12011121306592004110096073519205431790364179185
12011121306592005100139067016905011700331170161
12011121306592005102600063416204721570315158157
12011121306592006103754065700000000000000000165
12011121306592007100044063317004631590304153151
12011121306592007100559068017205081710337161176
12011121306592007103326064116804731690304153151
12011121306592008100791068217305091660343177166
12011121306592008102636060516104441530291151140
12011121306592008102762063616204741540320167153
12011121306592008103388000015200001780000000000
12011121306592008106421070019605041680336164172
12011121306592009101523065617604801640316163153
12011121306592009101813071318305301760354181173
12011121306592009102676066617004961730323166157
12011121306592009102837073400000000000000000181
12011121306592009103436075019705531870366181185
12011121306592009103456067716605111740337179158
12011121306592009103905068617705091630346168178
12011121306592009104234000000000000000000174000
12011121306592009104595068317405091680341176165
12011121306592009104717067716705101660344173171
12011121306592009105042066717104961720324166158
12011121306592009105737065617604801640316163153
12011121306592009105834064716304840000000000161
12011121306592009106092066417504891710318160158
12011121306592009106574066317504881710317160157
12011121307002005104694065616504911720319160159
12011121307002007100204060614604601530307155152
12011121307002007101578000000004790000000000159
12011121307002007102930059816304351490286143143
12011121307002007106698000000004630000000000000
12011121307002008100283062416404601510309157152
12011121307002008100284065717404831540329166163
12011121307002008101019062216004621560306150156
12011121307002008101078060116204391450294147147
12011121307002008101696000000005111660345173172
12011121307002008103154061916604531520301150151
12011121307002008103291066916105081550353177176
12011121307002008103363064618004661620304153151
12011121307002008105013062916504641550309153156
12011121307002008105016066617004961660330171159
12011121307002008105607056114404171340283136147
12011121307002009100957064316304801520328173155
12011121307002009101310065016904811570324162162
12011121307002009101398060900000000000000000000
12011121307002009101825064017004701540316161155
12011121307002009102448061816104571500307155152
12011121307002009102489073118705441830361180181
12011121307002009105767059716104361460290147143
12011121307002009106171060816404441480296146150
12011121307002009109209064117004711540317155162
12011121307002009110085063900000000000318161157
12011121307012007102960000000004651580307154153
12011121307012007103084055714904081380270134136
12011121307012007104111063817504631550308149159
12011121307012007110105062316804551490306151155
12011121307012008101278073819505431850358184174
12011121307012008101291067418404901650325167158
12011121307012008102562065016304871610326166160
12011121307012008103217061717104461460300148152
12011121307012009100063066717304941690325169156
12011121307012009100456074419805461900356183173
12011121307012009100628070217805241740350178172
12011121307012009104585066317104921520340167173
12011121307012009104608066816805001640336168168
12011121307012009104885074619905471730374182192
12011121307012009104942065317504781590319160159
12011121307012009105283071819105271720355174181
12011121307012009105989062915304761530323158165
12011121307012009106123063715704801570323163160
12011121307012009106270065717704801650315160155
12011121307012009106371073119805331780355170185
12011121307012009106523060916404451510294146148
12011121307012009106543060816304451540291151140
12011121307012009106903065516904861610325161164
12011121307012009110124072419905251760349179170
12011121307022005103586062316904540000000000149
12011121307022005104006063717004671610306157149
12011121307022006102338071319005231840339000000
12011121307022006110132000000004520000000000144
12011121307022007105619061116804431520291148143
12011121307022007106603066017304871690318165153
12011121307022007109079069418105131810332175157
12011121307022007110085064416104830000000000155
12011121307022008103842065117604751520323164159
12011121307022008110078067016805021630339170169
12011121307022009101460066217304891640325167158
12011121307022009102581071018105291810348182166
12011121307022009103433072318005431720371186185
12011121307022009103933066517204931650328168160
12011121307022009106475070717705301750355181174
12011121307022009110092061916704521560296152144
12011121307032006106794000000004901630327000000
12011121307032007102504066016904911700321172149
12011121307032007103447069417805161720344176168
12011121307032007103572061200000000000296148148
12011121307032007106388065116504861630323163160
12011121307032008101279065416004941570337168169
12011121307032009100104066517904861700316163153
12011121307032009101331063517704581520306158148
12011121307032009102673068917105181710347179168
12011121307032009102843069017505151690346172174
12011121307032009104256068416805161670349177172
12011121307032009104626066516505001660334171163
12011121307032009105142066817304951580337171166
12011121307032009106572062117504461520294146148
12011121307042007100174065116604851660319168151
12011121307042007101565068518505001650335170165
12011121307042007102712066319204711640307161146
12011121307042007103211066419304711640307160147
12011121307042007103852065418304711690302159143
12011121307042007105741068418405001690331165166
12011121307042008103196066216804941600334168166
12011121307042008104904068117805031640339171168
12011121307042009100540063916804711550316160156
12011121307042009100629064418104631590304158146
12011121307042009100696067517804971670330163167
12011121307042009100948064215904831600323159164
12011121307042009102101063600000000000304157147
12011121307042009103036069219005021660336170166
12011121307042009106049067016605041630341172169
12011121307042009106282066517904861640322164158
12011121307042009106288065817204861590327165162
12011121307052005101419067317404991680331171160
12011121307052006102849067217304991700329170159
12011121307052006103182065317204811610320163157
12011121307052006103319066017404861650321161160
12011121307052006105895068119504860000000000161
12011121307052006110044065217004821630319161158
12011121307052006110098069119504961880308174134
12011121307052007103094065116704841640320000000
12011121307052007106175066217004921610331170161
12011121307052008102210067218104911670324161163
12011121307052008103256067117604951620333169164
12011121307052009100249065817204861550331162169
12011121307052009101009068017505051680337173164
12011121307052009101252066516704981660332168164
12011121307052009101510063816404741560318155163
12011121307052009102081064416604781570321160161
12011121307052009102704064616204841540330167163
12011121307052009103750066616804981640334171163
12011121307052009104949066617604901600330169161
12011121307052009105878066217704851580327165162
12011121307052009106164067517904961660330166164
12011121307052009106443065916704921610331167164
12011121307052009106492066717004971710326158168
12011121307052009106555065116304881620326169157
12011121307052009106855066115905021620340170170
12011121307052009109150064816404841590325166159
12011121307062006102142075719105661890377195182
12011121307062006102162069517705181700348175173
12011121307062006103340064815604921650327166161
12011121307062007102572065416304911530338167171
12011121307062007102789066716305041620342171171
12011121307062007104099071218505271780349175174
12011121307062007105064072317805451770368182186
12011121307062008102705064700000000000322161161
12011121307062008102798063315704761540322160162
12011121307062008104467063414604880000000000000
12011121307062009100482071100000000000367184183
12011121307062009100744063016104691520317161156
12011121307062009101142075119705541850369188181
12011121307062009101497073517705581870371190181
12011121307062009101659073918505541850369188181
12011121307062009101682069817805201780342176166
12011121307062009103829074818805601880372192180
12011121307062009104808070816505431720371190181
12011121307062009105738067316405091640345178167
12011121307062009109160064716204851540331166165
12011121307072004109291063815004881570331162169
12011121307072005106283071419605181760342172170
12011121307072006109266063516704681550313156157
12011121307072007102448070319005131630350167183
12011121307072007105955062916304661540312158154
12011121307072007109153066416305011630338168170
12011121307072008101557062915804711530318158160
12011121307072008103249069918205171770340175165
12011121307072008104056066517804871620325160165
12011121307072009100022065015804921590333166167
12011121307072009103455060715204551500305155150
12011121307072009103977068517805071690338170168
12011121307072009104879066417404901670323161162
12011121307072009104993067416405101670343176167
12011121307072009105129067617305031690334170164
12011121307082004104616066817804901610329164165
12011121307082005103222064115804831580325166159
12011121307082005104580067200000000000327169158
12011121307082005110172067117804931650328162166
12011121307082007100899065217804741600314158156
12011121307082009100353065117704741610313158155
12011121307082009100927066617204941750319160159
12011121307082009101493064715104961570339167172
12011121307082009104635064915904901580332165167
12011121307082009105842064816004881580330164166
12011121307092006101216070519805071720335172163
12011121307092006105010070618205241760348178170
12011121307092007109232069917805211700351179172
12011121307092008102632067616705091780331171160
12011121307092008103333069916705321800352184168
12011121307092008104252061117204391530286149137
12011121307092009101771070618805181790339176163
12011121307092009102476063116104701560314156158
12011121307092009105009065817704811660315162153
12011121307092009105335070018505151750340170170
12011121307092009105974061815804601520308151157
12011121307102004103648074318705561840372189183
12011121307102005102050064616504811610320161159
12011121307102007100396064816704811520329163166
12011121307102007101421073018105491830366181185
12011121307102007110099074920105481870361187174
12011121307102008104471068917505141740340174166
12011121307102008105929066017404861570329167162
12011121307102009100217073519505401800360181179
12011121307102009100303065516204931640329162167
12011121307102009101406070517405311740357176181
12011121307102009102311072118505361770359181178
12011121307102009103866070918905201780342173169
12011121307102009104652071620105151730342000000
12011121307102009106135064416304811510330164166
12011121307102009106484069618005161740342175167
12011121307102009106551071418805261760350179171
12011121307102009106585071517605391720367180187
12011121307102009110067070518505201790341173168
12011121307112007101375070319705061760330168162
12011121307112007103122064817304751520323160163
12011121307112008102652068717205151660349174175
12011121307112008104835068218604961720324169155
12011121307112009100019069118505061710335165170
12011121307112009100208072217805441760368187181
12011121307112009100226071217505371750362181181
12011121307112009101116068217105111620349175174
12011121307112009102126071318705261690357183174
12011121307112009103564067616005161630353174179
12011121307112009104785072418305411740367186181
12011121307112009106665072517705481780370189181
12011121307122005103543065616404921620330164166
12011121307122006100872073621105251920333182151
12011121307122007101512064915604931560337167170
12011121307122007105554063017404561520304154150
12011121307122008100364065117104801570323161162
12011121307122008100791065816504931580335164171
12011121307122008101283067917405051610344168176
12011121307122008104751074922105281960332184148
12011121307122009100287067716905081630345172173
12011121307122009103109067216405081640344173171
12011121307122009104944069317805151670348178170
12011121307122009104946074021605241920332183149
12011121307122009105453064717104761570319161158
12011121307122009106218074121605251920333183150
12011121307132007110001062116504561550301154147
12011121307132008102933066617304931630330166164
12011121307132008104057072922105081860322169153
12011121307132009100007073122005111930318174144
12011121307132009104150072121305081910317174143
12011121307132009110001072721805091930316172144
12011121307132009110037071921005091920317174143
12011121307132009110124069819305051750330173157
12011121307132009110127062116104601550305151154
12011121307142006101058065918004791590320162158
12011121307142006104371069217905131690344170174
12011121307142006106787068516905161660350173177
12011121307142007102343065818404741710303000000
12011121307142007104591066017104891610328165163
12011121307142007105881068118105000000000000163
12011121307142008104713068017105091730336173163
12011121307142009101894068017605041660338168170
12011121307142009103742063015604741510323162161
12011121307142009104560064916204871560331162169
12011121307142009106000074220405381890349178171
12011121307142009106493061616204541480306154152
12011121307152005100910066917304961610335167168
12011121307152006100273064816904791600319161158
12011121307152006103493066816305051620343168175
12011121307152008104034070819605121670345178167
12011121307152009100602063617604601540306154152
12011121307152009100628071117405371720365182183
12011121307152009101209064417104731590314157157
12011121307152009102730064417104731590314157157
12011121307152009104307064115804831560327163164
12011121307152009106393067318004931640329162167
12011121307162007103447065616704891600329163166
12011121307162008101279063015004801530327165162
12011121307162009100720069718605111730338172166
12011121307162009101767061915304661530313156157
12011121307162009105024066816705011590342170172
12011121307162009105421065016104891580331161170
12011121307172006101297063616504711560315160155
12011121307172007105969067216605061630343171172
12011121307172008101286064616604801580322161161
12011121307172008104876065416504891590330166164
12011121307172009102075072920005291830346178168
12011121307172009102463066016504951470348171177
12011121307172009102598067018104891670322158164
12011121307172009102840069718105161690347173174
12011121307172009106196065817104871590328162166
12011121307182005106347067216405081600348171177
12011121307182006106745082022505951990396202194
12011121307182007101822068317805051670338170168
12011121307182007102901067218904831670316161155
12011121307182007105681067417205021680334165169
12011121307182008105554069418905051720333172161
12011121307182008110017069917005291650364182182
12011121307182008110135075619305631880375187188
12011121307182009101307069917805211670354175179
12011121307182009102866064317404691610308158150
12011121307182009103401079721005872030384199185
12011121307182009106155063000000000000000000000
12011121307182009106173065716304941590335167168
12011121307192005105310068318205011690332170162
12011121307192006102849064116904721550317162155
12011121307192006105895063917804610000000000154
12011121307192007101514068617405121660346172174
12011121307192007103094064716504821630319161158
12011121307192007104399069917905201700350175175
12011121307192007106560069718405131700343176167
12011121307192008102210066217304891660323164159
12011121307192008103495071518405311730358182176
12011121307192009100233070820005081680340000000
12011121307192009100325068917205171650352177175
12011121307192009100558071818805301760354180174
12011121307192009101009069619005061720334169165
12011121307192009101252066717804891660323164159
12011121307192009105850070718405231710352177175
12011121307192009106049065916504941630331163168
12011121307192009106164069618405121720340171169
12011121307192009106492066917004991710328173155
12011121307192009109225066616105051690336171165
12011121307202005102596072719705301770353181172
12011121307202006103063066616105051570348172176
12011121307202006103177074220005421860356182174
12011121307202009100101065117204791610318161157
12011121307202009100196070317705261810345172173
12011121307202009100251066516604991570342165177
12011121307202009100331065716804891640325161164
12011121307202009100367069517505201750345177168
12011121307202009100601072919605331800353183170
12011121307202009101330065117204791610318162156
12011121307202009106571065317304801600320161159
12011121307202009106594067817405041700334172162
12011121307212006105046066900000000000000000162
12011121307212007101890065517104841630321163158
12011121307212007102397068617505111720339174165
12011121307222006106793067115905121670345174171
12011121307222007102267070119705041780326169157
12011121307222007103978069417705171700347173174
12011121307222007110099072820505231810342000000
12011121307222008105066068018104991530346168178
12011121307222009100160072317805451860359184175
12011121307222009102801067816505131630350174176
12011121307222009105096078721505722000372194178
12011121307222009110065066616405021650337166171
12011121307232006103352064316204811630318165153
12011121307232007100537066016704931590334170164
12011121307232007101267065117404771610316160156
12011121307232007103116066017004900000000000000
12011121307232008102746070017605241760348180168
12011121307232008103077065116904821590323162161
12011121307232008104359062816604621540308154154
12011121307232009100570067016505051630342167175
12011121307232009100813064616404821570325162163
12011121307232009100935068519004951680327166161
12011121307232009100941067518104941720322166156
12011121307232009101080067116005111710340173167
12011121307232009101113066716804991580341169172
12011121307232009102195065817404841610323161162
12011121307232009103182067818004981700328170158
12011121307232009103611068519104941690325164161
12011121307232009105304068117205091630346175171
12011121307232009106057064316704761560320162158
12011121307232009106289063816904691560313153160
12011121307242007100764062817004581560302151151
12011121307242007110004077619505811950386195191
12011121307242009100579072018205381720366184182
12011121307242009100598064715204951580337170167
12011121307242009104157069918105181740344170174
12011121307242009105785070316105421720370179191
12011121307252007103637067117804931620331175156
12011121307252007104688065415704971600337175162
12011121307252007109084064617104751590316160156
12011121307252007110101064217404681610307158149
12011121307252009100254067617405021700332169163
12011121307262005102568067417704971660331167164
12011121307262005102793069418205121640348175173
12011121307262006102481064216404781590319159160
12011121307262007106405061115504561540302146156
12011121307262008101671061413804761520324161163
12011121307262008106334065816604921590333168165
12011121307262009100719061016104491470302146156
12011121307262009102056063716004771610316165151
12011121307262009102626065317204811670314160154
12011121307262009103873064216204801600320164156
12011121307262009104372066917604931630330167163
12011121307262009110074063817904591560303156147
12011121307262009110122062917504541520302155147
12011121307272006106576071617305431830360188172
12011121307272007101574063315204811610320166154
12011121307272007102033067416905051600345172173
12011121307272008101422069618905071770330167163
12011121307272008104743067318204911650326165161
12011121307272009100337065917204871680319162157
12011121307272009100776073719805391860353180173
12011121307272009101106065917204871670320163157
12011121307272009105072064916704821560326167159
12011121307272009106510065916704921630329168161
12011121307282005101457065716804891650324171153
12011121307282006105593000018000000000000000000
12011121307282006105747067800000000000331000000
12011121307282007103256064018304571580299150149
12011121307282007106601064317104721620310160150
12011121307282008104223066917804911680323168155
12011121307282009100188066317704861640322160162
12011121307282009100713068018204981580340166174
12011121307282009102122067718504921650327162165
12011121307282009104044067118204891650324165159
12011121307282009106011065817604821680314163151
12011121307292007101272000000000000000393202191
12011121307292008101723063914804911550336166170
12011121307292009104320067117704941650329163166
12011121307292009104547068917405151710344170174
12011121307292009106154069617805181710347171176
12011121307302005105331067317005031620341169172
12011121307302008103054064417204720000000000161
12011121307302009103154065317704761520324159165
12011121307302009103434083721706202090411204207
12011121307302009106538065615605001720328168160
12011121307312006104087065315305000000000000176
12011121307312006105977065114905021580344165179
12011121307312009100001064516104841610323165158
12011121307312009103748065018204681570311159152
12011121307322006102180000000005001700330164166
12011121307322008102588063816604721530319157162
12011121307322009103590067416705071580349170179
12011121307322009103991071317405391840355184171
12011121307322009105889068616805181690349176173
12011121307322009106387071817705411760365186179
12011121307332007104401067819904791620317156161
12011121307332007104509065217904731610312157155
12011121307332009102645000015400001540000157000
12011121307332009103999065617404821610321162159
12011121307332009104692063416104731560317158159
12011121307332009106448065316404891610328166162
12011121307342005100165066216804941620332166166
12011121307342007102054063016204681560312156156
12011121307342008103568063815704811510330163167
12011121307342009100251063316004731470326157169
12011121307342009105903063115904721490323158165
12011121307342009110083063715504821540328158170
12011121307352006102776066616505010000000000000
12011121307352008103165058515204331350298146152
12011121307352009101776067016505051640341173168
12011121307352009101885067916505141670347178169
12011121307352009104426064117204691600309157152
12011121307352009105454066716605011620339171168
12011121307352009106504066716904981710327176151
12011121307352009110125068417605081690339170169
12011121307362007103188000000000000000000000000
12011121307362008102251067616005161590357173184
12011121307362008103125057215204201380282140142
12011121307362009104836064217004721550317162155
12011121307362009106325068517905061740332170162
12011121307372006105164070317305301700360176184
12011121307372006105518062816204661570309155154
12011121307372007106571065916204971700327170157
12011121307372008103895065018904611520309150159
12011121307372009100365072417905451790366185181
12011121307372009100398068617305131730340171169
12011121307372009103165073318805451880357183174
12011121307372009106378067217704951620333167166
12011121307382008101745068917305161700346171175
12011121307382008105782066717704901670323164159
12011121307392007101803067317504981670331169162
12011121307402008102897064018104591610298153145
12011121307402008104458070017605241730351178173
12011121307402009105239063616304731580315161154
12011121307412007100624061500000000000312156156
12011121307412008105712071319105221770345177168
12011121307422007102110063916604731480325160165
12011121307422008104027064416004841570327172155
12011121307422009101989066817004981670331167164
12011121307422009102879065116204891640325166159
12011121307422009103703065515505001600340168172
12011121307422009104894067115705141660348176172
12011121307422009106110062816304651530312158154
12011121307422009106416065616204941640330165165
12011121307432005105310067317804951720323167156
12011121307432009100601065017104791620317167150
12011121307432009101378057413604381430295000000
12011121307432009101403064215904831530330166164
12011121307432009101427069817905191690350176174
12011121307432009102866062415004741500324159165
12011121307432009104612071119105201740346173173
12011121307442005102596069418105131770336174162
12011121307442006104736065716804890000000000163
12011121307442007104399065517404811640317166151
12011121307442008104810063817104671540313157156
12011121307442009102917066817104971620335171164
12011121307442009105016068517605091650344163181
12011121307452006105565067517904961670329170159
12011121307452007103717065316204911610330169161
12011121307452008100690068217905031690334172162
12011121307452009102109066016504951660329168161
12011121307452009102589065216604861630323163160
12011121307452009103037066718004871660321161160
12011121307452009103965066617004961650331168163
12011121307452009104332067816605121610351170181
12011121307452009105323065816004981680330167163
12011121307452009106087066217204901620328164164
12011121307462007101579069918105181720346178168
12011121307462007102633068116505161700346181165
12011121307462008100495064815704911640327163164
12011121307462009101846067817705011620339178161
12011121307462009103640070318205211730348181167
12011121307462009103841067416005141700344179165
12011121307462009106026063315404791600319162157
12011121307462009106460067817705011620339177162
12011121307462009106485070218605161750341172169
12011121307462009106690068218704951600335171164
12011121307462009110054067916305161700346179167
12011121307472006105480071819605221790343176167
12011121307472007100345073718905481840364181183
12011121307472008104609063415404800000000000000
12011121307472009101212072418805361880348174174
12011121307472009106666070517505301730357178179
12011121307482007101286000000000000000000000000
12011121307482007105440067716405131640349175174
12011121307482008104969064717004771610316160156
12011121307482009101221073819405441820362185177
12011121307482009102532074419205521830369186183
12011121307482009104786074219005521890363187176
12011121307482009104983075618005761900386187199
12011121307482009105111072819405341820352184168
12011121307482009109211072317105521860366189177
12011121307492008101301000000004671570310000000
12011121307492009103584079720105961960400199201
12011121307512009100614000000005301790351181170
12011121307512009100616070517405311790352181171
12011121307512009105452068417405101660344174170
12011121307512009110045072718605411710370182188
12011121307522008101528067216905031630340170170
12011121307532009103589000000005291750354178176
12011121307532009104718067417205021660336170166
12011121307542006103379068117005111680343170173
12011121307542007100727065717904781620316160156
12011121307542007101450070619305131750338165173
12011121307542007103593073420105331840349177172
12011121307542009103056067616205141670347175172
12011121307542009105014067015905111690342173169
12011121307542009110112073018705431820361188173
12011121307552005103581066418704771600317162155
12011121307552008101720071916205571720385195190
12011121307562006103126061916004591530306154152
12011121307562006106459065916704921630329163166
12011121307562007104302064016404761580318165153
12011121307562007104925073317605571770380191189
12011121307562008103794083420506292040425215210
12011121307562009100243069016305271640363180183
12011121307562009101216069315905341700364181183
12011121307572006100383070618205241680356176180
12011121307572006104736070617905271750352177175
12011121307572009101427072818705411830358183175
12011121307572009104612072618705391810358183175
12011121307582007100345067317604971710326167159
12011121307582008104742066015905011650336171165
12011121307582009100967066817304950000000000166
12011121307592007102120075919205670000000000184
12011121308032008101746068816905191790340173167
12011121308032009101181072617305531840369182187
12011121308032009101208072218605361790357181176
12011121308032009101710072619505311770354177177
12011121308032009110077072218605361820354181173
12011121308042004106983064116504761540322166156
12011121308042009100100064616804781580320162158
12011121308042009100603064516704781580320161159
12011121308042009101515066017004901590331164167
12011121308042009102443065516704881630325165160
12011121308042009102852065815205061610345175170
12011121308042009106403064817004781580320164156
12011121308052007100727065616904871690318156162
12011121308052008100479064017104691630306154152
12011121308052009101936070217105311750356179177
12011121308052009105341070417205321770355179176
12011121308062008105662070018805121760336174162
12011121308062009104411069118605051730332170162
12011121308072006101542078321405691900379192187
12011121308072008101720072318205411810360177183
12011121308092008103794067818204961780318171147
12011121308092009100611070617705291760353185168
12011121308092009100615070717905281740354185169
12011121308102009106267068417505091640345174171
12011121308112005102911077420505691930376192184
12011121308122006106189070117705241800344175169
12011121308122009102145075119805531890364186178
12011121308122009104250075219805541890365186179
12011121308122009104584073719305441820362186176
12011121308142007102951071119305181790339175164
12011121308152007103667062416904551550300153147
12011121308162007106224067716805091780331164167
12011121308162009101502067416805061630343170173
12011121308172003100796064416804761590317161156
12011121308182009102912069218605061730333173160
12011121308182009105781069318805051770328169159
12011121308192009104950070717705301770353179174
12011121308192009110129070018305171680349172177
12011121308222006105412071218905231850338173165
12011121308232009100103062315804651540311157154
12011121308232009103686065015304971740323160163
12011121308232009106292068216805141710343170173
12011121308252007103143060615604501530297150147
12011121308262007102923062617504511600291156135
12011121308262008102819068118204991700329169160
12011121308282007100941062217504471590288145143
12011121308292002107238068518105041730331168163
12011121308292006110151065316204911590332165167
12011121308292007104288062200000000000000000000
12011121308292009100417067617605001660334168166
12011121308292009104154064416904751530322160162
12011121308302006103417066317404891690320171149
12011121308302008101377065216604861700316171145
12011121308302009102724066216704951620333165168
12011121308302009106881066717304941650329164165
12011121308302009109249063116204691470322159163
12011121308312009100826068018104991660333169164
12011121308322006104521067218804841740310157153
12011121308322009102906069618405121720340174166
12011121308502005105681070118505161710345169176
12011121308502008101083066618704791590320162158
12011121308502008106586067318204911660325160165
12011121308502009102936074518605591840375186189
12011121308512006100924068017705031710332169163
12011121308512006106716000000000000000324000000
12011121308512009103268072919305361790357181176
12011121308512009105440073019305371790358181177
12011121308522004100194069717305241650359178181
12011121308522005106388070217805241770347175172
12011121308532008102293069517805171710346177169
12011121308532009100201067416705071670340172168
12011121308532009100634066418204821590323161162
12011121308532009100807067417804961720324166158
12011121308532009101008063916104781600318158160
12011121308532009103062072521005151790336173163
12011121308532009103432069720704901710319163156
12011121308542008103083066817504931640329163166
12011121308542009102112065418304711580313159154
12011121308542009106086064517204731660307160147
12011121308542009106198065616804881660322166156
12011121308542009106246063117004611600301154147
12011121308552008103192062915604731600313160153
12011121308552008103371059814704511410310154156
12011121308552009102166066817804901670323163160
12011121308562008101815067316805051600345168177
12011121308562009101416070619905071780329170159
12011121308582004102742071318205311740357180177
12011121308582006101534072318405391810358182176
12011121308582007103285069718405131740339174165
12011121308582009100256069218405081760332170162
12011121308582009103593073920805311810350176174
12011121309002008106717068518005051670338172166
12011121309002009104241068718705001710329168161
12011121309012009102870071317605371750362179183
12011121309012009103336068618205041740330165165
12011121309012009103445080720106061970409205204
12011121309022008100857067216005121670345176169
12011121309022009101272064717404731600313157156
12011121309032008104610070117905221740348173175
12011121309042008102622063815504831540329166163
12011121309042009106216065417604781580320164156
12011121309052008102293065416204921610331167164
12011121309052009100385067216005121610351173178
12011121309072008100379075119705541850369185184
12011121309092009103395096528006852390446238208
12011121309102009100220072017705431710372183189
12011121309112004102742069618205141690345180165
12011121309112006101534069617205241820342180162
12011121309112007103285071519005251760349181168
12011121309112008101549063716004771570320158162
12011121309112009100256070919105181740344182162
12011121309122006101416070419105131760337184153
12011121309132005106477080120205992090390196194
12011121309132009102870071117305381730365181184
12011121309142008100880063915504841510333163170
12011121309142009103445077020705631930370190180
12011121309142009106673068516905161600356182174
12011121309152006102231067916305161640352184168
12011121309152008101281068017005101700340175165
12011121309152008105465066217204901670323173150
12011121309152009104829069517605191670352174178
12011121309152009104928069317605171680349169180
12011121309152009105226076618105852080377202175
12011121309152009110128078418505992060393206187
12011121309162007101270065918004791630316163153
12011121309162007102995066720004671550312157155
12011121309172007103423063416504691580311158153
12011121309172008101908066715705101650345174171
12011121309172008103426068816305251740351178173
12011121309182009102119066316804951580337165172
12011121309182009104535066315205111650346173173
12011121309182009106756068316505181650353177176
12011121309192005100291066918504841740310165145
12011121309192006105644065116004911600331170161
12011121309192007103194067318904841700314170144
12011121309192009104305065415504991570342172170
12011121309202006106067061916404550000000000155
12011121309202007100962070518605191760343176167
12011121309202009101326065515305021580344173171
12011121309202009102461068216905131710342173169
12011121309202009102875065116504861580328171157
12011121309202009103038062515104741530321158163
12011121309202009103550066817104971710326173153
12011121309212003104006067517005051740331169162
12011121309212006102209065915805011540347176171
12011121309212008106276066917204970000000000162
12011121309212008106492066716904981560342176166
12011121309212009100335065016704831630320165155
12011121309212009102584067017704931630330166164
12011121309212009103321067300000000000323167156
12011121309212009104436000018100000000000000000
12011121309212009105301067017704931630330166164
12011121309212009105355066717104961660330169161
12011121309232006105210067216805041590345168177
12011121309232007100129062515904661480318158160
12011121309232009101253068116105201630357180177
12011121309232009102357059514004551380317155162
12011121309242009104886068917005191620357174183
12011121309252007103477063416504691600309158151
12011121309252008104464062215104711560315164151
12011121309252009106742062915904701570313162151
12011121309262005106477078019705832090374196178
12011121309262007101419065916804910000000000000
12011121309262008101779067116205091680341178163
12011121309262009100594067217304991610338174164
12011121309262009101874067216905031640339171168
12011121309272006100208111431507992890510263247
12011121309272008106438063215404781540324164160
12011121309272009102517068918605031620341169172
12011121309272009104163069018905011630338168170
12011121309282007101231070518905161730343176167
12011121309282007103404062115804631550308154154
12011121309282008101692061116304480000000000000
12011121309282009104475064816704811600321164157
12011121309302009102849064915604931620331161170
12011121309302009104816069817905191780341168173
12011121309312008105545068420104831770306163143
12011121309312009101675066717704901630327164163
12011121309312009102302073419205421760366186180
12011121309312009102350066217304891640325163162
12011121309312009102473069020404861770309165144
12011121309312009103438000018500000000000000000
12011121309312009103972068720304841760308165143
12011121309312009106064069820604921800312166146
12011121309322006101921065116704841560328164164
12011121309322009103813070216505371740363184179
12011121309332005100291068720604811820299161138
12011121309332005106476065716404931520341173168
12011121309332006102332066917704921670325163162
12011121309332007103194069620304931860307164143
12011121309332009100381067218004921650327164163
12011121309332009100819067217904931660327164163
12011121309332009102461067416505091710338171167
12011121309332009106610066515805070000000000172
12011121309342006102988064500000000000334169165
12011121309342008104416063915104881490339164175
12011121309342009101057063616404721520320159161
12011121309352004105074000027200002610000282000
12011121309352007101398068317805051680337169168
12011121309352009101351067616805081700338170168
12011121309352009103966068418105031630340168172
12011121309362009100779065315904941630331159172
12011121309372005109202067017005001630337171166
12011121309372007104164068218105011650336169167
12011121309372008102566062515904661550311156155
12011121309372008103530059015504351480287146141
12011121309372008110123069717405231690354181173
12011121309372009106481069617005261720354181173
12011121309372009110013072318405391770362185177
12011121309382005106331065916804911630328166162
12011121309382006103467062415504691500319158161
12011121309382006103487065617304831590324169155
12011121309382006105732071716905481730375188187
12011121309382006105840063916104780000000000164
12011121309382009101863068617305131650348176172
12011121309382009102527067217005021620340172168
12011121309382009106193068617305131650348175173
12011121309392005105102068117005111720339169170
12011121309392005110228065319204611560305155150
12011121309392006103984060516104441510293149144
12011121309392009100425063315904741560318161157
12011121309392009102445063516304721550317157160
12011121309392009104951067717105061700336171165
12011121309402005100097066717504921690323160163
12011121309402005110055066717604911680323160163
12011121309402006100208076021205481940354188166
12011121309412007106369068917705121760336169167
12011121309412008101804065919804610000000000000
12011121309412009101419067117804931590334166168
12011121309412009101912069518305121700342172170
12011121309412009106850067718504921630329168161
12011121309422009105248067817405041710333165168
12011121309432009100255065116804831660317159158
12011121309432009102142068918805011700331162169
12011121309432009104287065316904841660318158160
12011121309432009106308069420004941730321152169
12011121309442007106213069517205231720351176175
12011121309442007110060065117004811720309161148
12011121309442008102613067317704961640332167165
12011121309442009103875068218205001670333165168
12011121309442009106034065616704891640325164161
12011121309442009106130068318205011670334165169
12011121309442009106353066317804851690316169147
12011121309452005102578064915604931540339171168
12011121309452006104716074019205481760372187185
12011121309452007101137067916905101700340171169
12011121309452008103091065917004891630326162164
12011121309452009104313068117605051660339171168
12011121309452009104787066515705081580350176174
12011121309452009106076067516905061680338171167
12011121309452009106369067318804850000000000158
12011121309462006102311062617704491600289151138
12011121309462006103084067218804841590325160165
12011121309462006103169063016404661600306154152
12011121309462007101630062716804591530306153153
12011121309462007102879069317005231710352178174
12011121309462008105422070817705311700361177184
12011121309462009100613072118305381790359181178
12011121309472005106468071618305331780355179176
12011121309472006100358065016204881580330164166
12011121309472006103168065016904811640317167150
12011121309472007101342070517905261810345179166
12011121309472007105532062715504721560316161155
12011121309472009100212064716704801530327164163
12011121309472009101100065916504941630331166165
12011121309472009102471062015404661560310155155
12011121309472009102561064316004831620321158163
12011121309472009104643063716804691540315158157
12011121309472009106731071115705541660388187201
12011121309482007103265063816704711600311160151
12011121309482007103290065517004851590326169157
12011121309482007103591063216404681550313157156
12011121309482007104749065515904961620334168166
12011121309482007105484060717004371490288150138
12011121309482009101881068418205021730329176153
12011121309482009103163060816304451470298149149
12011121309482009103735066517604891620327162165
12011121309482009105004066017704831610322156166
12011121309482009105548064916504841590325167158
12011121309482009105917061715904581470311154157
12011121309482009106445067517105041630341174167
12011121309482009106454066917104981620336173163
12011121309492004105074065417904751570318164154
12011121309492005106331066816705011650336169167
12011121309492007101704069017205181690349174175
12011121309492007103255070518105241780346174172
12011121309492007104787064616004861630323166157
12011121309492007109141069719804991680331167164
12011121309492008103265067217404981720326168158
12011121309492009104958069917805211720349181168
12011121309492009106230063515904761570319164155
12011121309502005101133070317705261730353181172
12011121309502006103144061116804430000000000141
12011121309502007102885074819505531780375189186
12011121309502007103037067218604861670319162157
12011121309502008102884067417504991690330167163
12011121309502008105107067717904981680330170160
12011121309502009103464069617605201720348180168
12011121309502009103555063015604741510323159164
12011121309502009105764066416904951630332169163
12011121309502009105900066715605111620349176173
12011121309502009106765068018104991760323168155
12011121309502009109253065016404861540332163169
12011121309512004105779065216504871550332169163
12011121309512005109202066417304911610330165165
12011121309512007103010062216404581580300152148
12011121309512007103331064616104851600325164161
12011121309512008101760064216104810000000000160
12011121309512009101259065916704921670325169156
12011121309512009102700065316104921590333169164
12011121309512009103714060715304541440310153157
12011121309512009103889066717604911610330165165
12011121309512009105977065916604931670326169157
12011121309512009106410067617704991670332169163
12011121309512009106433068018104991670332169163
12011121309522005105410067517604991510348175173
12011121309522007100208080020205982000398201197
12011121309522008101985065716904881600328164164
12011121309522008104752067619904771650312157155
12011121309522009100461069018305071680339174165
12011121309522009101060068818305051670338171167
12011121309522009102452066917204971660331164167
12011121309522009104969069018405061680338173165
12011121309522009106070067017304971660331166165
12011121309522009106176066917704921640328167161
12011121309532007104922062516804571540303154149
12011121309532008102231062116204591570302154148
12011121309532008103492069117305181660352179173
12011121309532009100080063716204751660309154155
12011121309532009100936061615204641430321158163
12011121309532009101495068416705171610356174182
12011121309532009105963063117104601470313160153
12011121309542008104447072119105301810349177172
12011121309542009100783061516504501530297149148
12011121309542009101878065917104881720316156160
12011121309542009102298068917405151700345178167
12011121309542009109223063816204761580318160158
12011121309552009100060067916505141690345178167
12011121309552009105771070320504981690329167162
12011121309562006105783072120405170000000000000
12011121309562007104775064516704781520326162164
12011121309562008102093063015804721510321159162
12011121309562008110052065016304871540333171162
12011121309562009100162063816404741640310162148
12011121309562009100503064415704871540333169164
12011121309562009102618065717104860000000000163
12011121309562009105674063915404851560329165164
12011121309562009105925063716004771530324156168
12011121309572006104339069617605201780342177165
12011121309572006106521070718505221810341175166
12011121309572007101410064516304821670315156159
12011121309572008103880065318004731600313158155
12011121309572009100502072918305461820364185179
12011121309572009102282073118505461810365185180
12011121309572009105023063815904791590320158162
12011121309582003104485065917504841690315163152
12011121309582007103884065817304851710314161153
12011121309582009100747064816304851620323161162
12011121309582009106621067618804881710317157160
12011121309592006105507065316704861620324168156
12011121309592007102817063816604721610311157154
12011121309592007104599064616904771700307168139
12011121309592007105580000000000000000000000147
12011121309592008102757060314804551460309155154
12011121309592008103066063816604721570315158157
12011121309592009100801065217504771550322162160
12011121309592009102638064016804721590313160153
12011121309592009103907063617204641600304160144
12011121309592009105196063316704661560310160150
12011121310002006103208067819504831640319162157
12011121310002008100538064117304681610307157150
12011121310002009100009063716204751650310159151
12011121310002009100348065416704871590328160168
12011121310002009100513064317304701610309157152
12011121310002009100535062916104680000000000153
12011121310002009102096063516004751660309158151
12011121310002009104930064716604811650316161155
12011121310002009105730063016204681540314159155
12011121310002009106751064400000000000323159164
12011121310002009109049070819805101730337173164
12011121310012007104245065917804811580323162161
12011121310012008102296061315704561500306148158
12011121310012008104215064416804761600316160156
12011121310012009101086066817904891650324158166
12011121310012009101534065616604901590331163168
12011121310012009101971066117104901630327159168
12011121310012009105206067618704891700319163156
12011121310012009105813063416504691550314157157
12011121310012009105896066517204931570336166170
12011121310012009110069065017504750000000000170
12011121310022005104937070218705151660349174175
12011121310022008102019066000000000000329000000
12011121310022008102020000000004881580330165165
12011121310022008105586067416905051650340170170
12011121310022009104974066817204961620334168166
12011121310032009100238067117504961700326166160
12011121310032009102943066617704891640325164161
12011121310032009105334067117504961700326166160
12011121310042005100554066417204921640328166162
12011121310042007103362064216204801590321162159
12011121310042008105742070617705291810348183165
12011121310042009102775066017204881600328161167
12011121310042009104955065416904851630322168154
12011121310042009105103063016604641600304148156
12011121310042009105661067917305061710335170165
12011121310052007101437000000004611550306152154
12011121310052008103235065317104821620320162158
12011121310052009101722074819505531840369186183
12011121310052009106176066218004821620320162158
12011121310062009106549062716004671530314155159
12011121310062009106766063715604811510330165165
12011121310072005101541063016804621530309157152
12011121310072006102768069417905151680347175172
12011121310072006105845059615604401410299144155
12011121310072007103991067817705011690332167165
12011121310072008101985068116605151740341171170
12011121310072009101968065517904761650311152159
12011121310072009105776063616604701570313160153
12011121310082006103634063516604691550314160154
12011121310082007105508063817404641630301155146
12011121310082008104447066417804861610325163162
12011121310082009100777063915704821520330162168
12011121310082009101335077420105731920381193188
12011121310082009102298066917704921650327164163
12011121310082009102835076620005661860380193187
12011121310092005101771078522405612010360187173
12011121310092005102390063318004531590294149145
12011121310092007102253064117604651590306152154
12011121310092007106416062816204661540312158154
12011121310092008100068063415404801530327161166
12011121310092009102540068919404951750320162158
12011121310092009102972069518405111780333172161
12011121310092009104164066618004861650321162159
12011121310102007100162065617004861600326166160
12011121310102009100244068418005041690335174161
12011121310112008102997068217705050000000000000
12011121310122006102738072318505381750363180183
12011121310122007106724078919205971890408204204
12011121310122009100011075920305561770379191188
12011121310122009101552071617405421750367179188
12011121310122009102694076619505711880383194189
12011121310132008110114067217504971630334172162
12011121310132009105380067918804911690322163159
12011121310132009110121069218805041700334176158
12011121310142009101150068918605031670336164172
12011121310142009105294068318105021680334164170
12011121310152007106306067417904951660329166163
12011121310162007110030063617604601600300154146
12011121310162007110042061417904351480287142145
12011121310162009102026065017104791580321162159
12011121310162009110097064317904641600304152152
12011121310172005103317068718105061720334170164
12011121310172007102056070519005151820333176157
12011121310172009102641067216805041690335174161
12011121310172009102657068218205001670333168165
12011121310172009104139065816604921620330171159
12011121310182008102831063316904640000000000149
12011121310182008106180066316404991660333170163
12011121310182009100176065918204771640313154159
12011121310182009102663000017000000000000000000
12011121310182009105749065918204771640313154159
12011121310192009100435065317704761590317156161
12011121310202005102837062216204601550305154151
12011121310212009105177068517505101690341169172
12011121310222006101154064116004811490332167165
12011121310222009101784063415604781540324162162
12011121310222009105035064517104741580316158158
12011121310232005106133071318305301780352176176
12011121310232007101494066717704901610329167162
12011121310232008103403070500000000000338000000
12011121310232009100402064016504751570318156162
12011121310232009100642064016404761520324159165
12011121310232009102658063016204681510317155162
12011121310232009103826064516504801510329160169
12011121310232009104110063915104881610327163164
12011121310232009105389072218505371780359182177
12011121310242007103312062815404741520322162160
12011121310262009101075066516405011630338170168
12011121310262009101770064615504911550336163173
12011121310262009102500070518705181750343171172
12011121310262009102558062215104711490322163159
12011121310262009102644069717805191740345176169
12011121310262009102775069218005121680344176168
12011121310262009105661069617705191720347175172
12011121310262009106544064415904851590326166160
12011121310262009106589065015904911570334171163
12011121310262009110123066017104891620327166161
12011121310272006105596065316104921540338173165
12011121310272006106582068018104991690330165165
12011121310272007106306064017004701560314160154
12011121310282009103285067216805041660338172166
12011121310282009104629067116805031650338173165
12011121310292002107516072118605351780357180177
12011121310292009101176066718204851650320163157
12011121310292009102657063517404611580303158145
12011121310292009102838065617304831630320161159
12011121310292009104679066718104861660320163157
12011121310302008101021069917905201780342176166
12011121310312006110130063119104401450295149146
12011121310332008106523067117404971660331167164
12011121310332009104779068017705031680335170165
12011121310372008100267062616304631510312157155
12011121310372009103514065217004821600322163159
12011121310372009106248065016904811560325165160
12011121310422006101516067517505001620338169169
12011121310442007104894063800000000000306159147
12011121310442007106710063416704671520315160155
12011121310442009106324064217404681580310157153
12011121310532009102005065300000000000000000166
12011121310582007102050069417605181720346176170
