12014082404572006100106069118005111730338169169
12014082404572010101256067319004831540329165164
12014082404582009103377056814704211410280137143
12014082404582009104885053915703821340248122126
12014082404582009110097056915604131420271133138
12014082404582010102524068419304911760315160155
12014082404582011100587057316004131490264135129
12014082404582011101415056415304111460265135130
12014082404582011101833070917605331790354176178
12014082404582011103418072518405411710370176194
12014082404582011104076057716304141480266136130
12014082404582011104121055315104021460256132124
12014082404582011105341051513803771290248122126
12014082404582011106366051613903771290248122126
12014082404582011106571055815104071460261135126
12014082404582011109155055315403991370262136126
12014082404582012100527058315604271480279140139
12014082404582012101297053614203941350259127132
12014082404582012102477055115104001450255129126
12014082404582012104570059315504381510287143144
12014082404582012105158053814303951320263130133
12014082404582012105820055314904041460258133125
12014082404592008101810060817604321530279140139
12014082404592008102584057115104201430277139138
12014082404592008105982058815204361490287145142
12014082404592009103816058416004241460278139139
12014082404592010103911056915004191460273141132
12014082404592010104549057915604231450278141137
12014082404592010106340058216004221420280136144
12014082404592010110122055915204071470260135125
12014082404592011100016067216905031660337169168
12014082404592011100417060716504421510291144147
12014082404592011101564059816404341430291147144
12014082404592011103775055715604011460255130125
12014082404592011103975059615704391460293147146
12014082404592011104160059815504431480295150145
12014082404592011104259054915203971400257131126
12014082404592011104459055415503991420257130127
12014082404592011105703069319005031730330167163
12014082404592011106171062816904591510308153155
12014082404592011109233056815104171360281138143
12014082404592011110054068618704991720327169158
12014082404592012102251059015404361500286145141
12014082404592012104415059214804441450299153146
12014082405002007105543054415203921350257126131
12014082405002010100707060216404381470291143148
12014082405002010102596056616204041470257131126
12014082405002010102744059817004281520276137139
12014082405002010102875071619105251770348176172
12014082405002011101468057615804181480270139131
12014082405002011102307059315704361470289146143
12014082405002011103443081122705842010383188195
12014082405002011103948056816804001410259131128
12014082405002011106107063019304371570280143137
12014082405002011106612054515203931360257126131
12014082405002011109191062216904531600293147146
12014082405002011110069056215904031460257131126
12014082405002012100370062617404521560296149147
12014082405002012101561058216104211490272141131
12014082405002012102019061616504511580293149144
12014082405002012103134063217104611600301151150
12014082405002012103546062417204521570295149146
12014082405002012104364054514304021380264132132
12014082405002012105113062617604501580292148144
12014082405002012105484070019205081720336172164
12014082405002012105489059315804351470288145143
12014082405002012106413070919405151740341173168
12014082405012008103316058215504271430284140144
12014082405012009101972057515604191460273138135
12014082405012009105108058014904311500281141140
12014082405012010102956059015804321490283140143
12014082405012010103001073419605381860352171181
12014082405012010103127057215504171440273140133
12014082405012010105167059016804221510271134137
12014082405012011101037057415204221420280137143
12014082405012011102541059317504181510267135132
12014082405012011102949059817404241460278141137
12014082405012011103688070519405111700341172169
12014082405012011104665056515004151400275137138
12014082405012011104837052114203791280251126125
12014082405012011105693073419705371870350177173
12014082405012012100511054215303891410248125123
12014082405012012100772059817104271460281141140
12014082405012012101725059917004291470282141141
12014082405012012104172057414904251410284141143
12014082405012012105245061716604511470304154150
12014082405012012105794071819405241860338175163
12014082405012012110059069817505231710352170182
12014082405022007100575057816804101450265139126
12014082405022009104261053114103901330257125132
12014082405022009104585071520205131810332168164
12014082405022009104944060216004421540288145143
12014082405022009105955060516204431520291144147
12014082405022010101457062617304531590294147147
12014082405022010101581069017605141730341176165
12014082405022010104105061116704441500294149145
12014082405022011102925059815804401590281145136
12014082405022011103132055515304021500252130122
12014082405022011103602000014800001450000132000
12014082405022011103660056815504131480265136129
12014082405022011103783052514303821290253126127
12014082405022011103911061816004581570301149152
12014082405022011104324067518204931770316161155
12014082405022011105839058115604251560269139130
12014082405022011105858058515604291570272139133
12014082405022012103410057415904151450270141129
12014082405022012105773056715604111530258132126
12014082405032010105144060316304401500290144146
12014082405032011100536059716304341490285145140
12014082405032011103738065116804831590324158166
12014082405032011104667054615603901350255126129
12014082405032011104898071819405241830341168173
12014082405032011105081060316304401500290143147
12014082405032011105824059515604391470292146146
12014082405032011106075068018904911710320165155
12014082405032012100614060915904501500300152148
12014082405032012101073072318805351760359178181
12014082405032012102983064117904621720290145145
12014082405032012103918055215603961380258128130
12014082405032012104438063218304491620287146141
12014082405032012104611060215304491480301147154
12014082405032012104642059716704301460284145139
12014082405032012104869068317105121730339169170
12014082405032012105414060916204471510296147149
12014082405032012105545058815804301480282147135
12014082405032012105787059716704301460284145139
12014082405032012105832060215204501500300147153
12014082405032012105996072919905301910339175164
12014082405042008102658072918905401800360176184
12014082405042009101803060015504451480297150147
12014082405042010100689057315204211470274137137
12014082405042010101273061917104481570291145146
12014082405042010102128063216504671550312157155
12014082405042010104080069117105201740346175171
12014082405042010104157069218105111690342167175
12014082405042010104509070418305211770344177167
12014082405042011100025070819405141730341170171
12014082405042011103307067317704961610335164171
12014082405042011103596073319405391810358176182
12014082405042011103610066918304861680318159159
12014082405042011104124069017705131730340172168
12014082405042011104398069118405071720335168167
12014082405042011104422070918505241810343171172
12014082405042012102543074720005471890358184174
12014082405052004102855076822605421970345179166
12014082405052009102449077223105411970344178166
12014082405052009105832076422205421910351177174
12014082405052009106523067819004881720316159157
12014082405052010100473061718004371610276139137
12014082405052010102781076321905441900354178176
12014082405052011104045060615904471560291147144
12014082405052011104245059514904461500296150146
12014082405052011104344076822605421950347178169
12014082405052011104470076421905451860359179180
12014082405052011105545067418704871710316158158
12014082405052011105890081921906002060394198196
12014082405052012102685077522305521960356179177
12014082405052012103226076921905501940356180176
12014082405052012104174066219004721690303153150
12014082405052012104594065316504881580330164166
12014082405052012104617077023105391980341176165
12014082405052012105689069318505081780330170160
12014082405062007103130065717204851680317162155
12014082405062008103265065317604771620315155160
12014082405062008106261061016104491470302148154
12014082405062010105807065816804901640326155171
12014082405062010106482064817404741630311157154
12014082405062011100783058717204151520263137126
12014082405062011100912070218205201870333167166
12014082405062011101138072219905231870336172164
12014082405062011102466061215104611540307155152
12014082405062011103569066616804981710327161166
12014082405062011103966058416004241500274139135
12014082405062011104880063316804651590306148158
12014082405062011105441070819005181760342175167
12014082405062011106568063416104731620311153158
12014082405062011109245065217204801660314155159
12014082405062012100231069718405131810332167165
12014082405062012100367070418705171770340169171
12014082405062012100596069218805041750329168161
12014082405062012101696070518005251770348173175
12014082405062012103482059517504201560264135129
12014082405062012103734058615404321460286147139
12014082405062012104220066018204781670311157154
12014082405062012104412059617504211560265136129
12014082405062012104608063117604551540301152149
12014082405062012104851069718105161720344177167
12014082405072010102889066517104941690325163162
12014082405072010103852059315304401550285140145
12014082405072010104347070720105061740332165167
12014082405072011101116057916004191450274135139
12014082405072011101553062216704551610294151143
12014082405072011102401056413904251350290139151
12014082405072011102869065916404951600335161174
12014082405072011104490061615704591590300152148
12014082405072011104738074119605451840361181180
12014082405072012100612071618005361720364181183
12014082405072012102467070418205221650357183174
12014082405072012103780068518105041670337168169
12014082405072012104847073420305311850346174172
12014082405072012105295057716404131480265136129
12014082405072012105938063315604771600317155162
12014082405072012110076071019705131780335169166
12014082405082011103844077120405671960371190181
12014082405082012103383069618505111770334168166
12014082405082012103392063516504701570313152161
12014082405082012106039057815204261430283139144
12014082405092007103315071118305281780350176174
12014082405092007109232071219605161800336165171
12014082405092009106742072919805311850346172174
12014082405092010110064067619904771730304162142
12014082405092011100519070519605091790330165165
12014082405092011100784079021405762020374191183
12014082405102009101598057816104171490268136132
12014082405102010100703068918505041720332164168
12014082405102011104056065518304721770295169126
12014082405112008100495058916804211600261142119
12014082405112011103481070922004891950294169125
12014082405112011104176065118504661760290156134
12014082405112012100194071721904981960302170132
12014082405112012100343063215904731540319156163
12014082405112012101186063316004731550318157161
12014082405112012104659070322004831930290169121
12014082405112012106255061416004541520302148154
12014082405122008105573060317204311520279139140
12014082405122010102202059716404331460287141146
12014082405122011100710061416704471510296148148
12014082405122011100722064116504761510325167158
12014082405122011106292058217104111510260128132
12014082405122012100115058516804171520265131134
12014082405122012100130058015604241430281140141
12014082405122012103241065217604761600316157159
12014082405122012103870055915004091390270134136
12014082405122012105778065318204711680303159144
12014082405122012110090069520104941860308150158
12014082405132008100105070618605201820338167171
12014082405132008100484067519004851670318158160
12014082405132009105738058515804271510276137139
12014082405132010106550059416204321470285139146
12014082405132010110058065917604831590324158166
12014082405132011100880069319804951660329162167
12014082405132011101866061616504511500301154147
12014082405132011101911066118304781720306152154
12014082405132011102557059315404391460293142151
12014082405132011103573058517304121510261134127
12014082405132012100406065918204771710306150156
12014082405132012101547061118104301530277138139
12014082405132012102232067017504951650330169161
12014082405132012104400072819905291890340166174
12014082405132012105096070119205091720337170167
12014082405132012106106070719005171790338167171
12014082405132012109120059816904291500279139140
12014082405142008101723058015404261470279140139
12014082405142008102652067718304941720322162160
12014082405142009100651061715604611580303152151
12014082405142009102583059415504391460293149144
12014082405142009104928058516404211430278139139
12014082405142010103941064117904621610301150151
12014082405142010104348064217804641630301149152
12014082405142010105143065117304781590319153166
12014082405142011100720070417705271750352174178
12014082405142011106542060316904341490285140145
12014082405142012103901064617604701660304147157
12014082405142012104132071318905241770347174173
12014082405142012104778070019205081760332163169
12014082405152010100651063516804671590308154154
12014082405152010104274060917204371540283144139
12014082405152011100657068417405101680342169173
12014082405152011104038066017904811700311156155
12014082405152011104123066917704921690323161162
12014082405152011106468058716504221450277138139
12014082405152012103348068221204701680302150152
12014082405152012103522064516104841640320161159
12014082405162008110022059815004481470301146155
12014082405162009106545066017904811680313160153
12014082405162010103001059416504291540275143132
12014082405162011100016066516904961650331163168
12014082405162011100407059115504361420294140154
12014082405162011101782074920505441860358180178
12014082405162011103443056515504101430267140127
12014082405162011103688057315304201480272143129
12014082405162011104585056614304231410282139143
12014082405162011105837055215503971380259132127
12014082405162012105794057615704191460273143130
12014082405172010102174068717105161810335174161
12014082405172010106008056715204151470268135133
12014082405172011101428058517204131520261124137
12014082405172011101523069518405111770334163171
12014082405172011103451067318004931720321160161
12014082405172011103901062516004651590306159147
12014082405172011103934068519404911700321161160
12014082405172011105052072220405181750343170173
12014082405172011105693070219205101890321177144
12014082405172011106378071721405031940309168141
12014082405172012100891060516504401530287141146
12014082405172012102265059115104401530287146141
12014082405172012104947071519005251770348174174
12014082405182007104877066816904991670332161171
12014082405182008105422066918404851650320158162
12014082405182009103967060415704471450302149153
12014082405182010100622067517904961720324162162
12014082405182011101837057016504051400265130135
12014082405182012100050068116905121630349173176
12014082405182012101695066416604981580340166174
12014082405182012103298067117404971610336166170
12014082405182012106429067916705121620350173177
12014082405192009103165072718805391860353179174
12014082405192011100412070618605201780342173169
12014082405192011105451064817304751650310153157
12014082405192011106115059618204141500264131133
12014082405192012100528055714804091420267135132
12014082405202008102632070518005251720353175178
12014082405202011103799067817405041730331169162
12014082405202011105998072818505431780365183182
12014082405202012101055066817904891580331155176
12014082405212009100610071318405291780351176175
12014082405212009103522058316804151460269135134
12014082405212010100202060615804481540294147147
12014082405212011104164070218405181740344170174
12014082405212011106006070318605171730344172172
12014082405212012100190059315604371510286143143
12014082405212012103661059515704381520286143143
12014082405222008106027067718004971670330168162
12014082405222009106113063517304621520310148162
12014082405222009106351067317504981650333166167
12014082405222010102196063516504701650305148157
12014082405222010103771070419305111800331171160
12014082405222011102545058215204301440286141145
12014082405222011102725060816704411550286141145
12014082405222011104958071620205141790335169166
12014082405222011106368072220105211750346173173
12014082405222012101345066317604871640323163160
12014082405222012103906071419905151740341171170
12014082405222012104180082721206152190396200196
12014082405232009102124057814604321430289144145
12014082405232009104999084122706142140400200200
12014082405232011100482060817404341570277139138
12014082405232011103161060718004271470280143137
12014082405232011103385070417705271830344176168
12014082405232011105512061716104561520304152152
12014082405232012100358067217504971710326164162
12014082405232012100620061616104551510304152152
12014082405232012102495060717904281470281143138
12014082405232012105088078119905821930389192197
12014082405242008101671054014803921380254128126
12014082405242008106468059015204381500288150138
12014082405242009105903059915904401550285141144
12014082405242010100222055214804041430261134127
12014082405242010100880072920505241840340170170
12014082405242011101009057615804181490269139130
12014082405242011105913067817904991710328166162
12014082405242012101012073119205391810358175183
12014082405242012104134059015404361480288144144
12014082405242012105828059515804371480289142147
12014082405242012105836059415704371490288141147
12014082405252006102741070118305181780340171169
12014082405252007100107057715804191500269136133
12014082405252010103832058416004241470277136141
12014082405252011106066066017404861680318160158
12014082405252012100508072419905251840341173168
12014082405252012103671063217804541590295152143
12014082405252012103966069219304991720327163164
12014082405252012104448068618605001740326167159
12014082405252012105427070118905121720340173167
12014082405252012106082065116604851640321161160
12014082405252012106293065116604851650320160160
12014082405252012106371060416204421520290147143
12014082405262009104139055415304011360265132133
12014082405262010100093056913904301460284144140
12014082405262010102248062815904691550314152162
12014082405262010104227058914904401520288143145
12014082405262011101697067717804991640335165170
12014082405262011102538063417004641510313158155
12014082405262012101775055815304051460259134125
12014082405262012105370055715404031390264131133
12014082405262012105601059314904441600284146138
12014082405272006106608058516204231500273136137
12014082405272011100382056615004161410275135140
12014082405272011103847060416904351470288144144
12014082405272012101822067719404831790304157147
12014082405272012105793059515204431470296143153
12014082405272012109015067719404831790304157147
12014082405282009104942063116504661580308153155
12014082405282011103788062215104711660305152153
12014082405292009104679069818905091750334171163
12014082405292009105009066316604971700327165162
12014082405292011104134066016404961680328164164
12014082405302009105096054414503991370262130132
12014082405302009105813059115104401460294144150
12014082405302011105316057514604291490280141139
12014082405302012100656054514603991370262130132
12014082405302012100806058314904341510283143140
12014082405302012102328058014604341530281143138
12014082405302012105358058716104261470279142137
12014082405312011103568060315704461540292147145
12014082405312011106586060017204281560272138134
12014082405322011104145060615904471560291149142
12014082405332012104305060616604401500290145145
12014082405332012104459060516504401530287143144
12014082405342008100105062517004551580297149148
12014082405342011106497074619305531870366183183
12014082405362011101812070718505221800342173169
12014082405362011103363056614904171400277135142
12014082405372010101884080221705851980387193194
12014082405372011104270062916104681540314153161
12014082405372012100161067616905071600347164183
12014082405382011106267072418605381860352179173
12014082405382012101971069719105061790327163164
12014082405382012103663069619105051780327164163
12014082405392006102717058814704411450296147149
12014082405392009102658064115604851570328161167
12014082405392011103582062216504571470310147163
12014082405392011105117060816004481490299144155
12014082405392011105401061415704571470310156154
12014082405402012103922071618505311800351174177
12014082405412011105580066718104861720314163151
12014082405412011106304070020704931950298152146
12014082405412012103229061117504361500286146140
12014082405422010103887058516204231480275137138
12014082405422012110004057516804071490258128130
12014082405432012101961069819605021750327166161
12014082405442009104999059717504221520270136134
12014082405442011102076069619505011700331166165
12014082405442012101310070118705141850329172157
12014082405442012101312070018805121850327171156
12014082405452009110122061816604521570295150145
12014082405452011104307067418504891720317162155
12014082405452011106160067217604961670329163166
12014082405452011106497068818105071750332165167
12014082405452012104684064416604781630315152163
12014082405452012105036070417805261770349171178
12014082405462010103543057715004271440283140143
12014082405462011104008059515404411490292148144
12014082405462012106079056715304141400274136138
12014082405472006102741058816504231500273137136
12014082405472008104810061816004581580300151149
12014082405472011100241072219705251760349173176
12014082405472012103504066915505141780336169167
12014082405472012105057072020105191800339167172
12014082405482007102110072819305351870348180168
12014082405482011102529072619505311840347182165
12014082405482011103678068817505131730340173167
12014082405482011105319058516704181500268141127
12014082405482011105747061117904321500282139143
12014082405482012100855072018605341730361176185
12014082405482012102773059615404421530289148141
12014082405482012103431075219505571860371185186
12014082405482012103966059717504221520270138132
12014082405482012105625072918005491790370182188
12014082405492008103069075019205581920366187179
12014082405492009102179065617904771660311157154
12014082405492009105270071718605311830348178170
12014082405492009105868066418804761560320160160
12014082405492010110128058515204331490284142142
12014082405492012101477064516404811580323160163
12014082405492012102006066817604921680324165159
12014082405492012102506058015204281530275135140
12014082405492012104410068717005171650352176176
12014082405492012105764061116004511500301143158
12014082405502010101155069419205021790323162161
12014082405502010102884061716604511580293145148
12014082405502011106547065917004891690320160160
12014082405502011109001065917504841640320160160
12014082405512008104263076121305481840364181183
12014082405512011102964058115304281550273142131
12014082405512012101827064015904811560325158167
12014082405512012101883060615904471560291143148
12014082405512012104549059514804471550292146146
12014082405512012105953058715104361460290143147
12014082405512012109179061316104521590293143150
12014082405522011101278066316105021590343163180
12014082405522012100585059615404421540288148140
12014082405532010106120071019105191760343175168
12014082405532011101471064717704701590311154157
12014082405532011104156063116804631540309150159
12014082405542012109205064316904741590315157158
12014082405552008100311059217004221510271134137
12014082405562007102817055613904171390278134144
12014082405562008104008058415104331430290142148
12014082405572007101653059617104251530272141131
12014082405572009104578060515804471470300145155
12014082406012011103406068718105061740332168164
12014082406012012100936067217005021680334168166
12014082406022010105235062015704631570306153153
12014082406022011100295058815304351450290143147
12014082406022012105617062015704631570306153153
12014082406032008104263074520505401860354181173
12014082406032011101713062716604611620299148151
12014082406042011101879061415404601640296151145
12014082406042011105821057315404191440275136139
12014082406042012101672065517604791680311159152
12014082406042012102282065617704791670312159153
12014082406042012104481058515104341500284144140
12014082406052011104156063616804681530315152163
12014082406052012109201071719705201810339168171
12014082406082011104353077420505691980371185186
12014082406142011103874063216804641570307152155
12014082406162009100790058016104191450274135139
12014082406162009103463072118905321840348175173
12014082406162012100599058115704241450279136143
12014082406172005102633059518304121470265131134
12014082406202010104874060215204501470303150153
12014082406232011103726057916604131540259130129
12014082406232011103867056515904061500256133123
12014082406242010104996071219805141850329168161
12014082406252011104039059817104271510276140136
12014082406252011106067059417204221480274138136
12014082406262012102792066019004701600310152158
12014082406262012103093066118604751680307156151
12014082406262012103841063617404621660296148148
12014082406272006110050054815003981400258129129
12014082406282011103751069918805111760335165170
12014082406302010102644057615404221470275135140
12014082406312011100361069119804931840309150159
12014082406532012105115058617604101420268132136
12014082406532012105608059118004111440267132135
12014082406542009100352054016603741330241119122
12014082406542010100598054014903911410250124126
12014082406542010101496059616604301530277147130
12014082406542010104156073019705331850348179169
12014082406542011104051058217104111430268135133
12014082406542012101844065216604861620324161163
12014082406542012102269059115204391450294144150
12014082406542012102801066817804901670323165158
12014082406542012103914062819904291470282138144
12014082406542012106045065416704871660321162159
12014082406552009101491059915804411480293145148
12014082406552012100586062916604631510312153159
12014082406552012101691062816504631510312153159
12014082406552012104950063115804731530320155165
12014082406562012101061062917704521570295152143
12014082406582011100022054414703971360261128133
12014082406582011100973056114204191380281139142
12014082406582012103453058715704301550275142133
12014082406592009101057071019205181740344172172
12014082407002008105917070825304551750280140140
12014082407002011106400068616905171600357176181
12014082407012012100258066316604971560341162179
12014082407012012102753073617805581840374184190
12014082407012012106340058315304301420288141147
12014082407022011103664057315704161490267135132
12014082407022012105357057215604161490267134133
12014082407032009106219072719805291820347177170
12014082407032011103584075219405581910367186181
12014082407032012100120072119105301750355179176
12014082407032012102294072519305321770355178177
12014082407042010101195067618304931640329168161
12014082407042011103145057116304081390269129140
12014082407042011106351057116404071390268128140
12014082407042012101311070418805161730343170173
12014082407042012104807069417005241810343172171
12014082407062008102707067318504881680320159161
12014082407062009104946071119605151870328161167
12014082407062010100815069018605041790325159166
12014082407062010102605070319505081830325160165
12014082407062011102617056415004141480266139127
12014082407072009104150073822005181880330173157
12014082407072011100364074921805311990332172160
12014082407072011103159066917804911640327160167
12014082407072011104449071320005131830330170160
12014082407072011105032073921805211910330173157
12014082407072012100809073020005301820348177171
12014082407082010104151058915304361460290139151
12014082407082010105780064316704761620314156158
12014082407082011104558065516604891700319163156
12014082407082011110045068517605091760333172161
12014082407082012104796066716505021680334165169
12014082407092011106078056516304021420260129131
12014082407102009104307060917204371530284143141
12014082407102011101274071719505221790343172171
12014082407112008101804066318804751650310154156
12014082407112011102480067717804991680331161170
12014082407112011105002066118204791670312156156
12014082407122011101643058815404341470287145142
12014082407132010100128066218504771610316157159
12014082407132011101543079521305822000382191191
12014082407142008106586057414404301450285141144
12014082407142009103720062516804571550302151151
12014082407142009106109058715704301490281147134
12014082407142012103223058115104301520278142136
12014082407142012109172068619104951720323167156
12014082407152011102579060215604461550291149142
12014082407152012101004068117805031730330166164
12014082407152012105195073918905501910359182177
12014082407162012100120058917104181510267138129
12014082407162012102294058917004191510268139129
12014082407162012104761062716204651550310154156
12014082407162012106346065518204731630310153157
12014082407172009104276070818405241760348174174
12014082407172009106219075122905221980324181143
12014082407172011102953057215004221500272140132
12014082407172011103584072820205261890337177160
12014082407172011105064056215404081400268135133
12014082407172011106125067817805001690331170161
12014082407172012100941068817505131710342174168
12014082407172012102319061215904531510302151151
12014082407172012102946057215804141440270136134
12014082407172012103809068318005031690334171163
12014082407172012105827067718504921700322162160
12014082407172012106317067517105041710333166167
12014082407172012110098067517005051710334167167
12014082407182008102581057915104281470281143138
12014082407182008105347068016705131710342173169
12014082407182009100784057414504291400289142147
12014082407182009103441063615304831580325164161
12014082407182010104224061616404521570295150145
12014082407182010110033060015904411530288147141
12014082407182011100614060315304501500300146154
12014082407182011103526061016204481570291142149
12014082407182012100189056816204061470259129130
12014082407182012100604056015804021430259129130
12014082407182012104165070218705151820333179154
12014082407192006103226057714804291440285142143
12014082407192011105926063815204861560330166164
12014082407192012100915063517704581560302151151
12014082407192012101754066917204971650332167165
12014082407192012105087067017204981670331165166
12014082407202010100844053814503931370256127129
12014082407202012100809068517805071740333167166
12014082407202012102368059315304401490291146145
12014082407202012103843059415304411500291144147
12014082407202012106316059015904311480283145138
12014082407212008104397056714604211440277140137
12014082407212009100059065015904911580333162171
12014082407212011101506060316704361510285142143
12014082407212011101882067718904881640324163161
12014082407212012100526056514904161460270137133
12014082407212012102342080018806121920420199221
12014082407212012103252066718304841650319161158
12014082407212012105319059116204291520277142135
12014082407212012105739067419604781640314152162
12014082407212012106232067118604851650320160160
12014082407222011101042069518005151710344171173
12014082407222012100172074019405461900356177179
12014082407222012100179074119505461890357178179
12014082407222012100680056614304231420281140141
12014082407232005110098058714904381510287149138
12014082407232008101162058515404311480283144139
12014082407232008105190058817004181540264140124
12014082407232009105016057016104091480261135126
12014082407232010100782058514804371440293146147
12014082407232010101025062216904531570296150146
12014082407232010106205060015304471460301151150
12014082407232012105072067017204981730325163162
12014082407242010110110070018005201690351169182
12014082407252009102476058414704371500287144143
12014082407252010103663056915904101420268133135
12014082407252012110038060116504361500286141145
12014082407262009102545075819005681870381189192
12014082407262012100019069517705181760342177165
12014082407262012103426068719204951670328164164
12014082407262012105262068817905091720337169168
12014082407272009101297073520605291820347173174
12014082407272010103282058817004181470271137134
12014082407272010104880068417905051670338170168
12014082407272011100400070519005151790336158178
12014082407272011101459068217405081700338169169
12014082407272011105806072418605381840354181173
12014082407272011105918074019805421920350178172
12014082407272012104975075519205631870376187189
12014082407272012106067069217805141720342172170
12014082407272012106294069418005141730341170171
12014082407282011100297066314805151580357173184
12014082407292010104163059915604431480295142153
12014082407292011103954058215304291420287141146
12014082407292011104318058116104201470273135138
12014082407292012101150061716004571510306152154
12014082407292012104169061615904571520305151154
12014082407302009106604066418204821740308152156
12014082407302011104052058316304201460274138136
12014082407302012103739071318005331790354179175
12014082407312009106375060015804421550287145142
12014082407312011103010060817404341570277134143
12014082407312011103127061918304361580278141137
12014082407312011104225073018805421870355178177
12014082407322008106244058316104221530269139130
12014082407322009100288062418304411550286143143
12014082407322011103473061616004561510305153152
12014082407322011110090065616604901490341162179
12014082407322012102973062317504481490299152147
12014082407322012104676068217705051660339166173
12014082407332010104111058115204291500279136143
12014082407332011100473071218605261790347175172
12014082407342011101008065717304841700314162152
12014082407342011103971056414804161400276136140
12014082407342011104949057115504161440272135137
12014082407352007104975068818505031670336167169
12014082407352010109130064916804811660315159156
12014082407352011100841069716905281720356178178
12014082407352011101457065217504771660311153158
12014082407352012103449070117205291720357178179
12014082407352012106248055414804061420264130134
12014082407352012109187065717004871630324164160
12014082407362009106070065718404731690304156148
12014082407362010103723064916904801640316157159
12014082407362010103862059215904331420291145146
12014082407362011100328062416104631610302155147
12014082407362011101052066317404891660323161162
12014082407362011102558057515204231470276140136
12014082407362011103323064918604631620301153148
12014082407362012102022063619404421630279141138
12014082407362012104598063817304651670298149149
12014082407362012110092058315504281450283140143
12014082407372009100807071020505051750330162168
12014082407372010100443065917704821650317159158
12014082407372011103486067416205121780334172162
12014082407372012100854070117805231730350171179
12014082407372012103721067017904911620329164165
12014082407372012109095068818205061700336168168
12014082407382008105592058914804411500291151140
12014082407382010104337060115704441460298151147
12014082407382011100558059915104481500298146152
12014082407382011103624059615304431480295145150
12014082407382012102279066317404891650324164160
12014082407392009103012065417404801620318160158
12014082407392010103870058015904211460275134141
12014082407392011102008068018304971670330165165
12014082407392011105854067517904961660330164166
12014082407392012101980060115504461530293148145
12014082407392012104926064317004731590314155159
12014082407392012105249060516004451480297151146
12014082407392012106077069717505221810341170171
12014082407402009100801060117304281540274144130
12014082407402010110007067818504931690324162162
12014082407412009104832054814004081420266133133
12014082407412011100297057315404191490270135135
12014082407412012100690069018105091710338167171
12014082407412012105611067918004991670332163169
12014082407422007104998060015404461500296145151
12014082407422009106393057815404241430281138143
12014082407422011100375067517205031660337168169
12014082407422011102678058215204301440286139147
12014082407422011106093057316704061460260131129
12014082407422012101770059716904281510277138139
12014082407422012109197057514404311450286141145
12014082407432009106322067718504921640328170158
12014082407432011104128060815104571510306154152
12014082407432011105078054714404031370266132134
12014082407432011105900066218604761630313159154
12014082407432011106111053914403951350260124136
12014082407442009105146068818005081750333167166
12014082407442010105328057215504171490268136132
12014082407442011105072067418504891730316161155
12014082407452010103259057616304131470266134132
12014082407452011100308069119904921730319165154
12014082407452011102912054614903971320265130135
12014082407452011103076067618004961700326161165
12014082407452012105703072219105311820349175174
12014082407462009101231061416104531520301146155
12014082407462011110090069817305251750350174176
12014082407462012104676068318205011680333167166
12014082407462012105131059815004481520296147149
12014082407472005103543059215004421500292146146
12014082407472009103514064716804791620317158159
12014082407472010104979056414504191350284135149
12014082407472011104146059214904431510292146146
12014082407472011104447057815004281370291146145
12014082407472011106539058214904331460287144143
12014082407482009102591057515304221460276136140
12014082407482011102577062216104611530308156152
12014082407482011102884060516004451540291147144
12014082407482011105042056715104161470269134135
12014082407482012101058060716204451520293148145
12014082407482012102177059015204381480290146144
12014082407482012102947056815204161460270134136
12014082407482012106003059315404391490290145145
12014082407492007101390060415604481540294142152
12014082407492008102644069117905121760336165171
12014082407492009104372072418805361770359180179
12014082407492010101696069119404971750322164158
12014082407492010104439068517305121760336169167
12014082407492010104477067018104891710318165153
12014082407492011100325057415104231460277141136
12014082407492011100540065117604751570318163155
12014082407492011100723057315004231440279139140
12014082407492011102218054615503911350256124132
12014082407492011102247056514704181390279136143
12014082407492011103590069518005151720343174169
12014082407492011104957055913904201400280139141
12014082407492011105118058915004391460293143150
12014082407492011106028068317405091800329164165
12014082407492012100499072118705341790355179176
12014082407492012101796070318105221760346174172
12014082407492012102194070418205221750347175172
12014082407492012105588063016604641630301148153
12014082407492012109182061114304681550313160153
12014082407502008100479058316004231480275140135
12014082407502008101204058714804391410298149149
12014082407502009103158060615804481480300147153
12014082407502010102500057115404171430274141133
12014082407502011100695065917804811740307159148
12014082407502011104526057415004241470277129148
12014082407502011105322061415504591520307149158
12014082407502011109109072719905281750353170183
12014082407502012101159057415304211470274141133
12014082407502012102163061116404471470300147153
12014082407502012102454062317104521500302148154
12014082407502012103207061516704481580290146144
12014082407502012105890059316104321490283136147
12014082407512010100493061216904431580285149136
12014082407512010104257065216504871610326161165
12014082407512011100232060015804421590283143140
12014082407512011100293063315904741600314155159
12014082407512011100688061416004541540300149151
12014082407512011103908064616404821600322163159
12014082407512011104100064916704821610321158163
12014082407512012100854066217404881720316159157
12014082407522009102465061415404601530307154153
12014082407522009106131059815204461450301152149
12014082407522011101655070420504991790320163157
12014082407522011103510059015804321470285142143
12014082407522012102034056915004191410278139139
12014082407532009101054059315804351460289143146
12014082407532009101216051812803901240266127139
12014082407532009106384065115904921650327164163
12014082407532010104123066117304881730315158157
12014082407532011100782062716804591590300149151
12014082407532011101007062516304621610301151150
12014082407532011104216058315404291430286141145
12014082407532012103185066917104981770321166155
12014082407532012103718069017605141710343173170
12014082407532012104327065917104881630325163162
12014082407532012104923064517204731660307154153
12014082407542010100503063617804581640294150144
12014082407542010110143064216904731610312154158
12014082407542011103259069618705091690340169171
12014082407542011103594062115604651530312152160
12014082407542012102080060316204411460295148147
12014082407542012103405059615404421480294146148
12014082407542012104081071218205301820348170178
12014082407552008103425058816704211450276135141
12014082407552008104630063616004761540322165157
12014082407552009100502069618905071750332172160
12014082407552009105771063116804631610302149153
12014082407552009109251061517104441520292144148
12014082407552011102018069717605211750346171175
12014082407552011106121055615004061400266135131
12014082407552012105839067116405071580349176173
12014082407552012110061061215704551480307153154
12014082407552012110062059715804391510288145143
12014082407562008100943065017404761680308158150
12014082407562009102531057716904081530255127128
12014082407562009104182065816904891680321158163
12014082407562010101224070820305051790326162164
12014082407562010104510059116404271500277138139
12014082407562011105497057816904091530256127129
12014082407562012101814066419104731740299151148
12014082407562012110048066419104731730300151149
12014082407572009102625067318904841670317160157
12014082407572010103275055014404061390267134133
12014082407572010104169061416504491590290142148
12014082407572011100159063817004681610307155152
12014082407572011100916060215104511530298146152
12014082407572011100967070018905111740337169168
12014082407572012100577077921405651970368185183
12014082407582010100045058314404391430296145151
12014082407582011100546057015204181460272138134
12014082407582011104229060314904541440310149161
12014082407582012103168066116005011630338166172
12014082407582012103704072518805371800357178179
12014082407582012104248072418705371800357178179
12014082407582012105882063516504701600310154156
12014082407592008103880060614304631510312160152
12014082407592009102866069118805031670336163173
12014082407592010106119066616804981680330169161
12014082408002011103289057915504241380286140146
12014082408002011103962065417304811610320160160
12014082408002011104371065518204731650308156152
12014082408002011105318063517004651580307153154
12014082408012009104372059116304281520276138138
12014082408012011102051066717304941660328164164
12014082408012011102111060615804481520296147149
12014082408012011102577059316204311500281136145
12014082408012011106108059415104431450298143155
12014082408012012100086066317304901650325163162
12014082408012012103457071018705231780345176169
12014082408012012104210066318904741710303147156
12014082408012012105784062516204631560307152155
12014082408022008101384052914703821340248124124
12014082408022009103516063317704561620294147147
12014082408022009104381058115604251450280138142
12014082408022010100632057915304261410285144141
12014082408022011102246056914804211390282137145
12014082408022011102871056914604231450278140138
12014082408022011104153057714804291440285139146
12014082408022012100633065517504801670313159154
12014082408022012101248059115604351510284142142
12014082408022012102682064917804711570314160154
12014082408022012105613065218104711610310158152
12014082408032006105596059817404241550269139130
12014082408032009101790068217805041740330168162
12014082408032011104021059316704261450281136145
12014082408032012110010058517004151420273132141
12014082408042010103540057315904141490265137128
12014082408062011101655068018404961710325168157
12014082408062011103731060016804321560276140136
12014082408072011100321066717404931630330163167
12014082408072011100625058316304201500270138132
12014082408072012102750067818704911730318164154
12014082408072012105269058615804281490279142137
12014082408082008102919069217705151710344170174
12014082408082011103075061215404581530305150155
12014082408082011105107064116304781620316157159
12014082408082012104551064416504791670312163149
12014082408092012110079060516404411490292142150
12014082408102010110075073320005331880345179166
12014082408102012100928068517905061720334165169
12014082408112012105255057515904161410275138137
12014082408122008103371057716204151480267136131
12014082408122012104541070118505161780338170168
12014082408132009101774068818305051740331169162
12014082408132011100154071018705231790344169175
12014082408132011100414071318905241780346173173
12014082408132012100944072018205381770361179182
12014082408152011101828079920505942020392199193
12014082408172005107062062216904531600293149144
12014082408172009100251068418305011710330164166
12014082408192010101739062416204621550307154153
12014082408192010105176062016504551510304148156
12014082408192012101354058016204181500268135133
12014082408192012104457063816904691610308153155
12014082408192012110027058116104201510269134135
12014082408202009102625067319204811710310161149
12014082408252011100154059316204311540277136141
12014082408312009106461070018105191770342173169
12014082408362009103079059417004241540270141129
12014082408362011104377067217005021690333166167
12014082408362012104631062517004551620293147146
12014082408482012104387077119205791910388193195
