12014080704572007105949053014603841350249125124
12014080704572010102875055316103921430249124125
12014080704572011100294054815803901410249125124
12014080704572011103446054715103961420254129125
12014080704572011103810053814503931390254128126
12014080704572012104746054214703951430252127125
12014080704582007100575058215604261430283138145
12014080704582008103105053114203891370252127125
12014080704582009101523060015904411540287146141
12014080704582009102666070318805151770338171167
12014080704582010103898072119305281840344174170
12014080704582010110032054815803901390251126125
12014080704582011101052073919705421900352180172
12014080704582011101181054916003891380251127124
12014080704582011101811073619005461910355181174
12014080704582011103526070819505131810332168164
12014080704582011104880056415404101430267132135
12014080704582011104994074420405401850355178177
12014080704582011106612071319205211880333169164
12014080704582012101461054815503931400253127126
12014080704582012102104054415403901390251125126
12014080704582012102260055315204011490252129123
12014080704582012104662068217905031700333164169
12014080704582012106413059315304401500290145145
12014080704582012109109060116604351480287148139
12014080704592009102644053914803911410250127123
12014080704592009103463054715103961390257130127
12014080704592009104942056516104041440260132128
12014080704592010101321061018204281570271143128
12014080704592010104614052914603831380245124121
12014080704592011100016069618505111800331167164
12014080704592011100355070718805191730346171175
12014080704592011104001053015103791360243122121
12014080704592012102973074819605521880364182182
12014080704592012103134072519505301880342172170
12014080704592012103348075720505521920360186174
12014080705002008100538058016304171540263131132
12014080705002009103927075720605511980353184169
12014080705002010102851052814703811280253121132
12014080705002011103554066517304921610331163168
12014080705002011106351075822205361850351172179
12014080705002012100019075520205531890364183181
12014080705002012100506054514703981380260130130
12014080705002012100517054414703971380259129130
12014080705002012104236072319105321770355176179
12014080705002012104659058316504181550263132131
12014080705002012105792072019305271750352176176
12014080705012008102707052814603821310251125126
12014080705012008110022067420604681670301151150
12014080705012010101930064718004671620305154151
12014080705012010105780051614703691280241120121
12014080705012011101466056616204041420262135127
12014080705012011105817052514403811300251124127
12014080705012012100407066017004901620328164164
12014080705012012102699078423205522010351176175
12014080705022009104261066216604961690327165162
12014080705022011100376070118305181780340176164
12014080705022011105693077021805521980354184170
12014080705022011106086053014203881320256127129
12014080705022012104710070919005191780341176165
12014080705032008102658071418505291800349174175
12014080705032009103748068418804961730323161162
12014080705032010101785067817605021710331173158
12014080705032010104439070517905261750351175176
12014080705032011100482068817805101670343169174
12014080705032011101389058016804121480264135129
12014080705032011103948079521105842050379185194
12014080705042008106261053113903921300262127135
12014080705042010102102083021106192200399200199
12014080705042011100018081320006132140399198201
12014080705042011104422071019405161770339172167
12014080705042012103166052413203921310261126135
12014080705052009105005068017105091710338167171
12014080705052010104387073720705301860344178166
12014080705052011105890075320005531840369184185
12014080705052011106261068016905111620349176173
12014080705052012101073072718805391800359176183
12014080705052012102022055814204161390277138139
12014080705052012104310055914104181410277137140
12014080705052012105828074218705551810374185189
12014080705052012105836073416305711890382208174
12014080705062009105960067718104961700326166160
12014080705062010104977058116004211570264138126
12014080705062011100591056415804061430263135128
12014080705062011100688065717904781560322154168
12014080705062011101077053514703881390249126123
12014080705062011102115057317104021500252131121
12014080705062011103095054815203961370259128131
12014080705062011103220055015203981440254128126
12014080705062011103564055315603971380259128131
12014080705062011104265070819005181860332163169
12014080705062011105119055916603931460247128119
12014080705062011106110071120005111750336167169
12014080705062012100527068917805111670344171173
12014080705062012101661072820405241850339171168
12014080705062012102080069817705211770344172172
12014080705062012103392072520505201810339171168
12014080705062012103405066818004881690319168151
12014080705062012104220068817405141720342168174
12014080705062012104696068017305071760331161170
12014080705062012106039072320605171780339170169
12014080705072009102973056115604051400265136129
12014080705072011100359057716604111500261132129
12014080705072011101116057416604081500258132126
12014080705072011101846067917705021730329168161
12014080705072011103755069419504991820317162155
12014080705072011104006056616703991400259130129
12014080705072011105322069118505061800326166160
12014080705072011105548065818704711670304150154
12014080705072011106077065516604891630326160166
12014080705072012100231072119105301840346175171
12014080705072012100585064416104831630320158162
12014080705072012104549064216204801610319159160
12014080705072012104713057517204031440259132127
12014080705072012104778067517904961690327163164
12014080705072012106436069018105091680341169172
12014080705082010102781065816704911650326161165
12014080705082010103871066917704921680324159165
12014080705082012100891070618305231800343169174
12014080705082012104948074820205461860360180180
12014080705092008103293069618805081750333172161
12014080705092008103880064416504791650314159155
12014080705092009100651068818805001730327172155
12014080705092011100695065016604841610323162161
12014080705092011102218060117304281580270136134
12014080705092011102872071218805241750349176173
12014080705092011104738075121005411820359191168
12014080705092011109054058015004301400290143147
12014080705092012101767070818905191750344168176
12014080705092012102477069717805191750344182162
12014080705092012103739071019105191770342165177
12014080705092012103901070418405201770343168175
12014080705092012105886056415304111470264133131
12014080705102009103381057414804261480278141137
12014080705102010102017065717704801660314157157
12014080705102011103890068517105141740340168172
12014080705102012104652070217605261750351177174
12014080705102012105300067016705031690334161173
12014080705112008103242071720305141850329168161
12014080705112008106716066917904901690321157164
12014080705112009106186067417205021700332166166
12014080705112011101355073320105321840348175173
12014080705112012102649071417905351730362188174
12014080705122010102630070317705261810345171174
12014080705122010105871074619605501880362183179
12014080705122010106467070020304971750322165157
12014080705122011100722058316104221540268146122
12014080705122012104509074718505621880374190184
12014080705132008104797059218504071550252127125
12014080705132010101646061415704571540303152151
12014080705132011105960072920005291840345170175
12014080705132012100613067618204941650329160169
12014080705132012101718074820105471890358177181
12014080705142011100912071220005121810331168163
12014080705142011101866059914704521520300147153
12014080705142012103383077721905581960362179183
12014080705152012101345071219205201750345177168
12014080705152012104327071418605281810347174173
12014080705162011101837075319605571870370187183
12014080705162011103948070418505191910328176152
12014080705162011105147058216104211470274140134
12014080705162012100960073120005311850346176170
12014080705162012105938068216805141630351172179
12014080705172011100321068918805011670334172162
12014080705172011103662071719505221750347175172
12014080705172012100690071119105201740346175171
12014080705172012101055069716505321710361178183
12014080705182010100622072519005351860349177172
12014080705182012101498073920105381870351180171
12014080705192011105451070219005121760336172164
12014080705192011105806054615403921410251129122
12014080705192012100360074218705551870368185183
12014080705192012109187071518105341790355180175
12014080705202007101390059416004341470287137150
12014080705202010104880073118505461840362184178
12014080705202011105000053114203891330256124132
12014080705202012105847076520605591930366185181
12014080705212009100610059816904291440285141144
12014080705212009105704069217905131750338172166
12014080705212011105917068718105061690337167170
12014080705212012101549078520005852010384192192
12014080705212012101822072318905341850349176173
12014080705212012105370078520005852000385193192
12014080705212012109015072218805341860348176172
12014080705222011105916068918305061730333169164
12014080705232011104168063915304861560330164166
12014080705232011106559055616103951390256130126
12014080705242011105661072319305301840346180166
12014080705242011109185054615503911450246125121
12014080705242012100936073219505371820355180175
12014080705252009104885094025806822430439221218
12014080705252010100704067817505031760327162165
12014080705262011106015070118605151730342171171
12014080705272007103315060215304491520297151146
12014080705272011104149075219205601990361179182
12014080705272011105985071719205251770348179169
12014080705282010104111072119105301870343177166
12014080705282011103751063717204651550310153157
12014080705282012104594069017905111740337173164
12014080705292011110069063116404671530314154160
12014080705302011105107066117504861650321161160
12014080705312012109205067116905021670335169166
12014080705322008100105071518905261780348173175
12014080705322012105228068018304971690328158170
12014080705322012106356070418705171790338173165
12014080705332009103935064517204731600313156157
12014080705332011101395067817005081680340173167
12014080705342011104270063616404721530319153166
12014080705342012101159064316304801590321159162
12014080705342012102454064516004851600325164161
12014080705362008101076075719705601890371190181
12014080705362012100161072718105461830363182181
12014080705372007101434078420305811930388191197
12014080705372010101884063118504461540292149143
12014080705382012103233065117204791610318158160
12014080705382012105060064316804751610314157157
12014080705392007110113061015504551560299154145
12014080705392010102128059515604391500289145144
12014080705392010103391073619405421830359179180
12014080705392011102070058716604211500271139132
12014080705392011106107072318105421780364182182
12014080705402012102801075621605401910349175174
12014080705412009100642053214503871390248125123
12014080705412011101697069719005071780329164165
12014080705412012101004067318304901710319163156
12014080705412012103966070118605151750340171169
12014080705412012104210069318705061770329162167
12014080705422010101350063518104541700284150134
12014080705422011100478070919705121820330172158
12014080705422011101007064116404771510326157169
12014080705422012105249076320205611890372188184
12014080705432011105312068317405091740335167168
12014080705442010110114066117504861670319163156
12014080705442011100770067117904921650327164163
12014080705442011101479072517405511760375185190
12014080705442011101523062416804561480308151157
12014080705442012100941066117204891660323165158
12014080705442012105131065617004861600326163163
12014080705452012105748068317405091680341165176
12014080705462011102529054914904001390261132129
12014080705472010103959079120305881960392203189
12014080705472011100400063718704501770273138135
12014080705472011106125076220205601980362185177
12014080705482012101061072220405181840334165169
12014080705492011104225070418505191770342171171
12014080705512010100707075620205541870367186181
12014080705512011103923073018505451850360181179
12014080705512012106271071817005481800368183185
12014080705512012110074069017405161720344175169
12014080705522009102081074618905571930364185179
12014080705532012101431068519004951770318165153
12014080705532012105269069318805051780327166161
12014080705552011103277069317905141750339171168
12014080705552012104032085022306272140413207206
12014080705562010106120072519605291750354177177
12014080705562012102729076719405731970376193183
12014080705562012109201084421606282240404213191
12014080705572006106024064617804681630305156149
12014080705572011102907081121705942130381196185
12014080705572012105266071518605291750354176178
12014080705582011100637065216704851630322160162
12014080706002009105009065016704831640319159160
12014080706002012100806070918505241780346172174
12014080706002012102328070118205191750344176168
12014080706002012104388067117504961720324163161
12014080706012011104284064617004761620314156158
12014080706012012104631064615604901700320158162
12014080706182011103307054415003941440250127123
12014080706182011105854054614803981440254126128
12014080706182011109245054514903961440252127125
12014080706182012105220054814903991460253127126
12014080706192006101448055016503851360249122127
12014080706192011101184052614503811320249122127
12014080706192011106006052414103831300253122131
12014080706202007104998064816704811610320161159
12014080706202008104709070018205181750343164179
12014080706202009100353069318105121780334170164
12014080706202012101150067317305001670333166167
12014080706202012104168070419105131720341171170
12014080706212011103668065117204791650314156158
12014080706222011100792062817104571560301150151
12014080706222012101801063416604681620306155151
12014080706232011106419067218004921680324163161
12014080706232012104950067017504951700325162163
12014080706242010100642064517004751610314155159
12014080706242010104348067218604861690317160157
12014080706242011100550055614904071490258131127
12014080706242011102573054615403921390253123130
12014080706262010101086054115103901380252127125
12014080706292012100928054815203961400256125131
12014080706292012103048055815204061430263129134
12014080706292012106067059714604511450306147159
12014080706302011101726061615704591560303148155
12014080706302012100771057215904131430270134136
12014080706302012101809057516004151430272134138
12014080706342010104627067017104991700329165164
12014080706382009106100067018204881710317163154
12014080706392011102338090024506552320423215208
12014080706392012102685089024206482330415212203
12014080706392012105944089124106502330417212205
12014080706442011109195068418405001750325164161
12014080706442012109116075620605501910359176183
12014080706482009100515067818304951780317163154
12014080706522010105066066420204621620300149151
12014080706532011102869065217304791570322155167
12014080706542009101773074818905591860373184189
12014080706562012101672096224407182480470238232
12014080706562012102282096624507212470474239235
12014080706562012103922073119405371790358172186
12014080706562012105113072919305361800356172184
12014080706572011100032070418905151790336172164
12014080706582011106575067215805141630351175176
12014080707022011109125064115404871630324158166
12014080707022012105606070317705261760350176174
12014080707052012103119071118705240000000000168
12014080707052012105483071118605251860339171168
12014080707062012100809067917405051690336169167
12014080707092011103159067518104941720322164158
12014080707112012100296073617805581850373186187
12014080707112012109172062516804571600297150147
12014080707122010102760063716304741640310160150
12014080707132008106634066517504901670323162161
12014080707132011103127068919404951740321159162
12014080707132012105934070416605381740364175189
12014080707142011101242068217905031690334169165
12014080707152009109243069218305091710338167171
12014080707152011102904068416405201800340177163
12014080707172010103847057515804171430274139135
12014080707172011100046075320005531900363186177
12014080707172011106268058216104211440277139138
12014080707182009101491064718204651620303149154
12014080707182012101740059615604401510289144145
12014080707182012102995058214404381410297145152
12014080707192010104337068418604981840314162152
12014080707192012100130066716705001640336170166
12014080707192012100915070517605291770352180172
12014080707192012102396066817804901700320160160
12014080707192012105096074120505361780358181177
12014080707192012105546067016805021640338169169
12014080707192012106411071217905331770356177179
12014080707192012109120072120705141780336171165
12014080707192012110044066817904891710318159159
12014080707202007102177067618704891490340173167
12014080707202009105813064316804751570318156162
12014080707202011102912068317705061680338170168
12014080707202011103934069917905201730347173174
12014080707202012102368071619805181840334172162
12014080707202012103843071619705191850334172162
12014080707382009103165072819305351780357175182
12014080707382010104885077521105642000364184180
12014080707382011101113053515303821260256123133
12014080707382012110038054015803821280254123131
12014080707392011105653069919005091800329168161
12014080707392011106304076919705721960376191185
12014080707392012100854068417505091660343171172
12014080707392012103721067018004901670323164159
12014080707392012104412070417905251780347171176
12014080707412011101278069017105191710348170178
12014080707412012103537069718905081790329167162
12014080707442012105832069117605151750340169171
12014080707452007103402063415804761580318157161
12014080707452009105108067118104901700320161159
12014080707452010102889065316404891670322160162
12014080707452012100584065717504821570325160165
12014080707462012101696054514903961440252128124
12014080707462012102177075319905541870367181186
12014080707462012104598069217205201730347176171
12014080707462012110092073519205431890354187167
12014080707472009103012068418205021700332166166
12014080707472012101058071419305211810340172168
12014080707472012104926069617605201750345174171
12014080707482011100412076619905671840383189194
12014080707492007102110076119305681940374191183
12014080707492008102644066618704791690310158152
12014080707492008103047072219405281780350171179
12014080707492010104413066318104821630319162157
12014080707492011103596068018604941740320161159
12014080707492012100499072919105381760362179183
12014080707502010101696067618004961690327166161
12014080707522007103637076519805671930374190184
12014080707522008101204072319405291850344174170
12014080707522009100502063019904311520279139140
12014080707522011103068069017405161700346169177
12014080707552011103892061714304741560318156162
12014080707562007104975070318405191760343170173
12014080707562009101079065617304831620321159162
12014080708042009106020064117904621660296148148
12014080708502009102527070419305111740337171166
