12012062904582007102652059416004341550279144135
12012062904582008102584067118404871680319162157
12012062904582009100010066117404871680319165154
12012062904582009102650065317504781590319166153
12012062904582010101256055015303971420255127128
12012062904592005100139068916305261700356182174
12012062904592005110226052514403811370244122122
12012062904592006100012052614203841320252125127
12012062904592006102338065517504801590321158163
12012062904592006103423066018004801660314164150
12012062904592009100199069817905191740345171174
12012062904592009101395064017004701490321154167
12012062904592009101535063515404811590322160162
12012062904592009102128064117204691570312150162
12012062904592009102459065917304861620324164160
12012062904592009103390068017005101690341167174
12012062904592009103661055215204001440256132124
12012062904592009104276066817604921690323163160
12012062904592009104340066617304931650328165163
12012062904592009104963068416905151740341168173
12012062904592009105044066517604891650324161163
12012062904592009105812064216704751550320153167
12012062904592009109251063117304581500308147161
12012062904592009110131064717304741670307153154
12012062904592010101668067417504991680331165166
12012062904592010109207068017105091730336168168
12012062904592010110025063816604721560316158158
12012062905002006103192062717004571590298153145
12012062905002007103884069519005051740331162169
12012062905002007104889068817805101720338171167
12012062905002008100500061215704551470308152156
12012062905002008101696068619704891670322162160
12012062905002008102803061015204581570301146155
12012062905002009100783062517404511590292146146
12012062905002009101351064217504671660301148153
12012062905002009102638062817004581570301147154
12012062905002009103734068819404941730321162159
12012062905002009103851059815204461550291145146
12012062905002009104462068818205061750331166165
12012062905002009105767061716804491590290145145
12012062905002010101612075218905631860377186191
12012062905002010103456068817805101740336171165
12012062905002010104567062317204511590292146146
12012062905002010104806072919605331850348173175
12012062905002010105834064816904791620317160157
12012062905002010105850070118005211750346174172
12012062905002010109225071518705281760352177175
12012062905012004105779070319105121760336171165
12012062905012006103499064117404671540313153160
12012062905012007106262067217904931690324162162
12012062905012008103302053214503871380249125124
12012062905012008103545067017604941710323166157
12012062905012008105016067218804841790305149156
12012062905012008106586067817505031710332169163
12012062905012009100012068717605111700341165176
12012062905012009100668068918005091760333167166
12012062905012009101362067417305011690332168164
12012062905012009101975070418605181740344175169
12012062905012009102673070018105191780341175166
12012062905012009103163066218104811660315160155
12012062905012009104598075620705491980351176175
12012062905012009105324064918104681700298159139
12012062905012009106127054314703961400256129127
12012062905012009106279062916404651570308151157
12012062905012009106543067718404931770316163153
12012062905012009106578065016604841650319160159
12012062905012010102199075522205331990334171163
12012062905012010103399074420605381880350173177
12012062905012010104465071018705231810342172170
12012062905012010106485070618505211800341173168
12012062905022006104223074420405401890351177174
12012062905022006106067065116804831600323160163
12012062905022008102924069816505331780355183172
12012062905022009100910074918605631950368185183
12012062905022009102350070617905271720355166189
12012062905022009102758076521705481840364182182
12012062905022009103036065717404831600323159164
12012062905022009103741072318105421990343180163
12012062905022009104589066416405001620338163175
12012062905022009105925064815804901580332163169
12012062905022009106350064018804521620290143147
12012062905022009106443072018605341800354175179
12012062905022009110101064017104691600309154155
12012062905022010101465079821205862030383192191
12012062905022010104380069018105091620347168179
12012062905022010105854070117705241750349170179
12012062905022010106532073617805581910367187180
12012062905022010109206077419705772020375188187
12012062905032007101298073319605371850352175177
12012062905032009100313065417204821650317161156
12012062905032009101936068318105021700332169163
12012062905032009102302070818105271760351166185
12012062905032009102445066618004861660320160160
12012062905032009104626064816904791570322164158
12012062905032009105351067017304971660331168163
12012062905032009106523065517204831620321156165
12012062905032009110019063816204761540322159163
12012062905032010105823065416204921670325163162
12012062905042007103061070918805211820339169170
12012062905042008103188068117505061660340166174
12012062905042009100515066117004911670324166158
12012062905042009100615067217704951740321161160
12012062905042009101231065217204801630317152165
12012062905042009102454066217304891600329162167
12012062905042009102796065117504761690307156151
12012062905042009105449064716604811620319160159
12012062905042009105564065216904831680315164151
12012062905042009105920062316604571550302149153
12012062905042010100767066117404871690318156162
12012062905042010104102062715604711560315157158
12012062905052006109091070720405031760327169158
12012062905052007109150065916604931710322162160
12012062905052008101952066718004871670320160160
12012062905052008102798066116904921610331164167
12012062905052009100246066417104931720321165156
12012062905052009100503068417505091770332168164
12012062905052009100789066818104871690318163155
12012062905052009101334067316805051720333168165
12012062905052009101823084622106252150410211199
12012062905052009105875066718804791680311154157
12012062905052009106188081622105952080387195192
12012062905052009106290065816204961630333166167
12012062905052009110034070817605321770355174181
12012062905052010100309069217905131780335174161
12012062905052010102474072017805421840358181177
12012062905052010102654070817805301830347179168
12012062905052010104278075320805451900355184171
12012062905052010104980077819905791920387195192
12012062905062006102776068617105151680347169178
12012062905062007104879064417004741590315156159
12012062905062008104822065417504791640315154161
12012062905062009101016069116805231720351176175
12012062905062009101902073919305461790367186181
12012062905062009102387062716704601590301152149
12012062905062009102455064416504791670312154158
12012062905062009103731065617204841610323161162
12012062905062009104814065016104891640325162163
12012062905062009104974065516104941600334167167
12012062905062009106020066617304931610332168164
12012062905062009106049075719805591920367184183
12012062905062009106164070718505221670355176179
12012062905062010100625072217605461840362183179
12012062905062010101259075020105491900359184175
12012062905062010102738074419605481890359184175
12012062905062010102889065717804791630316156160
12012062905062010102995066317504881600328166162
12012062905062010106333062616604601610299150149
12012062905072007100624070218405181930325174151
12012062905072008100219065915005091600349181168
12012062905072008105586066117004911670324161163
12012062905072009101211069918805111770334168166
12012062905072009101972065317304801630317159158
12012062905072009102686071319005231750348171177
12012062905072009103953068218205001720328163165
12012062905072009104585075720505521970355186169
12012062905072009105086065318004731560317157160
12012062905072009105226082223105912030388201187
12012062905072010102537068717305141650349170179
12012062905072010102630065317304801620318159159
12012062905072010109223069019204981750323162161
12012062905082007101731071618705291780351174177
12012062905082008100013073819105471850362184178
12012062905082008102562071117905321780354174180
12012062905082009100314072818705411780363179184
12012062905082009100353073420405301830347177170
12012062905082009100575068116605151720343173170
12012062905082009101772067416705071730334168166
12012062905082009102815067417904951690326165161
12012062905082009102849069218105111790332170162
12012062905082009103158069319105021660336170166
12012062905082010104916070017805221790343174169
12012062905092004103648082621406122040408209199
12012062905092005101111079321405792010378192186
12012062905092006102097063815904791580321157164
12012062905092006103340064215604861580328161167
12012062905092007102009067619404821650317157160
12012062905092008101504076720605611960365182183
12012062905092008102210070218905131810332170162
12012062905092009101552077520605691910378195183
12012062905092009102694083422006142080406203203
12012062905092009103114066316504981620336172164
12012062905092009105963071519705181790339162177
12012062905092009105974063816104771550322166156
12012062905092009106551075720405531930360181179
12012062905092010101583077820605721950377192185
12012062905092010103680067917105081670341169172
12012062905102006104371065717404831680315158157
12012062905102007103003067518604891690320165155
12012062905102008102632069018005101690341171170
12012062905102009100325066517604891710318166152
12012062905102009102031066616704991680331168163
12012062905102009102452069319604971800317164153
12012062905102009102561067617704991680331169162
12012062905102009103012071018305271740353182171
12012062905102009110018066017504851650320161159
12012062905112009100019070418205221770345175170
12012062905112009101570069717805191760343170173
12012062905112009102052069518905061690337171166
12012062905112009106300063216204701580312156156
12012062905112009106666069418005141700344173171
12012062905112009106742067017704931650328163165
12012062905112009110050071418305311840347174173
12012062905122006106231063915904801600320156164
12012062905122007101280070819505131740339169170
12012062905122008101288071219305191770342171171
12012062905122008104778067416905051690336167169
12012062905122008106419069818305151760339170169
12012062905122009100875068918005091720337169168
12012062905122009103441066916605031680335167168
12012062905122010101859070917505341820352177175
12012062905122010105072068017505051640341167174
12012062905122010105282070318605171720345170175
12012062905122010105815070218605161720344170174
12012062905122010105930070418105231770346169177
12012062905122010106302068217005121670345171174
12012062905122010110058066216904931610332164168
12012062905132004100194068718005071690338164174
12012062905132007103165066517804871650322161161
12012062905132007103274065616804881620326160166
12012062905132007106714053014403861350251128123
12012062905132009100530071119005211780343169174
12012062905132009100582068017605041730331163168
12012062905132009100795069016905211810340174166
12012062905132009102844072319005331850348175173
12012062905132009104832067417405001740326161165
12012062905132010101553066517004951660329169160
12012062905132010102242066617004961610335172163
12012062905132010109225072519005351840351179172
12012062905142005110074062717904481610287146141
12012062905142008103259063416204721560316155161
12012062905142008106270070118405171730344170174
12012062905142009101522066317004931750318156162
12012062905142010100434072419605281790349178171
12012062905142010105122072719005371780359183176
12012062905152006104223061016304471550292148144
12012062905152006104514069317405191770342169173
12012062905152008105594069018605041710333167166
12012062905152009101055069518705081720336168168
12012062905152009102758061116704441530291145146
12012062905152009103999066918804811740307155152
12012062905152009106110068918605031720331167164
12012062905162007101298070319005131750338177161
12012062905162007103290058015104291430286143143
12012062905162009100705071118205291760353175178
12012062905162009101169073518305521780374194180
12012062905162009104650065917104881640324163161
12012062905162009106114074120005411820359181178
12012062905162010106046068017105091640345175170
12012062905172008102046057915804211420279140139
12012062905172008103281067217205001630337171166
12012062905172009100300072118305381830355178177
12012062905172009101114069019304971710326165161
12012062905172009104233070519105141800334171163
12012062905172009105291066817004981670331169162
12012062905172009109207071817605421860356177179
12012062905172010101657057915704221430279139140
12012062905182007102932070218905131750338168170
12012062905182007104604069419305011710330167163
12012062905182009100233074619805481850363182181
12012062905182009101149071118805231780345172173
12012062905182009109225073821805201910329167162
12012062905182010100309065116104901600330164166
12012062905182010100380068617905071740333168165
12012062905182010100752063317404591570302153149
12012062905182010101576072219405281780350174176
12012062905182010102174067616905071700337169168
12012062905182010104593072919705321820350177173
12012062905182010104803073820705311820349177172
12012062905182010105665073619805381920346177169
12012062905182010105933061916404551570298148150
12012062905182010109190071618905271780349172177
12012062905192007103061063616904671610306152154
12012062905192009100365070818905191730346178168
12012062905192009100892072018505351900345172173
12012062905192009100921071319105221780344172172
12012062905192009101494072118505361770359178181
12012062905192009102454064117904621630299152147
12012062905192009104163067817505031720331165166
12012062905192009104324067418004941800314162152
12012062905192009104999061117304381550283146137
12012062905192009105661073420005341940340173167
12012062905192009106188069517605191650354169185
12012062905192010100201062715804691590310154156
12012062905192010102851073319305401830357177180
12012062905202005109208069517105241710353171182
12012062905202005110115067619104851710314162152
12012062905202008101608068216905131680345172173
12012062905202008103548063317604571610296152144
12012062905202009102518070118705141710343170173
12012062905202009106049073218405481820366186180
12012062905202009106164069418205121720340170170
12012062905202010100528070317905241720352175177
12012062905202010100659066017704831660317162155
12012062905202010103774067417704971720325162163
12012062905202010104311076719805691920377189188
12012062905202010110016067517904961710325162163
12012062905212007102885067717305041700334166168
12012062905212008101638066417604881660322161161
12012062905212009100622068917905101770333171162
12012062905212009102119064516804771570320153167
12012062905212009105923070518405211760345173172
12012062905212009106512070018905111750336169167
12012062905222006102264068819404941700324166158
12012062905222008100151066817704911690322163159
12012062905222009104612072319305301860344173171
12012062905232008105465069618205141710343168175
12012062905232008105759067717605011760325165160
12012062905232009100326075620305531820371189182
12012062905232009101098067118104901700320159161
12012062905232009102687069316805251750350180170
12012062905232009102698073519405411920349180169
12012062905242006103386062515904661550311154157
12012062905242007105166071619605201780342173169
12012062905242009100858067517904961710325166159
12012062905242010104640063516204731610312157155
12012062905252005104738069017205181700348174174
12012062905252009100122078221805642050359183176
12012062905252009101861069819305051780327166161
12012062905252010100690069418905051760329166163
12012062905252010102196072820805201810339167172
12012062905252010102495075419805561830373192181
12012062905252010104305069418805061780328167161
12012062905252010106219072420005241860338168170
12012062905262008105788065917504841660318159159
12012062905262008106182067118104901660324163161
12012062905262009101389062715504721560316158158
12012062905262009102972060415904451540291145146
12012062905262009104019065717104861640322162160
12012062905272005103510056815704111510260133127
12012062905272006102033054915003991440255130125
12012062905272009102540073918605531830370184186
12012062905272009103321073319305401820358180178
12012062905272009105096072019705231800343172171
12012062905272009105455069917605231630360177183
12012062905272010104331074918805612020359188171
12012062905272010105126072517505501810369183186
12012062905272010105770078521105741980376181195
12012062905282009105258069318205111690342169173
12012062905282009109237069217305191750344171173
12012062905282010103027068217505071700337170167
12012062905282010104869069618005161720344172172
12012062905282010105204067916805111710340169171
12012062905292005107068073519505401880352181171
12012062905292007100903067418404901750315161154
12012062905292009100062072918405451860359181178
12012062905292009101330064917104781620316158158
12012062905292009106538070218805141770337170167
12012062905292009110044068516905161730343170173
12012062905302008101170073519905361810355180175
12012062905302008103201064616804781580320158162
12012062905302009103154068319504881690319156163
12012062905312004104345069018405061730333168165
12012062905312006104541066416305011710330166164
12012062905312007106402065318104721720300155145
12012062905312009104636065416804861600326161165
12012062905312009110119065617604801670313159154
12012062905322007101704069017505151660349171178
12012062905322007104509064916904801640316160156
12012062905322008103404068017105091660343167176
12012062905322009100921066516804971710326161165
12012062905322009103748069919205071740333166167
12012062905322010102213069419504991730326164162
12012062905322010105029069218805041750329165164
12012062905332007100565064617104751700305159146
12012062905332009100572064516904761570319156163
12012062905332009103590058615004361490287146141
12012062905332009106265065316704861610325163162
12012062905342007101272067716905081690339169170
12012062905342008102293071317805351770358183175
12012062905342009102838075120705441910353178175
12012062905362008101076072718705401790361179182
12012062905362009103234077022305471970350179171
12012062905362010102608065115504961590337166171
12012062905372007101803066816505031680335167168
12012062905372009100139072019305271780349174175
12012062905372010100758067016405061680338166172
12012062905372010100899067216805041660338166172
12012062905372010200007066418604781670311159152
12012062905382010101328071218105311780353176177
12012062905382010102084071118405271780349176173
12012062905382010102964069818405141780336160176
12012062905392007103315065016804821600322158164
12012062905392009105084061515904561440312157155
12012062905402005102600066216904931640329164165
12012062905422008105116064716504821590323168155
12012062905422008110090068617805081710337167170
12012062905422009103777066617404921720320160160
12012062905422009105349068719204951720323164159
12012062905422010105423067217205001720328166162
12012062905432008102833070517605291800349178171
12012062905432009102127072418605381860352179173
12012062905432009105375075222005321890343172171
12012062905432009109243074819905491810368182186
12012062905432010101501066317104921620330161169
12012062905442006100013068717805091750334168166
12012062905442007103169066417104931690324161163
12012062905442009105279064617304731610312156156
12012062905442010103152068418604981700328166162
12012062905442010106129064614505011510350169181
12012062905442010106467068118704941730321164157
12012062905452006105210069617805181760342171171
12012062905452008103066061916604531560297148149
12012062905452008105965067016705031670336167169
12012062905452009100145067818404941680326160166
12012062905452009100927063515604791550324159165
12012062905452009100948064715904881640324165159
12012062905452009102176064817404741640310157153
12012062905452009104414071619305231800343171172
12012062905462007102397068317905041720332169163
12012062905462008103854068317105121700342167175
12012062905462008110017070218405181720346174172
12012062905462009104411071320405091710338167171
12012062905462009105661066717604911620329163166
12012062905462010102342068317105121670345169176
12012062905462010104634069318205111680343173170
12012062905472007104807065316904841640320164156
12012062905472009102846068617505111690342170172
12012062905472009104191068718305041750329165164
12012062905472010101223069918805111720339167172
12012062905472010101959073319305401820358182176
12012062905472010105127070118905121720340168172
12012062905482007104925067316805051640341171170
12012062905482008101895072019005301870343184159
12012062905482009101427056314704161440272139133
12012062905482009103738066518604791660313157156
12012062905482010104847068717005171770340170170
12012062905482010106093066316904941680326162164
12012062905482010109210067617505011690332165167
12012062905492009102532073618905471870360182178
12012062905492010100757068816905191690350171179
12012062905492010102760067117005011720329164165
12012062905492010104764068616805181670351171180
12012062905492010109227066916705021720330167163
12012062905502005100193071718605311800351176175
12012062905502009105452071019005201770343174169
12012062905512008101301068518005051680337167170
12012062905512009106482079021405762000376189187
12012062905512010104069068819104971770320164156
12012062905522007105543066016204981690329166163
12012062905522008100105066017204881620326161165
12012062905522009102716079020205882000388194194
12012062905522009105715069218705051730332166166
12012062905522010103716068517805071650342169173
12012062905532009106375068218404981720326164162
12012062905542008105982071518805271770350171179
12012062905542009109169063916504741580316161155
12012062905542010104874066517404911630328162166
12012062905552009101770067316605071710336168168
12012062905562009102519065017904711610310158152
12012062905562009105708063916504741630311158153
12012062905572009100400071717605411830358180178
12012062905572010101117065717804791670312157155
12012062906002006105143066217904831710312160152
12012062906002010100050067717005071730334169165
12012062906012007110004075718905681920376188188
12012062906022009103053067917505041680336169167
12012062906022009104245072719005371880349176173
12012062906032008104891070517705281730355177178
12012062906032010104671067817904991710328161167
12012062906032010104751068317505081690339174165
12012062906032010104870068517305121710341173168
12012062906042005105641066917704921670325162163
12012062906072004106983067517804971680329166163
12012062906072006100868064316304801630317166151
12012062906072006106024065019804521620290147143
12012062906072008100495065417204821670315161154
12012062906072009101536070818205261770349178171
12012062906072009102942072018705331820351176175
12012062906082006105228066017504851680317159158
12012062906082007103855065817104871610326160166
12012062906082010103248066418904751800295154141
12012062906122009103686066916205071730334168166
12012062906132009105734060716404431490294144150
12012062906142009106327065916904901630327162165
12012062906152009103141066816605021670335168167
12012062906152009104950065617104851670318162156
12012062906152009106047066116304981690329166163
12012062906152010100890070518005251750350175175
12012062906162008104888065416904851570328163165
12012062906202009102848076820105671870380194186
12012062906212007103855067717605011710330162168
12012062906212010103461070018305171720345173172
12012062906222009101419071918705321880344178166
12012062906222009105248070419005141750339170169
12012062906232008101773068218205001720328168160
12012062906252008100555063817804601610299153146
12012062906252009105405074520905361930343177166
12012062906252009106054063717904581610297153144
12012062906262007104599062516804571680289150139
12012062906262010100268072820305251830342175167
12012062906272010102077069819405041760328170158
12012062906292009100941064417504691610308157151
12012062906292009103971069918105181720346172174
12012062906302009105701063317104621580304156148
12012062906492009106425057415304211500271141130
12012062906502007102075058316104221600262136126
12012062906502008110056071618705291790350178172
12012062906502009103742061415204621550307150157
12012062906502010101886073119205391820357180177
12012062906502010102500072519305321820350177173
12012062906502010105889066117204891620327163164
12012062906522007100083069518805071740333164169
12012062906522009101813073717905581840374185189
12012062906522009106324054314503981390259131128
12012062906532007104061062017604441610283143140
12012062906532007104894063317704561590297151146
12012062906532009101502073118605451810364190174
12012062906532009103600074118905521920360178182
12012062906532010101195070517705281760352176176
12012062906542006110132061816904491640285145140
12012062906542007101286065416204921640328160168
12012062906542009106131062116804531600293152141
12012062906552008103165059615204441390305151154
12012062906552009104475065917304861700316159157
12012062906572008101672064015604841510333159174
12012062906582010102980074621905271790348173175
12012062906582010104632074821805301800350173177
12012062906592005110011069016805221720350177173
12012062906592009100362063617104651600305152153
12012062906592010104330068817005181740344173171
12012062907002005110194066518204831550328160168
12012062907002007105969059315204411430298154144
12012062907002008110121067717904981680330162168
12012062907002009106515067916905101690341168173
12012062907002009106766063115404771580319155164
12012062907002010100949070716105461680378185193
12012062907012008106555067416205121680344173171
12012062907012009104638067217005021620340167173
12012062907012009105941061115804531490304149155
12012062907012009106549061215004621440318146172
12012062907032008103232061515704581520306152154
12012062907032009101253069817705211760345170175
12012062907052009101331070319005131870326165161
12012062907062008104849069318105121720340165175
12012062907072008106008066020004601580302149153
12012062907072009101874070318205211730348175173
12012062907072009102570073818905491890360180180
12012062907072009103247068117805031670336164172
12012062907092009100860065617404821650317159158
12012062907122006100796067718004971670330168162
12012062907122009101989068017805021710331165166
12012062907122010104387070720904981830315165150
12012062907132008101278074620405421880354178176
12012062907132009102918068517505101690341169172
12012062907132009103346075120505461870359181178
12012062907132010101471072619205341880346175171
12012062907132010104040068416605181720346169177
12012062907132010104924072319305301870343172171
12012062907142006102540063916104781580320157163
12012062907142007104782064616404821670315158157
12012062907142007110014066117604851640321161160
12012062907142009100243063214504871480339169170
12012062907142009102788062715404731520321162159
12012062907142009106545065316604871670320163157
12012062907152009103997062617304531430310135175
12012062907152010100916065215205001580342169173
12012062907152010109222072717205551790376190186
12012062907162006106134064317604671580309156153
12012062907162009104157069417805161680348171177
12012062907172009106673062615804681410327161166
12012062907172010110055061215404581490309154155
12012062907192005106347065917604831660317160157
12012062907192007100581072421905051810324171153
12012062907192008104849066317704861700316157159
12012062907192009103458072121705041780326171155
12012062907192009105883071421405001720328174154
12012062907192009106064064619004561560300152148
12012062907192010101263059517204231510272136136
12012062907192010102124065516804871650322161161
12012062907192010103071068417405101730337167170
12012062907192010103802065117604751630312152160
12012062907192010104391066117104901670323160163
12012062907192010106376072920105281780350176174
12012062907202006106608064416804761610315154161
12012062907202007105693067017604941690325169156
12012062907202008103329065216904831620321164157
12012062907202008103927058715504321470285147138
12012062907202010105034069018105091710338167171
12012062907212008100623059915404451470298148150
12012062907222009101050067318004931690324161163
12012062907222009106378060214604561460310150160
12012062907232007100149069117705141740340171169
12012062907232007100267067317005031690334169165
12012062907232007104245068918005091670342167175
12012062907232009106799071818905291810348177171
12012062907242006105010074517105741890385197188
12012062907242008101908063716404731680305154151
12012062907242009100896069916205371630374188186
12012062907242009105345071617405421640378192186
12012062907252005110098068918605031710332167165
12012062907252008102884078320505781980380189191
12012062907252008105620068019604841610323162161
12012062907252009105860056617003961420254124130
12012062907252009105969067617804981730325164161
12012062907252009106111070519305121800332169163
12012062907252009106216056217003921410251124127
12012062907262006103290064217204701610309153156
12012062907262009100584062615704691600309158151
12012062907262009105323074319605471890358192166
12012062907272008101936072818705411740367182185
12012062907272008104797063116704641550309156153
12012062907272009100726069217005221630359176183
12012062907272009104894066216504971550342162180
12012062907282007103300068918105081790329166163
12012062907282009100009063416504691570312156156
12012062907282009104241071420905051710334168166
12012062907282009106416063019604341500284138146
12012062907282010109195070118905121810331172159
12012062907292005102793069216605261670359179180
12012062907292009100254065517504801640316160156
12012062907292009102524068917505141680346171175
12012062907292009104364067417305011640337166171
12012062907292010109141060315704461470299145154
12012062907302009100558073719205451770368186182
12012062907302009102836065717104861610325161164
12012062907302009102839069018105091690340172168
12012062907302010100280071018805221740348173175
12012062907302010102651075219105611900371183188
12012062907302010105219070419205121650347172175
12012062907302010105325073817205661760390191199
12012062907312007104671068217305091600349172177
12012062907312008103069065816704911660325161164
12012062907322009105014072217705451750370179191
12012062907322010104337065818704711650306157149
12012062907322010104372065818804701630307159148
12012062907322010104774067716905081720336167169
12012062907332008104186063016404661600306151155
12012062907332010105171061716904481610287145142
12012062907332010105283067716105161640352174178
12012062907342005105184070817405341740360185175
12012062907342008103530064916804811660315155160
12012062907342009103831075418905651890376185191
12012062907342009105914068818105071750332169163
12012062907342009105945071720105161750341167174
12012062907342010101875066016804921610331163168
12012062907342010102531069318905041670337169168
12012062907342010102775069318805051670338169169
12012062907352005105102072318405391750364176188
12012062907352008106718063516504701640306153153
12012062907352009104313066816904991640335166169
12012062907362008102762068519104941680326160166
12012062907362010100940071619705191860333168165
12012062907362010103240071819305251840341172169
12012062907372007100847054515503901320258127131
12012062907372007101299069618705091710338167171
12012062907372008104904071218305291740355173182
12012062907372009100089066918204871650322162160
12012062907372009106328062915404751460329157172
12012062907372010103019060916204471530294148146
12012062907382009109185067317005031680335169166
12012062907392006101216073520805271790348173175
12012062907392007106724077921705621950367184183
12012062907392009102789071419105231780345175170
12012062907392009103509066217104911660325160165
12012062907392009105105071219205201760344173171
12012062907392009105893074020105391860353178175
12012062907392009106548065817704811660315167148
12012062907392010103013070918705221870335174161
12012062907392010105410076320505581900368187181
12012062907392010105816076620505611910370187183
12012062907402008101283066217604861660320159161
12012062907402008101934065017604741570317159158
12012062907402008103221067718904881690319161158
12012062907402009101185079019105991950404200204
12012062907402009102488068217705051740331168163
12012062907412007104922060415804461480298147151
12012062907412008104619067517405011670334165169
12012062907412009110016065016304871570330160170
12012062907412010105871068017605041680336166170
12012062907422008103033066016904911650326163163
12012062907422008103173054414104031410262133129
12012062907422008110077065016204881630325163162
12012062907422009103382065515305021600342166176
12012062907422009110013066918504841660318159159
12012062907422010105824065817304851600325160165
12012062907432009100937064115904821590323159164
12012062907432009103404065216304891540335166169
12012062907432009105541067917305061690337168169
12012062907432010105325072717605511760375183192
12012062907442008106220070718405231790344171173
12012062907442009100784064917304761640312159153
12012062907442009101523064217304691690300155145
12012062907442009101933065017804721640308157151
12012062907442010102058074718205651820383191192
12012062907442010106169072418705371700367180187
12012062907452006103226070619405121780334173161
12012062907452007103326066017604841680316159157
12012062907452009100918066116404971630334167167
12012062907452009105994071219105211830338171167
12012062907452009106757066917704921630329162167
12012062907452010100950072419605281780350174176
12012062907452010101474067117005011690332163169
12012062907452010102966072419505291780351174177
12012062907452010103092066217604861640322159163
12012062907462007106560061617304431550288147141
12012062907462008100656069818405141680346173173
12012062907462008103143064716204851620323160163
12012062907462009100299067417005041690335172163
12012062907462009104783067016305071660341173168
12012062907462009106464065916904901610329168161
12012062907462009106610067117904921660326162164
12012062907462010104126065216404881670321159162
12012062907462010104528067016805021680334173161
12012062907462010104556065216504871640323163160
12012062907462010105477066216904931620331166165
12012062907462010105860067218304891660323163160
12012062907462010109248066818004881630325165160
12012062907472005105753071117805331740359179180
12012062907472008101549065616704891610328158170
12012062907472009100963065017104791610318161157
12012062907472009101184061415604581460312154158
12012062907472009101508061616404521500302146156
12012062907472009106557068517805071670340178162
12012062907472010102895064516904761680308158150
12012062907472010103949064716104861650321160161
12012062907482007102839066817904891650324159165
12012062907482008105712073018205481800368183185
12012062907482009100801063617504611500311155156
12012062907482010105740070218005221720350173177
12012062907492008101643066416504991750324157167
12012062907492008102948068619504911700321160161
12012062907502006100292074017805621810381190191
12012062907502008102295069118205091700339170169
12012062907502009106469066317204911660325161164
12012062907502010102017067817305051690336169167
12012062907502010102739068317805051730332167165
12012062907502010104516063216104711590312154158
12012062907502010105861068117505061690337168169
12012062907502010106074068017605041690335169166
12012062907512003100796067918204971750322163159
12012062907512006100504068417605081720336168168
12012062907512006104521063116904621680294154140
12012062907512008101985067617205041760328166162
12012062907512008102690066417304911630328168160
12012062907512008103047067518404911620329165164
12012062907512008103256071418505291820347177170
12012062907512008106027072118505361810355177178
12012062907512009100872081522105942020392195197
12012062907512009106270071018505251790346175171
12012062907512010100501067017204981680330165165
12012062907512010100863067117204991670332168164
12012062907512010101658072119005311830348177171
12012062907512010102089072219205301810349180169
12012062907512010103007069017705131700343174169
12012062907512010103763067616705091650344167177
12012062907512010104388072917805511790372179193
12012062907512010105424067216605061660340167173
12012062907522006102849065517904761610315155160
12012062907522006103402065718104761680308157151
12012062907522009101076064316204811690312158154
12012062907522009102073069916605331740359180179
12012062907522009103785068618205041670337167170
12012062907522009104319065917504841650319159160
12012062907522009106492066817804901680322160162
12012062907522010104898066116804931740319155164
12012062907532005105410070418505191770342169173
12012062907532007101578068617305131750338172166
12012062907532009102683063216004721610311152159
12012062907532009103150061416404501460304149155
12012062907532009103975075521305421890353177176
12012062907542008100563063016804621530309154155
12012062907542008106523070718705201770343168175
12012062907542009104085071318405291820347174173
12012062907542009105108062016304571480309153156
12012062907542009105146063015404761550321159162
12012062907542009106367064615704891590330162168
12012062907542009110113068017805021670335166169
12012062907542010100174068917105181690349176173
12012062907542010101284063216504671470320153167
12012062907542010103844066117404871670320162158
12012062907552008105066068017505051660339166173
12012062907552008105925069217505171750342171171
12012062907552009101060067616505111670344171173
12012062907562010101485066316804951630332163169
12012062907562010109213066716904981640334162172
12012062907572004101688071219205201810339169170
12012062907572009101080069317605171640353163190
12012062907582009101416073019605341850349182167
12012062907592007101410063717004671620305152153
12012062907592009100348062616504611670294145149
12012062907592010102162065817604821640318161157
12012062907592010105843066017704831650318160158
12012062908002007106416066417704871610326162164
12012062908002008102895062917304561580298148150
12012062908002008102949062917004591560303149154
12012062908002008103157063216604661580308154154
12012062908002009100244060916404451540291145146
12012062908002009101164063417504591580301149152
12012062908002009102651061715304641560308156152
12012062908002009102879065717404831640319158161
12012062908002009104171068917705121710341166175
12012062908002009105397061016404461530293146147
12012062908002010101252065317204811650316152164
12012062908002010102644062716104661600306150156
12012062908002010104293068116505161710345168177
12012062908002010106036065316504881610327161166
12012062908012007102721068818904991690330161169
12012062908012009100586068517805071660341170171
12012062908012009101664062716004671530314157157
12012062908012009105305067017604941780316159157
12012062908012009105833067416405101650345173172
12012062908012010110006067916805111700341174167
12012062908022007102058065319804551510304147157
12012062908022008106213061016004501510299146153
12012062908022009104306074618705591990360179181
12012062908032008102295068818005081690339167172
12012062908032009106270065316804851650320162158
12012062908042006100292067117105001670333167166
12012062908042010102017064216204801590321161160
12012062908042010106074064216404781590319161158
12012062908052006104867066419304711670304151153
12012062908052009106469064617104751670308154154
12012062908052009106492064217104711620309154155
12012062908052010104098069518405111760335174161
12012062908052010104263069117505161740342171171
12012062908062007104260072020105191780341172169
12012062908062009100926067018104891600329158171
12012062908062009104244069519205031760327169158
12012062908072007101370066118404771670310155155
12012062908072009103991069118005111620349184165
12012062908082008105727066017004901620328165163
12012062908082009103967064818504631640299152147
12012062908082009105868063816504731650308152156
12012062908082009106095065717504821670315161154
12012062908082009106153067517405011650336166170
12012062908092007100019077521205632050358179179
12012062908092008106413069919105081690339163176
12012062908092008106609060214904531440309158151
12012062908092009100603069717805191780341171170
12012062908102007105865070817405341740360178182
12012062908102010100356067017304971630334165169
12012062908112007103991070319005131730340175165
12012062908112008105729065717804791590320158162
12012062908112010105457071316705461780368182186
12012062908122009100576067417005041700334168166
12012062908132008105422072919105381780360175185
12012062908132009101239052914003891330256129127
12012062908132009106871063216804641580306154152
12012062908132010105475068317105121660346169177
12012062908142007101612065717604811670314158156
12012062908142009100337070819205161780338168170
12012062908142010104629071819805201840336174162
12012062908152006101906060117804231450278136142
12012062908152007102663074619405521870365180185
12012062908152009100192077720105761930383194189
12012062908152009109162062315904641510313155158
12012062908152009110088062515704681540314154160
12012062908172007102752067917605031760327166161
12012062908172009102625068218205001700330167163
12012062908172009102775068519004951720323163160
12012062908172009104997066216504971630334167167
12012062908172010101475064516604791640315155160
12012062908172010102494067218404881710317158159
12012062908172010104357066918204871710316158158
12012062908172010105773069018305071720335165170
12012062908192007106576068917005191710348171177
12012062908202004102108063616204741600314156158
12012062908202008102421062816304651570308155153
12012062908202009104607065217404781600318157161
12012062908222005102632061515604591530306151155
12012062908232006100933061216704451520293145148
12012062908232008102296066217504871560331158173
12012062908232009104806065218604661630303157146
12012062908232009110124070317605271800347172175
12012062908252008101443064816304851530332161171
12012062908262006110134052014203781290249121128
12012062908292007103350063215704751510324154170
12012062908292008103077060015204481470301146155
12012062908312009104679067916305161670349173176
12012062908332009101208071018605241770347170177
12012062908332009104087068117305081780330168162
12012062908332009105028070221004921820310156154
12012062908342008101274067316905041630341168173
12012062908342009110083064116404771600317162155
12012062908362007103141068918005091720337169168
12012062908362008101271076019605641880376188188
12012062908362009106533062017404461600286152134
12012062908372007102050068916905201790341174167
12012062908382005103317073519705381830355178177
12012062908382009110124069017905111710340172168
12012062908422008101021067316705061620344170174
12012062908422009105016080920606032080395201194
12012062908492009104576069918305161760340174166
12012062908492009105550069417905151780337173164
12012062908502009100765062716204651610304150154
12012062908542009104250068917905101720338167171
