12012012204572005100097054314004031340269132137
12012012204572005110055055014104091340275135140
12012012204572006100106057216904031450258132126
12012012204572006103691066922304461720274137137
12012012204572007102938056515004151410274141133
12012012204582004102812055115203991370262135127
12012012204582006103077000000000000000263127136
12012012204582007101396059115104401440296149147
12012012204582008100791069017605141690345174171
12012012204582008102762057016204081440264000000
12012012204582008103019066018604741800294153141
12012012204582009100570075220305491920357187170
12012012204582009101771056814504231400283140143
12012012204582009103362058916004291350294147147
12012012204582009103377056314504181400278140138
12012012204582009103390059016004301360294145149
12012012204582009103593056615704091370272000000
12012012204582009103831057514804271390288143145
12012012204582009106254055815104071300277132145
12012012204582009106484056115104101300280134146
12012012204582009110031072318005431800363184179
12012012204582009110040055214904031360267131136
12012012204582009110041057414904251370288144144
12012012204592004110096079400000000000391203188
12012012204592005100139071818205361770359184175
12012012204592006100012058515804271430284136148
12012012204592006103324058115504261380288144144
12012012204592006103408055514604091320277137140
12012012204592006103602056714804191370282141141
12012012204592007102676056015204081320276139137
12012012204592007102999059415704371490288148140
12012012204592007110042059115104401460294146148
12012012204592007110124071519305220000000000176
12012012204592008100832060717504321510281144137
12012012204592008102596052913903901260264128136
12012012204592008102978000000000000000000000000
12012012204592008103264056014504150000000000147
12012012204592008103469059000000000000000000000
12012012204592008105610069818505131680345176169
12012012204592009100385066917404951590336169167
12012012204592009101514055214404080000000000131
12012012204592009102411067818004981630335162173
12012012204592009106107059516504301480282148134
12012012204592009106697060016204381460292148144
12012012204592009109047055600000000000279138141
12012012204592009109251060716704401520288136152
12012012205002003104485058115204291440285146139
12012012205002006104736072318705361770359192167
12012012205002007106603057415304210000000000137
12012012205002008101078067017804921660326168158
12012012205002008103154069218205101740336170166
12012012205002008104827063716504721610311156155
12012012205002009100240058115404271460281142139
12012012205002009100973061016204481470301154147
12012012205002009101874056515204131460267140127
12012012205002009101902067717705001590341174167
12012012205002009103905069518205131690344171173
12012012205002009104147067617704991590340174166
12012012205002009104234066017504851620323166157
12012012205002009105027065218004721610311156155
12012012205002009105291060315604471480299156143
12012012205002009105323062516504601500310156154
12012012205002009105888057614104351420293146147
12012012205002009105925059715404431450298147151
12012012205002009106066060115504461490297155142
12012012205002009106083068918405051730332166166
12012012205002009106092066016904911560335169166
12012012205002009106155065515804971600337173164
12012012205002009106198055014104091300279133146
12012012205002009106246054414104031300273133140
12012012205002009110096068600000000000338172166
12012012205012006103076076418405800000000000197
12012012205012006104223076320505581890369187182
12012012205012007103285078920905801950385194191
12012012205012007110014073318505481750373191182
12012012205012008102205058216104211470274140134
12012012205012008104686071218205301800350179171
12012012205012009100539077120705641950369191178
12012012205012009100957062316804551490306152154
12012012205012009101398064716504821570325165160
12012012205012009102347072117905421740368186182
12012012205012009103037075921105481910357184173
12012012205012009105857059116204291460283141142
12012012205022006102142065818304751780297148149
12012012205022006102735080920806012060395201194
12012012205022007103010071818205361780358185173
12012012205022007109079059615504411440297149148
12012012205022008100159062115704641520312155157
12012012205022009100048079020105891990390201189
12012012205022009100106059916104380000000000146
12012012205022009100243065617504811560325157168
12012012205022009100509069717505221770345176169
12012012205022009100583082321306101980412205207
12012012205022009100780076919405751940381194187
12012012205022009101967059815204461490297151146
12012012205022009102298057514504301350295145150
12012012205022009102918077219605761940382194188
12012012205022009103902066117604851640321161160
12012012205022009106127059915204471480299153146
12012012205022009106186064816904790000000000000
12012012205022009106475060716704401550285144141
12012012205022009106548067216905031650338174164
12012012205032007101270069719305041700334171163
12012012205032007103008076919805711880383194189
12012012205032007104510058515304321500282151131
12012012205032009100901072019805221810341171170
12012012205032009102561064817504731580315154161
12012012205032009104261070018205181710347175172
12012012205032009104612061916204571530304156148
12012012205032009105541060516304421440298152146
12012012205032009106278067817805001650335170165
12012012205032009106310072519105341750359183176
12012012205042004105779079023005601980362189173
12012012205042005103587060216804341470287147140
12012012205042007100267058015704230000000000130
12012012205042007103148080021805822020380197183
12012012205042007104099058816004281410287145142
12012012205042008103047078420505792010378194184
12012012205042008103256070218905131690344174170
12012012205042009106159073619205441750369183186
12012012205042009106433076419305711940377195182
12012012205042009106450073619405420000000000183
12012012205042009106797080420306011950406205201
12012012205042009109207062817904491580291144147
12012012205052006103266055714404131320281137144
12012012205052006106309056914804211430278141137
12012012205052008100484074419305511810370187183
12012012205052009100229058614204441420302158144
12012012205052009100249057414604281450283144139
12012012205052009102844071618905271760351176175
12012012205052009102875064716704801540326165161
12012012205052009105707067417405001600340167173
12012012205052009106224059615404421450297151146
12012012205062007100070061517604391540285151134
12012012205062008103301058214904331480285144141
12012012205062009100180060415204521440308153155
12012012205062009102440061715504621510311155156
12012012205062009102455058414804361480288146142
12012012205062009102840073718705501790371181190
12012012205062009103509069518405111730338167171
12012012205062009103750062816504631530310156154
12012012205062009104319072418805361740362175187
12012012205062009105342061116504461550291152139
12012012205062009105826060914804611460315151164
12012012205062009106315060615904471440303148155
12012012205062009110068068018604941670327169158
12012012205072005105258061800000000000302150152
12012012205072007103423070818405241690355173182
12012012205072009103082063215204801450335162173
12012012205072009103112056615404121380274137137
12012012205072009103388056815804101380272134138
12012012205072009103438074119005511830368189179
12012012205072009106442057515804171420275137138
12012012205072009109141058315404291430286149137
12012012205082006100649058215004321500282145137
12012012205082007106523068018204981690329171158
12012012205082008101170075420805461880358184174
12012012205082008101777068118304981670331161170
12012012205082009101366063716704701550315159156
12012012205082009104785061515304621550307160147
12012012205082009105397063917004691550314159155
12012012205082009105889062716404631550308158150
12012012205082009105911060216204401480292151141
12012012205082009106870082822106072110396203193
12012012205082009109160055015004001290271135136
12012012205092008104186063616904671590308155153
12012012205092009104426074518205631730390191199
12012012205092009106289063017504551520303152151
12012012205102004103648079920305961900406204202
12012012205102007102630060315604471500297152145
12012012205102007102663080119806031930410202208
12012012205102008100791066317104921620330162168
12012012205102008102562071819105271870340175165
12012012205102009100192078320505781880390194196
12012012205102009103866075119905521840368188180
12012012205102009106551074420205421810361186175
12012012205112005100664065617404821560326161165
12012012205112008101505061515904561530303154149
12012012205112009100208075418305711840387194193
12012012205112009100515060300000000000000000142
12012012205112009101184058815904291390290147143
12012012205112009101570061616304531470306149157
12012012205112009103053071019805121700342170172
12012012205112009104782061016004501470303152151
12012012205112009105900060215404481520296149147
12012012205112009105920060215404481520296149147
12012012205122007110020062017204481550293149144
12012012205122008101633000000000000000000000139
12012012205122008110078056915404151440271139132
12012012205122009100941073719705401850355184171
12012012205122009101057056715104161460270138132
12012012205122009106115065717104861590327161166
12012012205132008105712072818505431840359183176
12012012205132009100060065016404861530333158175
12012012205132009101111078619105951930402201201
12012012205132009101735062417804461480298152146
12012012205132009102833064916304861600326164162
12012012205142006102735057114304281350293141152
12012012205142006104223055115004011370264133131
12012012205142007103285056015204081410267135132
12012012205142007103340070618105251780347179168
12012012205142007105048074719605511870364182182
12012012205142009100048056214404181330285139146
12012012205142009100054062416804561540302153149
12012012205142009100539061315604571530304149155
12012012205142009105455062016604541540300153147
12012012205152005109208068916005291630366178188
12012012205152006110151071718905281810347175172
12012012205152007100764063817204661450321151170
12012012205152007101280073519905361820354180174
12012012205152007105937060115804431430300151149
12012012205152007109314057113904321380294145149
12012012205152009101103062916904601540306157149
12012012205152009101983059215704351450290143147
12012012205152009103467065916304961570339165174
12012012205152009104498061716204551540301155146
12012012205152009104951000017000001640000164000
12012012205152009106493056200000000000278140138
12012012205162005103833057115404171400277137140
12012012205162006104371064216704751530322161161
12012012205162007100345065418104731640309156153
12012012205162008104829058715604311400291141150
12012012205162009100478068916005291600369176193
12012012205162009103054069617205241710353181172
12012012205162009105660070717005371720365182183
12012012205172006104716078619005961910405202203
12012012205172009102796081422105932050388200188
12012012205172009106279082022205982060392198194
12012012205182006103160066818704811580323165158
12012012205182009104952065018504651650300158142
12012012205182009105473070619005161730343171172
12012012205192006101556084123206092160393208185
12012012205202009101466070718705201800340174166
12012012205212008103060061218104311450286146140
12012012205212008105526069317905141740340179161
12012012205212009101816072017705431720371179192
12012012205212009102469068419704871730314162152
12012012205212009110077056715804091380271135136
12012012205222007105006061415804561530303152151
12012012205222009100026064016904711540317157160
12012012205222009101065072019305271770350178172
12012012205222009102124075120105501840366190176
12012012205222009102835063016104691520317161156
12012012205222009104629061015904511510300150150
12012012205232005102600069919305061670339165174
12012012205232006100358059016004301450285148137
12012012205232007101272069917205271730354182172
12012012205232008110094063416804661490317160157
12012012205232009100200073219705351760359179180
12012012205232009100202075818505731890384194190
12012012205232009100354072118605351670368176192
12012012205232009101871059715104461460300152148
12012012205232009101971069818305151700345166179
12012012205232009103404059515004451470298151147
12012012205232009104403061116604451570288158130
12012012205232009104826061415804561480308160148
12012012205242006102264058315504281470281142139
12012012205242009100080000000004991690330166164
12012012205242009101647064017404661430323161162
12012012205242009103053066719004771620315158157
12012012205242009103434090724606612150446225221
12012012205242009103873067316805051650340167173
12012012205242009104243064116404771550322167155
12012012205252006104350056914804211260295133162
12012012205252008100857072218205401800360182178
12012012205252009100129063715404831540329169160
12012012205252009100519068117305081650343172171
12012012205252009100941069418705071740333170163
12012012205252009100976068817305151740341172169
12012012205252009101116066918104881570331170161
12012012205252009103114058314704361270309141168
12012012205252009105785069117805131700343172171
12012012205262007101829061016804421560286148138
12012012205262007104164075119105601800380190190
12012012205272006103191073218705451790366184182
12012012205272009103728070117905221740348175173
12012012205272009105977064915704921560336166170
12012012205282005101457060616604401490291147144
12012012205282006105593065017604741690305159146
12012012205282008104464058915104381510287146141
12012012205282008105813060214704551510304154150
12012012205282009100182063218004521580294150144
12012012205282009100337063218004521580294151143
12012012205282009101106065318404691680301149152
12012012205282009101573074719105561850371187184
12012012205282009101644065218304691690300149151
12012012205282009105436065816304951650330171159
12012012205282009106076061115104601560304146158
12012012205292009100188062016904511570294148146
12012012205292009102052071719605211800341176165
12012012205292009102476067716605111610350168182
12012012205292009103204059314304501450305148157
12012012205292009105015063216604661520314157157
12012012205292009106466059815604421490293147146
12012012205302007101565072018405361700366184182
12012012205302007103247000015000001470000000000
12012012205312007104401067917405051660339167172
12012012205312009102683061015704531500303147156
12012012205312009103150070116505361700366184182
12012012205312009110083070416805361710365185180
12012012205322008103311068519304921710321169152
12012012205322009100204067417704971650332166166
12012012205322009100813071000000000000000000173
12012012205322009101277067317604971650332166166
12012012205322009106881070617705291730356176180
12012012205332004100194077819505831960387195192
12012012205332005105102065717404831570326160166
12012012205342009106666069715905381640374185189
12012012205352003100805075319005631860377189188
12012012205362007101272000000005151690346174172
12012012205372006103182068117305081680340173167
12012012205372007103315061115604551500305152153
12012012205372007104804058516204231420281141140
12012012205372009103956059016304271420285142143
12012012205372009103991076420705571990358183175
12012012205372009104584079221905731910382190192
12012012205382009101008078222605561820374184190
12012012205382009106850073720505321880344184160
12012012205402007104164060015904411520289146143
12012012205412006103191060014504551510304156148
12012012205412008101608056615004161420274138136
12012012205412009100875066217604861600326163163
12012012205412009101813077319005831860397206191
12012012205412009101989077519005850000000000204
12012012205422005103222061616504511530298152146
12012012205422009104929079220905831960387188199
12012012205432007103593084521406312120419216203
12012012205432008101549075200000000000000000183
12012012205432009104152069618705090000000000170
12012012205442005104961000000005681840384196188
12012012205442006104521000000000000000000000000
12012012205442008104416073417705571700387195192
12012012205452006105480063217604561600296151145
12012012205452008102729060715404531510302157145
12012012205452008105269000000005101520358173185
12012012205452009102658062415904651570308157151
12012012205452009103777061915104681570311157154
12012012205452009104839061915204671560311157154
12012012205452009104923061616504511560295150145
12012012205462007106601056615204141420272140132
12012012205462008104798072219205301740356183173
12012012205462009100925073020905211830338174164
12012012205462009103933070917605331710362185177
12012012205472008104778071919505241760348176172
12012012205482005106347061016604441380306147159
12012012205482008101301069118005110000000000165
12012012205482009100089073018905411800361186175
12012012205482009100159069518505101710339169170
12012012205482009104643067916805111590352171181
12012012205492006100476000000000000000000000000
12012012205492007100973077519205831960387200187
12012012205492007103165074420605381790359182177
12012012205492007109232074020005401760364178186
12012012205492009101652060216204400000000000139
12012012205492009104652069818305151740341173168
12012012205492009105646069818305151740341173168
12012012205502006101091076019005701900380196184
12012012205502006103145073119605351780357180177
12012012205502007100174060416404401470293148145
12012012205502007101929057514704281390289141148
12012012205502007103052065017904711570314164150
12012012205502009102101000000004691600309157152
12012012205502009105449061617404421470295146149
12012012205502009105893074919405551820373182191
12012012205502009106288059516804271470280142138
12012012205502009106461061316204511510300155145
12012012205512008105698060015604441480296148148
12012012205512009100242059816004381410297147150
12012012205512009101216076818905791910388200188
12012012205512009103584080020405961960400210190
12012012205512009110034058300000000000000000000
12012012205522005106036069617005261680358174184
12012012205522007102995079123205591830376192184
12012012205522008103919057016004101390271135136
12012012205522009100592068918605031690334163171
12012012205522009100907076517905861840402199203
12012012205532008104215070219305091670342174168
12012012205532009103868060215404481480300150150
12012012205532009106669070015705431750368188180
12012012205542006103379056514404211290292137155
12012012205542009100362060117004311490282141141
12012012205542009100571061317604371500287144143
12012012205542009100609061315004631450318160158
12012012205542009102017071018305271730354181173
12012012205542009103953060517204331490284143141
12012012205552006105010071318205311730358179179
12012012205552007100727058716004271470280146134
12012012205552009101675059315504381430295147148
12012012205562005106331074318905541870367181186
12012012205562007104604069417905151670348170178
12012012205572007102135057915104281400288141147
12012012205572009106594076520405611870374189185
12012012205582009100218073920605331890344176168
12012012205592006102776000000000000000000170000
12012012205592009104779057814804301460284152132
12012012206002009101181074617705691770392195197
12012012206002009104247064415704871590328166162
12012012206002009104886077720605711880383192191
12012012206012007104704062517104540000000000149
12012012206012009102489073818305551830372192180
12012012206032009102480061417004441600284141143
12012012206032009103823061317004431600283140143
12012012206032009104150058416004241440280140140
12012012206032009106379058416004241430281141140
12012012206032009106386059716204351550280144136
12012012206032009110037060216704351540281145136
12012012206042002107238066016704931650328000000
12012012206042007100581059416404301520278143135
12012012206042007105605071618005361650371175196
12012012206042008104057058116204191420277141136
12012012206042009100007076421005542040350189161
12012012206042009103465059716304341550279144135
12012012206052009105006062818004481490299149150
12012012206062007106213076620005661870379195184
12012012206062007106224072619105351750360174186
12012012206072007105507058515204331460287144143
12012012206072008104060070118305181730345176169
12012012206072009103731073019405361770359182177
12012012206072009104560070717405331730360174186
12012012206082009102583069117805131670346174172
12012012206092008106180075719505621860376191185
12012012206092008106474078719905881960392202190
12012012206092009100807077120705641960368189179
12012012206092009103436077619705791920387195192
12012012206112009100637000000005031890314159155
12012012206112009103665069917005291680361183178
12012012206112009104816072117405471710376180196
12012012206122007101578072117905421750367183184
12012012206122007104787075020805421880354184170
12012012206122009101397072118105401760364178186
12012012206132007102873065517604791630316160156
12012012206132009106219066617504911600331169162
12012012206152005101133073120705241830341174167
12012012206152009104305073419205421800362184178
12012012206162007103305058014604341500284143141
12012012206162009101396074218705551810374187187
12012012206172008100150073919805411830358179179
12012012206172008102884073619005461800366186180
12012012206172008105644063818604521500302153149
12012012206172009100139071218105311760355178177
12012012206172009104156071318105321760356178178
12012012206182009101403061516004551540301152149
12012012206182009105292073817005680000000000195
12012012206182009105903059615304431470296151145
12012012206192007103795061016704431450298143155
12012012206192009100614074519205531850368187181
12012012206192009102366069217705151670348175173
12012012206192009102945076619005761880388195193
12012012206192009103555071217305391660373181192
12012012206212007102885071418605281800348175173
12012012206212007105166075820005581880370190180
12012012206212009103464071118005311800351177174
12012012206222007101514076419305711780393198195
12012012206222009102917073718505521770375185190
12012012206222009105111074018205581780380189191
12012012206232007105759070617405321730359189170
12012012206242007105058063017104591500309148161
12012012206242009100628073718105561770379189190
12012012206242009103382078920305862000386198188
12012012206252007105741060315504481530295153142
12012012206252009105028060814904591520307157150
12012012206262009105013068416505191720347176171
12012012206272006101516063716604711560315158157
12012012206272006106412060615804480000000000146
12012012206272009106110067617505011650336171165
12012012206282006103413058515104341430291144147
12012012206282008104742067816805101600350168182
12012012206282008104815062415804661510315160155
12012012206282009102145077819605821960386187199
12012012206282009104250078420205821960386187199
12012012206282009104948068117105101710339174165
12012012206292004106821065217804741600314162152
12012012206322007101419069518005151720343000000
12012012206332006105210069618105151780337172165
12012012206332008103236066117904821600322162160
12012012206332008105107059600000000000000000144
12012012206332009105742066018004801640316158158
12012012206332009105771064517004751630312157155
12012012206332009110107059615804380000000000143
12012012206342008102950064016204781580320161159
12012012206372006103317060615604500000000000148
12012012206372009106265067616805081600348169179
12012012206382009100765076020705531830370188182
12012012206382009103321064718004671640303153150
12012012206392009101659076019405661900376192184
12012012206402007101267000000005491820367187180
12012012206402009100122060816004481460302150152
12012012206402009101351070117905221760346173173
12012012206412008102226064116104801540326160166
12012012206422009101142079720305941960398208190
12012012206432008103291068717505121640348176172
12012012206442007101071069918205171820335172163
12012012206442007103888072318605371740363179184
12012012206442007110004072119805231760347174173
12012012206462007101030066216504971600337168169
12012012206492009104974074319605471790368184184
12012012206502008103495076119605651880377192185
12012012206502009100586076619905671840383192191
12012012206502009104171068019904811760305155150
12012012206512005103317080421605882000388200188
12012012206512009104233059315904341430291149142
12012012206522007102879072718205451810364185179
12012012206542009102849073517705581780380186194
12012012206542009104597061416904451550290151139
12012012206542009106823064117404671570310152158
12012012206572005110011074417805661800386195191
12012012206572006101093059915504441510293149144
12012012206572009106416056414404201390281139142
12012012206572009106665073417805561760380190190
12012012206592008102919064516004851620323161162
12012012206592009106228064015404861570329165164
12012012206592009106667059115304381390299145154
12012012207002006105530062915904701570313159154
12012012207002007102687060616404421490293149144
12012012207002009100601062616804581540304153151
12012012207002009102419064116904721640308159149
12012012207002009102775060616204441510293148145
12012012207002009105661063015204781580320164156
12012012207002009105704073418805461800366186180
12012012207022007103033059815404441480296149147
12012012207022007105671066517704880000000000155
12012012207022008101278077821405641950369186183
12012012207022009102961078521205731940379191188
12012012207022009105301073919605431800363190173
12012012207022009106371076620205641950369190179
12012012207032008104830065417304810000000000157
12012012207032009104787060315904441430301147154
12012012207032009105955060416104431430300147153
12012012207032009106100065117104801600320163157
12012012207042005101116000000000000000292143149
12012012207042008102705075220105511920359184175
12012012207042009100634092125006712250446224222
12012012207062005101033068617405121650347173174
12012012207082008101281066817604921710321163158
12012012207082009104157058514104441420302148154
12012012207082009104484058314604371450292147145
12012012207092008103426062215304691490320155165
12012012207102008110095065816204961570339170169
12012012207102009100293073019505351730362183179
12012012207112009100166058515704281420286141145
12012012207122009101598071418205321760356177179
12012012207122009104241069119404971650332166166
12012012207132006100010061415804561520304154150
12012012207132007102748071515605591650394188206
12012012207132008104034079723305641870377192185
12012012207132008105744065917704821620320161159
12012012207142007102649074119805431800363181182
12012012207142008102606065116604851600325161164
12012012207142008103385065716604910000000000170
12012012207142008105554060115804431530290151139
12012012207142009100325062618104451570288146142
12012012207152006102180060300000000000000000151
12012012207152009106371057615204241380286143143
12012012207162006102231071317405391710368182186
12012012207162007101512071717405430000000000185
12012012207162009102961062917504541690285148137
12012012207162009103059068518205031660337167170
12012012207172009101502069117405171660351173178
12012012207182009100063061615404621600302158144
12012012207192007101731060316704361460290144146
12012012207192009104850065017104791610318160158
12012012207192009106267066617504911600331164167
12012012207192009106423063615904771600317159158
12012012207202007104791060815704511510300152148
12012012207202009102119070517005351600375174201
12012012207202009106047061015804521520300152148
12012012207202009106078058214804340000000000141
12012012207202009106765070619205141810333177156
12012012207212008106492073419705371810356181175
12012012207222007101266075119105601850375192183
12012012207222007103274057814804301340296147149
12012012207222007104835067318104921640328168160
12012012207222007110012059615404421480294147147
12012012207222009105108067018604841710313165148
12012012207232006102332072618905371780359180179
12012012207232006104664069017105191630356179177
12012012207232008104263071518205331690364180184
12012012207232009101936069118005111710340177163
12012012207242006103114070418005241710353180173
12012012207242007105681057915904200000000000141
12012012207242008103530058316404191410278138140
12012012207242009110112074718605611850376190186
12012012207252007100337065517604791610318163155
12012012207252007104599058815804301480282147135
12012012207252008104034071520805071650342173169
12012012207252008105744058316404191420277138139
12012012207252009101854067717804991720327166161
12012012207262008105068064516404811570324163161
12012012207262009100331000015000000000000000000
12012012207262009101912059317004231470276140136
12012012207262009109234072517605491780371187184
12012012207272006104541059414804461460300151149
12012012207272007101286074418705571870370185185
12012012207272007101410070017205281790349179170
12012012207272009101275073818505531810372190182
12012012207272009101332062516804571560301153148
12012012207272009103003061016604441470297152145
12012012207272009106343074118505561840372190182
12012012207282008104641072319705261860340173167
12012012207282008104797061316604471540293150143
12012012207282009103703067817605021560346169177
12012012207292004105074118831708712980573290283
12012012207292009100806063915904801570323158165
12012012207292009100898063216704651570308152156
12012012207292009102570062216004621540308151157
12012012207292009106366070517905261720354181173
12012012207312009100035079520905861900396208188
12012012207312009104160077018905811850396198198
12012012207322009100707073618005561780378192186
12012012207322009102845073517905561780378192186
12012012207332007102206061017404361540282142140
12012012207332009103724058313804451290316145171
12012012207332009103895068418405001740326170156
12012012207482008104471069718605111740337178159
12012012207482009101125056314604171340283136147
12012012207482009103012056414604181340284138146
12012012207482009103591055615004061430263132131
12012012207482009103631056615304131380275133142
12012012207482009103867056715204151370278134144
12012012207482009110128059715004471510296148148
12012012207492004105074000000005030000000000155
12012012207492006103226057215904131420271135136
12012012207492007104301054214503971350262131131
12012012207492008105887060514804571500307157150
12012012207492009100573058516004251470278139139
12012012207492009100675056414104231330290143147
12012012207492009100775073019105391800359185174
12012012207492009101208069417605181740344175169
12012012207492009101473061417004441530291149142
12012012207492009102375061716004571550302153149
12012012207492009102676057715804191420277140137
12012012207492009103285058015404261460280144136
12012012207492009103367065716904881630325167158
12012012207492009103590074219505471830364185179
12012012207492009103845072318205411740367182185
12012012207492009104087057815504231450278142136
12012012207492009104596069718405131710342170172
12012012207492009105737057715804191410278140138
12012012207502007103199058316104221430279143136
12012012207502007103978059916004391570282146136
12012012207502008102582058414804361420294144150
12012012207502009101523059415404401410299146153
12012012207502009102058058814904391470292151141
12012012207502009103463058715504321440288146142
12012012207502009104586056414504191380281144137
12012012207502009106130057415004241510273138135
12012012207502009106465058515304321440288146142
12012012207502009110029058915404351410294145149
12012012207512004104702078822505631860377183194
12012012207512006106676071716405531730380194186
12012012207512006106794063117304581540304155149
12012012207512007104771059715404431550288148140
12012012207512007105120063717104661530313156157
12012012207512008102296067917805011620339171168
12012012207512008102584060015404461520294155139
12012012207512008103356081020906011970404202202
12012012207512009102434062316004631520311162149
12012012207512009102838074620005461810365184181
12012012207512009102855071117905321740358176182
12012012207512009103529065517204831670316157159
12012012207512009104050073419105431820361181180
12012012207512009105763067316505081700338176162
12012012207512009105969060814904591510308154154
12012012207512009106243057414004341380296147149
12012012207512009106918065715904981650333162171
12012012207522006103499055414204121380274140134
12012012207522007103154057415104231420281141140
12012012207522007104692056313804251350290144146
12012012207522009101237062315704661400326156170
12012012207522009102128061015404561470309152157
12012012207522009102582066218004821600322163159
12012012207522009102659061815804601550305160145
12012012207522009103570069116605251750350179171
12012012207522009104648062416204620000000000168
12012012207522009105421068316605171660351172179
12012012207532006101051056413604281340294142152
12012012207532006105732078318905941860408207201
12012012207532007103400066917604931650328165163
12012012207532007105064068617905071740333170163
12012012207532008102644068117905021650337172165
12012012207532008103138068318105021740328168160
12012012207532008103838063115904721590313157156
12012012207532008104463059416504291530276138138
12012012207532009102623078819505931970396201195
12012012207532009103694062015704631460317154163
12012012207532009105026070416905351590376185191
12012012207532009106070066717304941600334167167
12012012207532009106158071418105331730360184176
12012012207532009106275070717905281760352183169
12012012207532009106383067317305001680332165167
12012012207532009106515069017105191670352178174
12012012207532009110092053914103981330265132133
12012012207542004100605065818504731610312159153
12012012207542004105107074419305511780373189184
12012012207542006103487070818505231710352177175
12012012207542007101456068900000000000347177170
12012012207542009104783056714704201330287139148
12012012207542009106020058914404451420303146157
12012012207542009106741000000004201430277138139
12012012207552005102793073418205521750377187190
12012012207552006100367059900000000000304152152
12012012207552006103013069117805131700343174169
12012012207552006104292064415804861520334166168
12012012207552009101056056414604180000000000145
12012012207552009103038069616205341770357182175
12012012207562006105840065217104811590322163159
12012012207562007103255070018205181750343175168
12012012207562008102566062715304741510323158165
12012012207562009106483074518205631850378189189
12012012207572005102390060315104521450307154153
12012012207572006103386057814704311370294142152
12012012207572007100206058915804310000000000142
12012012207572007101197059100000000000288146142
12012012207572007102799055114504061340272133139
12012012207572008103261000000000000000000000150
12012012207572008103799059614804481420306150156
12012012207572009101770057715104261410285139146
12012012207572009102925057715104261420284140144
12012012207572009103667065716004971560341168173
12012012207572009106414056914204271410286141145
12012012207582006103126069518705081700338168170
12012012207582007106507064615604901590331170161
12012012207582008102230000000004201470273141132
12012012207582008102351055900000000000000000137
12012012207582008105612068217405081620346177169
12012012207582008110052065117904721580314158156
12012012207582009100744066217604861610325160165
12012012207592006104009057714504320000000000139
12012012207592007103937062715304741470327164163
12012012207592008101246063315804751580317160157
12012012207592008101671065418204721680304154150
12012012207592008102231060014704531510302154148
12012012207592008106334059015404361500286147139
12012012207592009106488065515604991600339170169
12012012208002002105263060214904531530300152148
12012012208002006103654064517404711560315157158
12012012208002007103067065416004941670327168159
12012012208002007103651063715004871570330164166
12012012208002008102707067317604971700327163164
12012012208002008106223070817905291780351182169
12012012208002009100367071316705461630383187196
12012012208002009105355070717805291740355179176
12012012208012006101907056715304141380276136140
12012012208012008103105061416204521500302000000
12012012208012009100109073018205481810367179188
12012012208012009105963069618805081660342173169
12012012208012009106034063615204841520332170162
12012012208012009106171064216604761590317166151
12012012208022007104922059015704331480285142143
12012012208022009100921074319605471820365188177
12012012208032004104702058915304361470289145144
12012012208032008100284073618105551740381187194
12012012208032008103035057815004281450283142141
12012012208032008103356058915404351460289146143
12012012208032009100313059315204411460295147148
12012012208032009103381059215304391440295147148
12012012208032009105234069819005081730335174161
12012012208032009105738057914304361450291146145
12012012208032009106759063819604421450297147150
12012012208042009106049060615404521480304148156
12012012208042009106248062816004681520316159157
12012012208052009104050068116805131570356175181
12012012208052009105084075119405571820375188187
12012012208062007101456058615004361420294000000
12012012208062008101779061916504541640290155135
12012012208072007103991067317604971650332165167
12012012208072007106459064118204591630296151145
12012012208072008105145066318704761690307161146
12012012208082007102982064419304511530298153145
12012012208082008100694060517004351490286143143
12012012208092006103208000000000001680000000000
12012012208092008102808070617605301800350180170
12012012208102009100135075618905671900377196181
12012012208102009102698066716505021630339172167
12012012208112008103206061015904511490302153149
12012012208122009100417072418005441800364185179
12012012208122009104292061116704441570287144143
12012012208132005100291070120204991720327169158
12012012208142006102907059314504481500298150148
12012012208142009100921069619205041690335172163
12012012208152007106439060214304591500309155154
12012012208152008105519063416504691510318157161
12012012208152009101406063017904511520299152147
12012012208152009102026065616504911620329169160
12012012208152009102413064616704791610318166152
12012012208152009104193061815704611520309152157
12012012208162009106663069216605261690357170187
12012012208172007102983063016204681560312158154
12012012208182006100405059215704351480287145142
12012012208192006106459071018805221720350175175
12012012208192007102056066217904830000000000156
12012012208192008103794078121605651860379194185
12012012208192009106510068517105141730341172169
12012012208202006101416058700000000000290145145
12012012208202007104591067917205071750332165167
12012012208202007106008054214104011330268133135
12012012208202009101235056313704261360290148142
12012012208202009104653060915304561510305155150
12012012208222007101398068717505121660346169177
12012012208222009100015068200000000000339174165
12012012208222009100403073317405591770382189193
12012012208222009102667066916705021640338171167
12012012208222009109007078720305841940390192198
12012012208232006102738076720405631870376191185
12012012208232009100011000000005640000000000194
12012012208232009100365069117605151710344171173
12012012208232009100505069217205201640356175181
12012012208232009102282070418305211740347178169
12012012208232009102517069817705211670354175179
12012012208232009103687080921605931890404196208
12012012208232009104958055914004191300289137152
12012012208232009106610000000004261310295138157
12012012208232009110123064916304861650321162159
12012012208242007105868058315304301370293144149
12012012208242008100549071518905261740352179173
12012012208242008101291057115504161430273137136
12012012208242008102195058014404361430293142151
12012012208242008102652067916705121650347175172
12012012208242009102629070618605201730347174173
12012012208242009103268070718605211730348174174
12012012208242009110024070318205211680353173180
12012012208252006103216070619205141800334179155
12012012208252007100210067817805001720328181147
12012012208252008100685073619205441820362181181
12012012208252009102449073418905451810364183181
12012012208252009102527065917504841630321164157
12012012208252009105774073819405441820362182180
12012012208272005105240067716405131680345172173
12012012208282008106523060615104551490306154152
12012012208282009103256059816304351440291142149
12012012208282009105357060016504351450290142148
12012012208292009100615070717305341820352178174
12012012208292009100713057815204261440282140142
12012012208292009106308065515904961610335166169
12012012208292009106571067116705041630341173168
12012012208322007105865059716004371430294144150
12012012208332005105641059616904271460281141140
12012012208342009106443068017105091650344181163
12012012208352007103513071819205261720354175179
12012012208362005101771073322305101770333172161
12012012208372006104339067617904971670330173157
12012012208372009101129072918205471750372185187
12012012208372009102584073218405481760372184188
12012012208382009104287076621805481930355181174
12012012208392005100291056714904181400278139139
12012012208392006103216058815604321410291000000
12012012208392007100210059015504351400295138157
12012012208422006103428055313904141330281139142
12012012208422009104832058814504430000000000147
12012012208432007102817066717304941650329169160
12012012208432007104883068817705111700341174167
12012012208442009100001069118205091660343172171
12012012208442009102495067217005021630339168171
12012012208452006103147068100000000000000000174
12012012208462009103165068617405121680344174170
12012012208472005106166067117105001640336167169
12012012208472007101012064517204731630310155155
12012012208472008102601069919005091700339172167
12012012208492009110125068017805021640338169169
12012012208502008105422070917805311740357181176
12012012208512007103853000000004610000000000161
12012012208512008101021060116604351470288147141
12012012208512008104758070118105201710349184165
12012012208512008105742073319005431750368186182
12012012208512009100073060815204561440312156156
12012012208512009100580065015504951550340164176
12012012208512009103152060715204551440311155156
12012012208512009106757060215104511430308153155
12012012208532006101074067217704951610334167167
12012012208542008101528068718105061670339165174
12012012208552007106795059017304171400277137140
12012012208552008100563061115804531510302155147
12012012208562007101557057514204331330300142158
12012012208562007103852060516404411480293148145
12012012208562009106135061915304661550311153158
12012012208562009110091066817904891650324167157
12012012208572009106464068716805191670352175177
12012012208582009106142056414304211360285141144
12012012208592008109154067518504901630327167160
12012012209002006105771064416504791590320168152
12012012209002009102589072618405421740368179189
12012012209012005105482069918305161720344175169
12012012209012007105440067617205041710333164169
12012012209032003100796059115604350000000000140
12012012209032009100348067016205081610347173174
12012012209042007104302066217304891560333168165
12012012209042009104606068817505131740339174165
12012012209062006102879072619305331880345176169
12012012209102008105965054914404051310274138136
12012012209112005106384057415004241460278141137
12012012209122005105482068516705181570361177184
12012012209132008104820055114104101320278137141
12012012209132009102096057514304321390293147146
12012012209132009102479058014904311400291145146
12012012209142009103856067717605011670334169165
12012012209142009105770059715504421460296151145
12012012209152007110001058915004391560283146137
12012012209152008110123082119506261940432216216
12012012209162005105410069318005131710342172170
12012012209162006101906058416604181370281139142
12012012209172007105866069618405121720340172168
12012012209182008105594072818805401750365185180
12012012209202006103273058215804241480276137139
12012012209212006103422000000000000000000000143
12012012209212008104876072820505231780345169176
12012012209212009100572059714304541460308155153
12012012209222008103165069318505081730335171164
12012012209252007100208066915905101620348174174
12012012209352005102320057515104241440280142138
12012012209452005102356064516904761610315155160
12012012209452009101847058314604371370300149151
12012012209452009104246058314604371370300149151
12012012209452009105814059916104381440294147147
12012012209462009105036059115104401400300149151
12012012209472009105039072718605411770364186178
12012012209492005107068056314604171320285137148
12012012209492006105592062416704571510306155151
12012012209492007103049061116204491540295152143
12012012209492009102625066517704881610327167160
12012012209492009102631060915904501470303150153
12012012209492009102963063215404781510327167160
12012012209502006105747057815804201450275138137
12012012209502007100628000000000000000000000000
12012012209502009110044064515904861590327167160
12012012209512006104867056715404131400273134139
12012012209592009104019058116204191450274137137
12012012209592009105702060116404371500287142145
12012012210002006102880067517205031660337173164
12012012210002009101330058415704270000000000000
12012012210002009106057057715104261450281141140
12012012210002009106751057414704271420285143142
12012012210042004102108062316304601620298156142
12012012210042007103272061817004481620286156130
12012012210042009105251063116604651620303159144
12012012210042009105730062817404541630291159132
12012012210052008102954069518705081740334170164
12012012210052008103156069518805071730334171163
12012012210062007102779066616205041610343164179
12012012210152003103860054913804111300281136145
12012012210152005100413058014504350000000000140
12012012210152009102443055113804131300283136147
12012012210162006110130058116204191350284141143
12012012210162009102500057315004231430280137143
12012012210162009102852057115104201400280137143
12012012210162009106544059715104461420304151153
