02006110206592003105112067417305011630338168170
02006110206592004101045070417905251770348172176
02006110206592004102185053113803931340259129130
02006110207002001200036075317905741840390192198
02006110207002002100812076018005801740406193213
02006110207002003106945074320205411810360180180
02006110207002004102332077318605871860401195206
02006110207002004103850072318905341770357174183
02006110207002004106902068017905011720329162167
02006110207002004109033067616205141600354166188
02006110207002004109388071018705231790344175169
02006110207011998100158074218005621810381189192
02006110207011999105452083720806292070422210212
02006110207012001100473074518605591810378186192
02006110207012002100576072917405551810374189185
02006110207012002105566068517205131680345170175
02006110207012002110184068817505131680345168177
02006110207012003100472079220505871940393197196
02006110207012003102891083321106221990423207216
02006110207012003103791074118305581810377187190
02006110207012003104206082621306132020411205206
02006110207012003104856081021105991970402199203
02006110207012003105066070919005191820337173164
02006110207012003106527078820005881960392199193
02006110207012004100232069717405231690354175179
02006110207012004100526073817805601820378187191
02006110207012004100849068616905171610356169187
02006110207012004104678070117605251720353174179
02006110207012004104782079920905901960394195199
02006110207012004105713071118505261750351173178
02006110207012004106923073717805591780381188193
02006110207012004109009083322106122040408199209
02006110207022002100819068217705051660339166173
02006110207022002103508079419206021970405204201
02006110207022003102440073518005551770378187191
02006110207022003104216072818405441790365181184
02006110207022003109431081520306122070405200205
02006110207022004100281074318905541790375186189
02006110207022004100790068716805191670352176176
02006110207022004101230075317705761830393196197
02006110207022004101834087821606622090453222231
02006110207022004102051073918005591750384188196
02006110207022004105106072017905411780363178185
02006110207022004110129070918105281680360180180
02006110207032001106264070618305231670356175181
02006110207032002100420066416704971630334163171
02006110207032002109183068517605091650344168176
02006110207032003100698071417905351750360177183
02006110207032003106043083423705972010396191205
02006110207032003107412075818905691820387190197
02006110207032004102602071718305341760358179179
02006110207032004104069071417905351770358179179
02006110207032004105452073619205441830361180181
02006110207032004105879078219305891890400197203
02006110207032004105985076119605651890376189187
02006110207032004106053071617705391710368181187
02006110207032004106183076319905641850379190189
02006110207032004107225070417005341660368175193
02006110207032004109368076319905641850379190189
02006110207042001106069073018605441800364190174
02006110207042001107110069917505241730351173178
02006110207042004101050076619805681880380191189
02006110207042004102464086320706562050451220231
02006110207052002106028070317805251720353176177
02006110207052003103541065016704831590324161163
02006110207052004101178070518305221760346175171
02006110207052004104708070518305221760346175171
02006110207062002102845068418105031670336168168
02006110207062003105182071619005261770349175174
02006110207062003107100068400000000000333168165
02006110207062004100734000018100001750000168000
02006110207062004102327081021305972040393201192
02006110207062004103375071018405261710355177178
02006110207062004110068069518305121690343174169
02006110207072000102182060715704501550295145150
02006110207072000104288053114503861280258128130
02006110207072001103864083522006152000415207208
02006110207072004100216051913703821280254126128
02006110207072004101164075319305601860374186188
02006110207072004101873067716705101660344169175
02006110207072004102318075919805611880373188185
02006110207072004105263087122506462140432214218
02006110207072004105738075819805601870373188185
02006110207072004105860079719706001920408202206
02006110207082003100950070719105161750341171170
02006110207082003102078070617505311730358171187
02006110207082003102486050012403761220254122132
02006110207082003103573070718905181780340169171
02006110207082004105827070718005271720355174181
02006110207082004109166070018205181730345175170
02006110207082004110214070418505191740345173172
02006110207092002106006067717505021650337164173
02006110207092004110152067517405011630338161177
02006110207092004110153067617605001600340160180
02006110207092004110247000017400000000000000000
02006110207092004110252068017605041660338167171
02006110207092004110254067617505011620339161178
02006110207102003102543063015204781500328158170
02006110207102004110251065615904971570340164176
02006110207112001103269000000005221710351174177
02006110207112002106092065516204931620331162169
02006110207112003105112054016203781300248122126
02006110207112003110055069418305111720339167172
02006110207112004100763067317604971610336165171
02006110207112004102899065816004981630335161174
02006110207112004103252066817104971620335169166
02006110207112004103340073419105431850358179179
02006110207122000101407000000006070000000000208
02006110207122002100398083921206272070420211209
02006110207122003105155084421406302070423214209
02006110207122004101045071317905341750359181178
02006110207122004102949081823105871980389195194
02006110207122004104463082922306061980408203205
02006110207131999106630088722806592010458250208
02006110207132001100473073918405551820373187186
02006110207132002104237084820506432030440216224
02006110207132002109085000033300003280000314000
02006110207132003102875089522206732260447228219
02006110207132003103337083420206322030429218211
02006110207132004104586081519406212130408209199
02006110207142003103620081920906101930417207210
02006110207142004100526053415203821330249123126
02006110207142004102538073218505471760371186185
02006110207142004105713066117304881610327163164
02006110207142004106503073318505481750373186187
02006110207142004106923053915603831330250124126
02006110207142004109009074219705451810364181183
02006110207142004109388058817804101380272132140
02006110207152000102048071820205161830333166167
02006110207152003104856057415904151390276141135
02006110207152004104782056416304011400261130131
02006110207162003100351054715003971400257130127
02006110207162003102462072419205321800352181171
02006110207162003103791067616505111670344173171
02006110207162003104206074218805541800374189185
02006110207162003105066066916405051630342173169
02006110207162004100263069118605051700335167168
02006110207162004100325077121705541920362175187
02006110207172003102891074819805501890361182179
02006110207172003102923089122906622160446219227
02006110207172004101351059715704401520288150138
02006110207172004102602053715003871340253125128
02006110207172004104069055715304041350269128141
02006110207172004105452054215303891340255124131
02006110207172004107154059815804401510289150139
02006110207172004107188083921206272100417213204
02006110207182001106264064717004771650312167145
02006110207182003100698066117104901670323168155
02006110207182003102886070517405311730358175183
02006110207182004100828060717404331430290143147
02006110207182004103454078618606001890411203208
02006110207182004103768060717404331430290143147
02006110207182004104157070919705121740338156182
02006110207182004105842051714103761280248119129
02006110207182004110173050914103681280240119121
02006110207192000102182053514403911360255123132
02006110207192000105873085621406422110431225206
02006110207192001101511086822206462190427209218
02006110207192003102041086822706412110430219211
02006110207192003104216000000000000000000000189
02006110207192004101919051713903781260252123129
02006110207192004102051072417705471740373186187
02006110207192004102351071917705421760366196170
02006110207192004103453079521605791930386186200
02006110207192004104731071017605341730361181180
02006110207192004107325066616605001730327173154
02006110207192004110163074718805591790380187193
02006110207202001106069069617905171690348175173
02006110207202001110257059415704371510286143143
02006110207202002102845057314304301410289144145
02006110207202003102843067717205051670338169169
02006110207202004105860067315805151600355170185
02006110207212004100143067616705091630346173173
02006110207212004100719068217105111620349173176
02006110207212004101178057114904221420280139141
02006110207212004104708056914904201420278139139
02006110207212004106574059514904461480298147151
02006110207212004110197059114904421460296144152
02006110207232003102078054714903981400258129129
02006110207232004105827055615104051420263135128
02006110207242004105263083421806162040412205207
02006110207252001103476067117804931760317161156
02006110207252002100398064520704381480290146144
02006110207252002106018067417504991750324000000
02006110207252003106594072218005421760366181185
02006110207252004103634067417704971750322165157
02006110207262000101407000000004481510297146151
02006110207262003105155061819204261440282139143
02006110207271999106630059900000000000283000000
02006110207272002104237076618905771810396195201
02006110207272003102543056814404241340290139151
02006110207282000102048063818504531620291147144
02006110207282000105295081300000000000406200206
02006110207292003103337076419405701860384190194
02006110207302004107325053715403831300253128125
02006110207312001110033082622406021970405200205
02006110207312003102529068816705211640357174183
02006110207312003107446068515905261630363167196
02006110207312004100554070517105341740360172188
02006110207312004100828059916904301310299134165
02006110207312004102351053214403881300258126132
02006110207312004103453060018004201430277139138
02006110207312004103454059717804190000000000137
02006110207312004103768059216904231310292133159
02006110207312004104731063915904801560324159165
02006110207312004105104078721605711910380183197
02006110207322003102886071918605331770356175181
02006110207332004103031061516304521590293146147
02006110207332004104752062516804571500307153154
02006110207342002102527070317205311660365175190
02006110207342004109228067516805071600347168179
02006110207342004110163050614203641210243118125
02006110207352001100471076419105731850388195193
02006110207352001103720083222606062140392206186
02006110207352002100791085622606302090421208213
02006110207362003105181071017905311710360179181
02006110207362004102219080421005941960398194204
02006110207362004102813088122406572070450218232
02006110207362004103541070918405251680357173184
02006110207372001102944000036400003180000301000
02006110207372004100832074119305481860362181181
02006110207372004101249075620005561960360183177
02006110207382002103755078819105971930404201203
02006110207382003103615077918205971860411200211
02006110207382004105561078919305961920404201203
02006110207391999106630054517403711260245122123
02006110207392000101407055117803731300243119124
02006110207392002100398054017403661240242120122
02006110207392003105155055116803831300253125128
02006110207402001104323079018806021860416211205
02006110207402003103797084221406282120416215201
02006110207411999103715070318105221770345174171
02006110207412000106010069917405251710354174180
02006110207412001106917071719105261770349175174
02006110207412003102913070518405211730348175173
02006110207412004102983069417305211630358180178
02006110207422002104237071217905331750358179179
02006110207422003103337075018705631840379189190
02006110207432003104164071217205401760364184180
02006110207432004109257071618705291750354173181
02006110207432004110169071518705281710357176181
02006110207442003106382094825406942190475227248
02006110207442004100270077619105851910394195199
02006110207442004102665077118805831900393195198
02006110207452003102529064716004871550332163169
02006110207452003107446064314005031540349165184
02006110207452004100554068616905171670350174176
02006110207462004102364070117505261620364174190
02006110207471998104034080020505951960399204195
02006110207472004100945060715604511520299151148
02006110207472004102856060715604511520299151148
02006110207482000106749093927706622400422221201
02006110207482004104300068017305071640343171172
02006110207482004106230082221206102020408205203
02006110207492003105917063614304931490344162182
02006110207502001100471071417805361710365179186
02006110207512001102944000035700003340000295000
02006110207512002109129065316404891540335165170
02006110207521999103715053614403921280264127137
02006110207522004101487069200000000000349169180
02006110207522004102219070719305141750339167172
02006110207522004102282071717105461720374180194
02006110207532004102198075819705611870374190184
02006110207542003104164059217004221440278144134
02006110207542004103183071418505291780351174177
02006110207542004103463070918005291800349174175
02006110207542004103829071118405271800347172175
02006110207552000104244076519005751890386190196
02006110207552003102852082620106252090416212204
02006110207552003103797074318605571840373193180
02006110207562002103368074019105491780371183188
02006110207562002103435088023306472170430215215
02006110207582001110020063616504711560315157158
02006110207582003110212062316304601580302150152
02006110207582004101941063716404731590314156158
02006110207591999101927070617505311750356180176
02006110207592004102936065915805011600341171170
02006110207592004104445082822006082090399207192
02006110208012004100376082420906151990416209207
02006110208012004100762076619205741890385190195
02006110208012004101290080619206141930421217204
02006110208022004107297076922205471990348177171
02006110208032004101031072218405381820356178178
02006110208032004101056079820405942010393200193
02006110208032004109220071518505301770353179174
02006110208032004110204080220305991960403203200
02006110208052002105360080120505961930403204199
02006110208052004102792080220106011950406204202
02006110208062003102488111729408232790544273271
02006110208271999110101050613503711270244124120
02006110208272000104244063118604451440301153148
02006110208272004107297054616403821320250126124
02006110208282000101682064517304721580314151163
02006110208282003102852060018404161360280139141
02006110208302003102590075919405651890376183193
02006110208302004100566069316505281710357180177
02006110208302004105995069316905241750349177172
02006110208321996101056084422506192050414202212
02006110208322004101180077719905781940384199185
02006110208322004102670081920406152110404197207
02006110208332001106479051414003741310243120123
02006110208332003101338051414003741310243120123
02006110208401997100417067216705051600345170175
02006110208402004106199071718305341720362179183
02006110208412000104244053817803600000000000121
02006110208412003102852053517303621230239118121
02006110208422000101649065816604921590333162171
02006110208422004103219061817604421480294147147
02006110208432003105159062118604351480287147140
02006110208472004109171000032100003030000335000
02006110208562001105774072417505491780371185186
02006110208562001107120065918704721650307156151
02006110208562002101942064217804641560308150158
02006110208572001110059068416305211670354171183
02006110208572002100260071917505441700374183191
02006110208572002103793076019205681840384189195
02006110208572002106546066815805101610349171178
02006110208572004100557064416204821550327160167
02006110208572004103709073418605481750373184189
02006110208572004105849076419405701810389181208
02006110208592002100879088123406472070440216224
02006110208592003101040054815603921390253129124
02006110209002003106943072718905381750363180183
02006110209021999100207071517705380000000000186
02006110209021999106798074218505571780379190189
02006110209022003110152072518305421730369187182
02006110209032004100792063115804731520321164157
02006110209032004103497070518005251680357178179
02006110209072004102565070118405171680349163186
02006110209072004104971070418405201670353166187
02006110209082001102588063516204731510322157165
02006110209082004100176070118205191720347177170
02006110209082004101458070018205181720346177169
02006110209082004102568071018705231760347176171
02006110209082004103348070118305181710347177170
02006110209082004105872075019005601830377185192
02006110209082004105875072918805411790362180182
02006110209082004110229075619305631820381183198
02006110209092002100260072017105491700379184195
02006110209092002103793075419205621840378000000
02006110209102004100557057216604061400266133133
02006110209112004104178067616905071620345168177
02006110209112004104905068317905041650339166173
02006110209112004109177067817305051650340167173
02006110209122002100879092424206822260456226230
02006110209132000107076072919805311770354174180
02006110209132001105774069517805171720345172173
02006110209142004101267068716105261620364176188
02006110209142004102890070318505181760342172170
02006110209142004106687068116905121640348171177
02006110209142004110115070318605171760341171170
02006110209152001107120067018404861690317162155
02006110209152004104582082021706032030400201199
02006110209162002102017079821205861970389192197
02006110209162004100469000019000001800000000000
02006110209162004102035080621405922010391195196
02006110209171999100207069417305211680353168185
02006110209172002102912059800000000000000000156
02006110209191999106798069717405231720351176175
02006110209192002100835068316805151610354168186
02006110209192002109439069016705231670356171185
02006110209192003110152075019005601840376185191
02006110209192004102600070917505341730361177184
02006110209192004103985070217805241730351173178
02006110209192004105050070117805231720351173178
02006110209202001110083081019506151860429210219
02006110209202004102089080318806151890426212214
02006110209212000100128065616104951680327165162
02006110209212002100653065917104881670321163158
02006110209212004100779065916804911660325163162
02006110209252000110088064516404811620319160159
02006110209252003107226070418305211750346174172
02006110209252004110094068117505061690337170167
02006110209471999103631062916204671540313155158
02006110209472001100363051314003731240249118131
02006110209472002100562051313803751240251118133
02006110209482000101344065216404881570331163168
02006110209482001103133065016304871590328159169
02006110209482002105517064816204861570329164165
02006110209482002106160069116905221640358175183
02006110209482003104258064716104861590327158169
02006110209482003110192066216704951630332161171
02006110209482004101661068016805121650347172175
02006110209482004102542078320005831950388193195
02006110209482004102555069316505281690359177182
02006110209482004105632069116805231690354173181
02006110209482004110248066016704931630330160170
02006110209491999109202066316105021600342167175
02006110209492002100539074319105521830369180189
02006110209492002102719071919705221750347182165
02006110209492003106792078419505891850404194210
02006110209492003107394076020705531790374188186
02006110209492004100715067017104991680331163168
02006110209492004100786069517105241660358171187
02006110209492004101125070018705131760337177160
02006110209492004103385066117504861650321161160
02006110209492004105409069217805141710343173170
02006110209492004105445075519205631810382188194
02006110209492004106171073319105421820360179181
02006110209492004106402070818605221780344170174
02006110209492004110097069417805161680348177171
02006110209492004110243073119005411820359180179
02006110209502002101676075620005560000000000183
02006110209502002105152084021106292060423213210
02006110209502003104958075919005691750394189205
02006110209512000110139067017704931630330159171
02006110209512002105178081321605971970400198202
02006110209512003103909067916905101630347172175
02006110209512003106384067617005061650341171170
02006110209512004100319052814103871260261122139
02006110209512004101054050413803661210245120125
02006110209512004104006076219305691830386184202
02006110209512004105044075318205711850386195191
02006110209522000103853075019505551830372191181
02006110209522000107645078721005771970380186194
02006110209522002110088071719405231750348176172
02006110209522003102033071218705251720353170183
02006110209522004100778071417505391780361176185
02006110209522004106504081619506211960425206219
02006110209531999100608053513504001360264134130
02006110209532003107470069517305221720350175175
02006110209532004100653073319405391790360177183
02006110209532004101768069717005271680359176183
02006110209532004106897000000005331710362178184
02006110209541999102742051712603910000000000137
02006110209542003102355067418504891710318161157
02006110209542004104619070618405220000000000186
02006110209542004104753076919505741770397197200
02006110209542004106683068517305121630349173176
02006110209542004106906067216605061430363169194
02006110209542004109160068115505261560370179191
02006110209542004110202077219605761770399196203
02006110209552004103258068716905181680350172178
02006110209562003105150077019805721890383191192
02006110209562004102576074619405521820370182188
02006110209562004104072080622105851990386194192
02006110209572004101616071117505361740362182180
02006110209582004102324067817605021640338165173
02006110209582004103721000000000000000319156163
02006110209582004106781065217104811610320157163
02006110209582004110219065317104821610321162159
02006110209592000110257056518003851340251127124
02006110209592002106076060116304381440294144150
02006110209592004101566059616404321440288142146
02006110210012001106208057714504321440288141147
02006110210012002100539073017605541730381188193
02006110210012002106160065015804921580334160174
02006110210012003110113082320306201960424208216
02006110210012004100786068916305261630363181182
02006110210021999103631000017800001760000175000
02006110210022002102719058916604231530270143127
02006110210022004103385068417905051740331168163
02006110210031999109202054314104021310271131140
02006110210032003105581059315004431470296148148
02006110210052000103853072217205501780372191181
02006110210052004100778066916805011630338168170
02006110210052004101768051013903711260245122123
02006110210052004106504084222006222080414207207
02006110210052004106897051113903721270245122123
02006110210062004104006068616905171690348177171
02006110210072002105152078920305862010385192193
02006110210072003107470067516505101670343173170
02006110210082001104108072618105451730372181191
02006110210082002101343073018605441770367000000
02006110210082004106683064616404821590323160163
02006110210092002100775080221005921990393197196
02006110210092004102576070818505231760347172175
02006110210092004110235079020005901850405197208
02006110210102003105150069117405171700347171176
02006110210102004103258049913703621140248120128
02006110210102004104619064817004781620316160156
02006110210102004106906051014003701160254120134
02006110210102004109160053114603851340251128123
02006110210122003101250069618605101750335168167
02006110210142003100051080620306032020401199202
02006110210172004102659084419606482060442217225
02006110210172004103079085421506392090430212218
02006110210172004104754083219506372000437214223
02006110210182003102694086021206482100438210228
02006110210182004104585080320106021970405201204
02006110210182004106082078319705861830403196207
02006110210192002110095090622206842200464233231
02006110210212001103671073718205551820373186187
02006110210212002103333078820405841980386197189
02006110210212002106742116628608802710609305304
02006110210212003106447068718305041690335167168
02006110210212004110225074019905411790362180182
02006110210222003105839078119705841880396200196
02006110210222004106120054014803921370255128127
02006110210232002105152052714003871320255127128
02006110210252001110248065716304941590335162173
02006110210252003100051072018205381750363183180
02006110210252003104656074616305831790404203201
02006110210252003107422079320605871930394193201
02006110210252004104452088222906532140439219220
02006110210272003101250055115104001340266131135
02006110210282002105677066216804941650329163166
02006110210292000106848000000003871300257124133
02006110210322004102659060318004231400283141142
02006110210322004103079060618104251420283141142
02006110210322004104585077319705761930383191192
02006110210322004104754060117704241400284142142
02006110210332001102114065216604861700316157159
02006110210332003102694079719206051960409199210
02006110210332004103123065216704851670318159159
02006110210332004103127065116904821670315158157
02006110210332004106082077319405791830396195201
02006110210342001103671066916505041680336168168
02006110210342002103333067217404981630335167168
02006110210342002110095078719305941920402201201
02006110210372004103500082221106112110400203197
02006110210382004100456079920705921920400198202
02006110210382004103083082221606062000406205201
02006110210392001103073102325607672360531254277
02006110210392001105178061415604581540304152152
02006110210402003105160066416904951610334163171
02006110210462004102659058919803911390252125127
02006110210462004103079058819603921400252125127
02006110210462004104754064420604381560282143139
02006110210472003102694075719305641850379187192
02006110210472004104585075419105631830380186194
02006110210482002110095076218405781870391195196
02006110210482004106082075718105761810395193202
02006110210522001105178051213503771260251123128
02006110210542001103073112628208442750569280289
02006110210542001105209072618205441830361183178
02006110210571998103663070718605211770344177167
02006110211032001110135075518405711870384192192
02006110211052000101631094824707012310470235235
02006110211132001105815082522506001930407203204
02006110211182000101631092226506572340423217206
02006110211282001103022000021900000000000000000
02006110211292003103141101826907492620487240247
02006110211302000101631085524306122090403206197
02006110211302001105815064916604831560327155172
02006110211352002110174077419505791910388194194
02006110211422001103022000000000000000000000181
02006110211422003103141092522906962120484228256
