12006111406582001103018061617104451600285144141
12006111406582002104726067617904971690328164164
12006111406592000101773070518705181790339000000
12006111406592001102058068016905111760335168167
12006111406592002110113000000004761680308153155
12006111406592003102176079619905971980399202197
12006111406592003102803064817104771610316156160
12006111406592004100691069617905171810336166170
12006111406592004100879069217605161810335166169
12006111406592004100943071019005201720348179169
12006111406592004101969073719505421810361180181
12006111406592004102527070418505191730346176170
12006111406592004102750066516704981670331169162
12006111406592004102753070718205251800345177168
12006111406592004103066062416004641550309155154
12006111406592004103267073819705411910350180170
12006111406592004110058070918505241790345176169
12006111406592004110151064617104751580317155162
12006111406592004110189062416104631550308155153
12006111407002000104004067017704931640329166163
12006111407002001101548067016905011650336163173
12006111407002002100900000018100001760000176000
12006111407002002101220069218505071720335170165
12006111407002002104943063216504671570310153157
12006111407002002106403081420906052020403200203
12006111407002003104905071416405501760374188186
12006111407002003105052074218905531850368190178
12006111407002004101762071919105281760352175177
12006111407002004103552076319705661900376185191
12006111407002004104241064517404711600311160151
12006111407002004106985071118705241770347175172
12006111407002004107036062015404661500316156160
12006111407002004110051069417505191680351175176
12006111407002004110052068416905151650350000000
12006111407002004110205069617005261770349172177
12006111407011998100689069816905291680361178183
12006111407012000101634000018800001700000178000
12006111407012000104065070218005221720350174176
12006111407012001103283061916004591500309150159
12006111407012002100605065016904811700311162149
12006111407012002100810066316105021680334169165
12006111407012002103175070017905211700351176175
12006111407012002105689063818804501540296147149
12006111407012003100600071618805281750353176177
12006111407012003100637075020405461820364186178
12006111407012003101234064316504781530325159166
12006111407012003105815067217804941570337166171
12006111407012003106105081922105981990399199200
12006111407012003107193074419605481790369187182
12006111407012004100467066116504961640332165167
12006111407012004101086071117905321780354175179
12006111407012004101198069818205161780338169169
12006111407012004101400071018905211680353176177
12006111407012004101707071017005401700370182188
12006111407012004102088067316805051660339168171
12006111407012004102248072718605411820359182177
12006111407012004102536064115704841590325162163
12006111407012004102901068517005151580357170187
12006111407012004103193072318405391760363183180
12006111407012004103397071118005311770354175179
12006111407012004104479068718205051690336166170
12006111407012004105639067916905101620348172176
12006111407012004106627071118205291700359180179
12006111407012004107117071618605301850345174171
12006111407012004110069058113504461380308153155
12006111407021998110093075721305441850359182177
12006111407021999110175062415704671510316161155
12006111407022001110220061815504631540309152157
12006111407022002110227062817804501590291000000
12006111407022003100206068219804841640320158162
12006111407022003101967081021105992070392199193
12006111407022003102619062215804641520312154158
12006111407022003102904068417705071710336167169
12006111407022003105102080721005972030394202192
12006111407022003106090062515004751500325152173
12006111407022003110015064618804581600298153145
12006111407022004104381064816504831630320159161
12006111407022004105117066617504911650326165161
12006111407032000101466069518605091720337174163
12006111407032000101483000000005141690345168177
12006111407032000110229067416805061700336165171
12006111407032001100877068716605211710350173177
12006111407032002100458065616204941640330164166
12006111407032002100728063215804741490325156169
12006111407032002102404067918204970000000000168
12006111407032002102785066417604881630325163162
12006111407032003101952069117705141720342172170
12006111407032003104002063616604701570313158155
12006111407032004100558071000000000000000000167
12006111407032004101348070018305171700347174173
12006111407032004101775068516905161740342170172
12006111407032004103904071318405291760353174179
12006111407032004104003069117405171710346174172
12006111407032004106921070218605160000000000000
12006111407032004110187071618405321750357182175
12006111407042000110170070921204971740323171152
12006111407042002100839069819805001770323168155
12006111407042003102720068016505151710344174170
12006111407042003102757068818205061720334171163
12006111407042003102813082821406142150399202197
12006111407042004102426065215404981570341168173
12006111407042004102834070119005111720339174165
12006111407042004102987074020705331870346175171
12006111407042004103289072721405131790334173161
12006111407042004103577067717505021650337163174
12006111407042004104690076119505662100356185171
12006111407042004104888074220805341860348175173
12006111407052000110171068718904981730325162163
12006111407052001100294069318305101700340173167
12006111407052002100911065617404821600322161161
12006111407052003103005067517205031660337168169
12006111407052003110073072819605321840348178170
12006111407052004100452065616004961590337166171
12006111407052004100609067017804921650327167160
12006111407052004100686071118705241770347172175
12006111407052004101501065017504751560319161158
12006111407052004101820069617605201770343172171
12006111407052004103010067017804921650327167160
12006111407052004103108072220405181810337172165
12006111407052004103198071519805171800337172165
12006111407052004103398071619705191780341172169
12006111407052004103411071917705421780364180184
12006111407052004103874071919905201780342172170
12006111407052004104071071317705361870349171178
12006111407052004105670066117004911650326163163
12006111407052004105864066417204921660326162164
12006111407052004106924068417505091710338170168
12006111407062001110116071418505291820347176171
12006111407062003103262068018404961630333165168
12006111407062004101627073119305381750363180183
12006111407062004102560066918204871610326153173
12006111407062004102815071018805221780344175169
12006111407062004103237067918204971620335155180
12006111407062004103297068918205071720335166169
12006111407062004103466071719405231830340174166
12006111407062004106235067617904971680329165164
12006111407062004110046068417205121690343169174
12006111407071998101821070618105251770348183165
12006111407072002103453065917104881660322163159
12006111407072002105981068117505061730333170163
12006111407072003101809068917705121750337173164
12006111407072003102113062016704531510302148154
12006111407072003102838064216204801580322161161
12006111407072003102993070818905191760343177166
12006111407072004101261076419805661870379188191
12006111407072004103015067417904951670328165163
12006111407072004109131064117004711510320159161
12006111407082000101931083322506082090399200199
12006111407082001106555071721105061700336168168
12006111407082003107278071017805321740358180178
12006111407082003107294069818805101700340170170
12006111407082003110142059314504481440304147157
12006111407082004100685070618105251760349174175
12006111407082004100980069718205151670348174174
12006111407082004102008069718005171750342171171
12006111407082004102257068319004931710322161161
12006111407082004102393067618804881660322166156
12006111407082004102510069918305161670349173176
12006111407082004105025066317304901650325161164
12006111407082004105658066317104921630329167162
12006111407091999100020070717305341770357178179
12006111407092001100109068818305051670338168170
12006111407092002100890000000005171710346173173
12006111407092002107275073821305251940331175156
12006111407092003100349071718205351830352178174
12006111407092003106939080420306012040397197200
12006111407092004101124069018105091720337169168
12006111407092004101362072218505371820355179176
12006111407092004102075069318005131720341170171
12006111407092004102487066416904950000000000169
12006111407092004103115072218605361810355179176
12006111407092004103399067716705101680342176166
12006111407092004103825067416305111680343170173
12006111407092004104160072819805301840346177169
12006111407092004104173072819805301840346177169
12006111407092004104481069316705261700356176180
12006111407092004106874068317205111700341174167
12006111407092004107057070517205331690364178186
12006111407092004110076073619205441850359181178
12006111407102000100397071217705351760359180179
12006111407102001103725069817605221750347175172
12006111407102002102272074219105511840367183184
12006111407102002104726068317905041640340170170
12006111407102002106774070517305321790353177176
12006111407102002106778070919405151740341171170
12006111407102003103853071317605371790358181177
12006111407102003104383067720004770000000000000
12006111407102003105544067417405001700330163167
12006111407102004101538072018005401760364186178
12006111407102004103131070120005011760325165160
12006111407102004103276077021905511930358182176
12006111407102004103870072119905221760346172174
12006111407102004104112074920405451880357188169
12006111407102004104261071118205291720357186171
12006111407102004104702067118204891640325166159
12006111407102004105196068417405101710339171168
12006111407102004105217071718105361730363180183
12006111407102004105973066717204951650330168162
12006111407102004106211071918605331780355179176
12006111407102004106300069718305141710343171172
12006111407102004106505070817105371730364182182
12006111407112000101573073319205411840357177180
12006111407112001101394071117905321790353178175
12006111407112001104794071918005391750364184180
12006111407112003110116061516504501510299146153
12006111407112004102145069118805031680335164171
12006111407112004102527067917505041700334170164
12006111407112004103490092422407002360464225239
12006111407112004103522067917105081710337169168
12006111407112004103648074418705571860371180191
12006111407112004105782072017505451780367183184
12006111407112004105918068616805181670351169182
12006111407112004106698064316404791590320160160
12006111407112004106703065016904811590322162160
12006111407112004107061072019405261860340169171
12006111407112004110223075019205581820376184192
12006111407122003102418063716704701600310154156
12006111407122004101882076821005581860372187185
12006111407122004103073065316104921590333166167
12006111407122004110077072416805561750381182199
12006111407132000106061064015104891600329163166
12006111407132001103739070318105221770345172173
12006111407132002100900066716305041670337000000
12006111407132002105689066317404891630326169157
12006111407132004100231069217405181690349171178
12006111407132004100943070517705281700358184174
12006111407132004101730067217404981650333164169
12006111407132004102901066616505011670334165169
12006111407132004104205075119305581800378193185
12006111407142000104004069718505121660346174172
12006111407142002100887069918505141720342173169
12006111407142002105372070019505051780327167160
12006111407142003106105075520705481870361184177
12006111407142003106813065317704761590317165152
12006111407142003107193071819305251750350178172
12006111407142003110033062217204501550295149146
12006111407142003110087068218804941740320161159
12006111407142004101968055413604181340284143141
12006111407142004103552072118905321790353183170
12006111407142004104411076521005551990356188168
12006111407142004104948071120605051760329169160
12006111407142004105910068118704941710323163160
12006111407152000101634067516905061580348000000
12006111407152002103543069618105151700345171174
12006111407152002103901068517405111650346169177
12006111407152002106403076419805661850381189192
12006111407152003105102074918805611920369182187
12006111407152003105815068916105281730355177178
12006111407152004100138068417605081700338169169
12006111407152004100240069817505231700353173180
12006111407152004100617074019405461880358181177
12006111407152004100657070418005241720352177175
12006111407152004101400067717705001680332168164
12006111407152004101666066716904981620336168168
12006111407152004102365072718905381790359182177
12006111407152004102428066900000000000000000169
12006111407152004103193068617205141730341171170
12006111407152004103550070717805291750354177177
12006111407152004104200069117305181630355174181
12006111407152004105692070817905291750354178176
12006111407152004106606000018400001790000174000
12006111407152004106627067016605041670337170167
12006111407152004106658067416905051700335167168
12006111407152004107168067017704931580335166169
12006111407162000101483070517505301700360178182
12006111407162000110229066317204911670324160164
12006111407162002100465065917504841620322163159
12006111407162002103163069717405231770346176170
12006111407162003103674068518205031660337172165
12006111407162003106335068017905011640337170167
12006111407162004101709070118605151690346174172
12006111407162004101911068917905101680342172170
12006111407162004101912069418105131720341172169
12006111407162004101965068717605111680343170173
12006111407162004102001069717905181780340169171
12006111407162004102088068617305131710342172170
12006111407162004104246067318104921660326163163
12006111407162004105509070718805191750344173171
12006111407162004105639068717305141710343173170
12006111407162004105839069017705131700343172171
12006111407162004106333065318004731630310156154
12006111407162004110113065218004721630309155154
12006111407172000104065068517105141690345171174
12006111407172002105730073118605451800365183182
12006111407172003101859064815804901550335166169
12006111407172003104953073219705351840351179172
12006111407172004101309070618105251730352178174
12006111407172004102028065615105051600345173172
12006111407172004103862073819605421780364181183
12006111407172004110238073919805411840357179178
12006111407182000110170071120405071850322173149
12006111407182001100915072119805231800343173170
12006111407182002100839071420405101850325169156
12006111407182004100279068918205071680339169170
12006111407182004101123067917605031640339169170
12006111407182004101560068917805111680343170173
12006111407182004101934068517505101680342169173
12006111407182004102834067017204981700328172156
12006111407182004103108068119704841690315158157
12006111407182004103198067719704801660314157157
12006111407182004103409070518205231830340170170
12006111407182004104286065916004991580341166175
12006111407182004110054066618804781660312156156
12006111407191999106730078521905662000366191175
12006111407192002100995058515804270000000000000
12006111407192002103857074220205401830357184173
12006111407192002110128076620205641960368192176
12006111407192003102053072618105451750370184186
12006111407192003102234073219205401830357188169
12006111407192003102281069418505091740335166169
12006111407192003103858066017604841600324162162
12006111407192003106133064416504791690310160150
12006111407192004102963066118804731690304158146
12006111407192004105528067417504991650334169165
12006111407192004106381066817204961670329164165
12006111407192004106490067817705011590342173169
12006111407192004110067065717004871570330161169
12006111407202002107238076420405601880372186186
12006111407202003100805069818205161700346172174
12006111407202003106685065415804961630333165168
12006111407202004101256069518005151720343170173
12006111407202004101261068918005091750334165169
12006111407212001103271074419205521810371185186
12006111407212002100772071818505331760357178179
12006111407212003102838065817204861600326163163
12006111407212004100356067116605051670338169169
12006111407212004102815067617704991640335169166
12006111407212004103466070618805181810337172165
12006111407212004106572071718405331760357177180
12006111407222003103853075820105571900367187180
12006111407222004100251073320305301820348177171
12006111407222004100892074120505361850351178173
12006111407222004102306071718205351830352182170
12006111407232001100109064116104801610319158161
12006111407232002103584064716604811600321161160
12006111407232004100739070317705261740352178174
12006111407232004110154070417805261740352177175
12006111407241999102072068117505061700336168168
12006111407242000100158068317905041690335167168
12006111407242001109380067617904971650332165167
12006111407242002106034068218304991680331168163
12006111407242004100252062515704681550313156157
12006111407242004101409068418405001690331170161
12006111407242004105636072519105341810353176177
12006111407242004107143068518405011690332170162
12006111407252000103576068618305031710332167165
12006111407252001101684070718505221770345178167
12006111407252001104794069917505241760348176172
12006111407252001110003067917005091680341168173
12006111407252002106778068317605071710336174162
12006111407252003104441065918404751610314157157
12006111407252003104797069116805231690354174180
12006111407252003106085066717604911640327163164
12006111407252004100665068118404971690328165163
12006111407252004102166066717404931620331167164
12006111407252004102577064416804761630313159154
12006111407252004103261071618805281770351176175
12006111407252004103522066416904951670328163165
12006111407252004103756068316305201620358178180
12006111407252004105765065818304751600315156159
12006111407252004106300067617205041600344173171
12006111407252004106739064916704821590323158165
12006111407252004110244068318205011690332169163
12006111407262002110231068518604991710328166162
12006111407262003102185066915205171520365176189
12006111407262003103121066417604881640324000000
12006111407262003104255069817405241680356172184
12006111407262004100094071018405261780348175173
12006111407262004100633066317004931600333164169
12006111407262004101651065317004831570326161165
12006111407262004103262070317605271680359174185
12006111407262004103456070617105351760359175184
12006111407262004103679069017305171650352177175
12006111407262004103899066316005031620341170171
12006111407262004104094065616204941640330165165
12006111407272001101248069420104931740319162157
12006111407272002100659068400000000000337166171
12006111407272002100783066617604901690321166155
12006111407272003106102067016705031640339170169
12006111407272003106106067017304971620335165170
12006111407272003110128000000005120000000000164
12006111407272004101200064316204811570324158166
12006111407272004101202067216905031740329167162
12006111407272004105039067417005041740330167163
12006111407272004105509077520305721860386187199
12006111407282000104663068718005071670340168172
12006111407282003101902073119805331810352179173
12006111407282004100188063516604691550314157157
12006111407282004102137074217705651860379191188
12006111407282004104075073218305491790370186184
12006111407282004104404064715704901620328164164
12006111407282004104658070117105301790351178173
12006111407282004105173065917804811580323161162
12006111407282004106658062816304651580307155152
12006111407292002103110000000004700000000000000
12006111407292004104134071618805281820346176170
12006111407302001106147070418305211760345178167
12006111407302002106896065016004901610329163166
12006111407302003101812060316104421540288148140
12006111407302003102618061115104601520308151157
12006111407302003104910067018204881670321163158
12006111407302004101505065515804971660331166165
12006111407302004101979072418105431740369181188
12006111407302004102216069917705221750347174173
12006111407302004102685070816905391750364180184
12006111407302004103187067616905071690338171167
12006111407302004104176067518304921690323164159
12006111407312000101497071317305401810359178181
12006111407312001103038071118405271750352175177
12006111407312003101938062716604611530308152156
12006111407312003102504063917304661610305153152
12006111407312004100474060714604610000000000158
12006111407312004101367073218905431880355184171
12006111407312004103345069717605211710350172178
12006111407312004103507067316205111650346171175
12006111407312004106714066016804921610331163168
12006111407312004110060066016504951590336164172
12006111407322000105277065018004700000000000156
12006111407322003101171067818904891710318160158
12006111407322003101781066217104911570334164170
12006111407322003107043065817004881640324163161
12006111407322004100197069019005001740326172154
12006111407322004100200069118505061750331172159
12006111407322004100942069519205031750328173155
12006111407322004102650067716505121590353171182
12006111407322004106467064215904831580325159166
12006111407322004110039067016205081610347175172
12006111407331999101279065516304921720320165155
12006111407332001102686064517504700000000000159
12006111407332002110128069517205231720351178173
12006111407332003104527071421904951790316162154
12006111407332004109291068416905151690346174172
12006111407342001103935071818305351770358176182
12006111407342003102234068717705101730337170167
12006111407342004100783066117504861650321161160
12006111407342004102884070717905281680360173187
12006111407342004104021061814804701580312152160
12006111407342004104436056414404201330287141146
12006111407342004105808064315904841680316155161
12006111407342004107279069617505211790342175167
12006111407352002106061071419105231710352176176
12006111407352004101015070218505171620355171184
12006111407362002106774064916004891550334161173
12006111407362002110001062917104581450313156157
12006111407362002110038072218105411830358180178
12006111407372000101585065417604781610317158159
12006111407372004104262064616604801580322160162
12006111407382003101075064016204781530325158167
12006111407382004101360060015204481400308146162
12006111407382004103413067916605131690344173171
12006111407382004107098068216805141730341173168
12006111407392002103361067017404961660330165165
12006111407392003102185072317905441790365171194
12006111407392003103022063516004751510324163161
12006111407392003107080065617604801640316158158
12006111407392004101738067018304871660321160161
12006111407392004103679068918605031700333168165
12006111407402001100778060715104560000000000000
12006111407402001104112065916504941580336164172
12006111407402002106614070719105161800336170166
12006111407402004100194068217805041690335168167
12006111407402004102261074218305591840375185190
12006111407402004104134063715404831590324163161
12006111407402004104189076821005581910367183184
12006111407412001107097062616504611500311156155
12006111407412003109318064716204851560329159170
12006111407412004102328070117605251730352173179
12006111407412004102943064415904851600325162163
12006111407412004104156067017005001650335165170
12006111407422001104648072519605291790350176174
12006111407422003100640067116905021650337170167
12006111407422003103935078520205831960387194193
12006111407422004100696071618905271790348172176
12006111407422004101764071717305441730371184187
12006111407422004102887071619005261770349174175
12006111407422004103329070218205201760344172172
12006111407422004103355069616905271660361175186
12006111407422004104544064315804851570328165163
12006111407422004106173066315905041650339169170
12006111407422004106870070818005281800348171177
12006111407422004106930069717205251700355181174
12006111407432002106785068315705261680358175183
12006111407432003102906072220805141820332168164
12006111407432003102910070118205190000000000173
12006111407432003105148072419305311860345177168
12006111407432004102341067618004961650331166165
12006111407432004102427065916504941620332162170
12006111407432004102467068116905121620350174176
12006111407432004103735068116805131620351175176
12006111407432004104174070617605301770353174179
12006111407432004104380065916504941620332163169
12006111407432004104723067618104951640331166165
12006111407432004104892066116304981740324162162
12006111407432004105164068015805221620360174186
12006111407432004110049064716404831550328158170
12006111407441999101676069117805131720341174167
12006111407442002107209000000000000000349173176
12006111407442003102466063216004721550317157160
12006111407442004102206074218705551920363181182
12006111407452003105071062217404480000000000154
12006111407452004104328062615904671520315154161
12006111407452004104810072219105311820349177172
12006111407452004106468065714705101540356170186
12006111407462001100508068317105121720340000000
12006111407462001101734065216504871600327164163
12006111407462001103038071618005361790357179178
12006111407462002101863068918305061720334169165
12006111407462002106619066517804871650322160162
12006111407462004101365070917705321810351178173
12006111407472000101497068716805191710348174174
12006111407472003100739070519205131740339172167
12006111407482000101548066500000000000345174171
12006111407482001100212069717805191730346170176
12006111407482004101346065817104871600327162165
12006111407482004105365065917104881600328162166
12006111407492000101585063716404731530320157163
12006111407492001101563062516304621500312156156
12006111407492002106061068317405091660343174169
12006111407492004102013068018104991720327163164
12006111407492004103377067017804921650327162165
12006111407492004104973068218304991710328164164
12006111407502002110038071118205291770352173179
12006111407502003107201071419305211750346170176
12006111407512000103344063416104731520321154167
12006111407512002103275070619005161780338174164
12006111407522001106157070817905291750354175179
12006111407522002101683075219805541900364182182
12006111407522003101993070717405331730360180180
12006111407522004110110070417505291700359177182
12006111407532002102294071919805211830338172166
12006111407532004100675065617304831640319158161
12006111407532004101787070417705271770350172178
12006111407532004103039069117605151740341176165
12006111407532004104545071017905311850346177169
12006111407532004105087069318205111630348171177
12006111407551998101683063516304721610311159152
12006111407561999101676071118105301760354178176
12006111407562003105086069818105171710346173173
12006111407572001102976095525107042340470240230
12006111407572002102126068117305081670341171170
12006111407581999106893073418205521870365185180
12006111407582000106609075219705551900365185180
12006111407582003102910067416705070000000000175
12006111407582004105164069316805251680357172185
12006111407592003100656072118505361830353179174
12006111407592003102403071718505321760356177179
12006111408001999104361000000000000000000000000
12006111408002000106605068417205121710341169172
12006111408002004100475071818005381860352171181
12006111408002004105003068918505041740330163167
12006111408002004106814068818505031730330164166
12006111408012001100511067516905061650341168173
12006111408022004101695074021105291770352179173
12006111408022004101749066116005011610340166174
12006111408022004103588073720705301810349174175
12006111408022004103752068116305181660352178174
12006111408022004103791069917705221720350174176
12006111408022004104433069517505201670353173180
12006111408022004105690068517205131740339176163
12006111408032003104923072719305341800354178176
12006111408032003107201068218005021680334164170
12006111408051999106769068018904911680323162161
12006111408052001105273067817805001710329165164
12006111408052001107654069317805151700345173172
12006111408062004109124066919804711640307150157
12006111408072002103220065116004911590332164168
12006111408072004103338070216405381750363186177
12006111408072004104645076820105671900377185192
12006111408082002100671067017104991650334166168
12006111408082002105262067918204971720325164161
12006111408082003103755065815505031560347167180
12006111408082004100276068718205051770328166162
12006111408082004105018068818605021650337167170
12006111408092001101696068317005131680345172173
12006111408092003110010069717405231760347178169
12006111408092004100510065817304851680317159158
12006111408092004101377066417404901620328162166
12006111408092004103746066417304911630328168160
12006111408111999106893067717305041660338171167
12006111408112004100017066717504921620330163167
12006111408112004103733074620705391890350178172
12006111408112004105020066416604981650333166167
12006111408112004110213072718805391830356185171
12006111408122000106609073019105391850354180174
12006111408142001104077070117805231710352175177
12006111408142004103179064617204741640310157153
12006111408142004106851065217204801680312158154
12006111408152003102335066115905021600342165177
12006111408232001110093073118505461810365182183
12006111408232004100730068117405071720335168167
12006111408262001104077068818405041650339166173
12006111408262003100643068918005091770332170162
12006111408262004103733069418705071830324161163
12006111408282001110197084720106462070439219220
12006111408322004100997069117505161690347175172
12006111408322004102065069918305161690347175172
12006111408332003103118072519705281890339177162
12006111408482003100913071517405411790362183179
12006111408482003106302067218204901660324162162
12006111408492002109032068217605061710335170165
12006111408492004100649068917805111620349168181
12006111408512004106701069417305211700351176175
12006111408522000103889072218905331770356178178
12006111408522003101815070119105101700340171169
12006111408522004101497077319705761950381195186
12006111408522004103628068416205221630359176183
12006111408522004103879070818305251770348177171
12006111408532003107101068117505061660340170170
12006111408542000102386061816604521490303152151
12006111408542000104743065917304861580328163165
12006111408542004100063071820605121780334163171
12006111408562001105156074119905421840358178180
12006111408562004107105069318205111790332166166
12006111408572001104395066717104961610335168167
12006111408572004101720069116905221750347172175
12006111408572004102139069318505081720336168168
12006111408572004103168067016905011620339171168
12006111408572004104692066516804971580339172167
12006111408582004104537060614604601530307155152
12006111408592003109263068317605071710336168168
12006111408592004103882068617305131710342173169
12006111408592004106760065916004991580341169172
12006111408592004106922069916205371760361181180
12006111409002002100604066617204941690325166159
12006111409002004104809068317405091710338170168
12006111409012003100913065517004851620323167156
12006111409022002107123063816004781540324158166
12006111409022004102174068216905131680345174171
12006111409022004106526071317205411790362182180
12006111409022004110036071717905381820356176180
12006111409022004110096071518005351820353175178
12006111409032004105084067819804801680312158154
12006111409042000104260059015204381360302149153
12006111409042001106642088623706492200429217212
12006111409052001105278069717305241640360171189
12006111409062001104037070317805251860339184155
12006111409072000104743064518204631640299153146
12006111409072002101842062015504651460319151168
12006111409072003107101065817204861710315159156
12006111409072003110258077822305551940361189172
12006111409082003102955062218404381550283145138
12006111409082004100410063016504651520313156157
12006111409082004105982065815405041560348172176
12006111409082004109161066118204791540325163162
12006111409092004100952065216404881610327162165
12006111409092004105967066317104921610331164167
12006111409092004105975065116204891620327161166
12006111409101998100265064216504771560321160161
12006111409102001104213068417805061680338169169
12006111409102004101354064816704811620319160159
12006111409102004101626066817504931660327166161
12006111409112000103014066217004921590333165168
12006111409112001104395060215904431520291143148
12006111409112004103168061716404531610292145147
12006111409112004105684067116805031650338166172
12006111409112004106157070818205261750351174177
12006111409112004106158068117105101690341165176
12006111409112004106160070616805381770361176185
12006111409122001109047000000005311850346177169
12006111409122003100048071818205361770359178181
12006111409122004100662062414804761530323161162
12006111409122004100683067317904941650329164165
12006111409122004101396067716705101700340170170
12006111409122004103238070818405241770347170177
12006111409122004106009067417904951650330164166
12006111409132001101705070917705321680364180184
12006111409132001106254069917905201690351175176
12006111409132003102395067317105021620340168172
12006111409132003104191072518205431810362182180
12006111409132004104668069417705171670350171179
12006111409132004105089071717905381790359176183
12006111409132004106570065715405031620341168173
12006111409132004107201068117005111650346170176
12006111409132004107220070817605321790353178175
12006111409142004110096071417705371770360179181
12006111409152002105674074620405421850357182175
12006111409152003100454063716304741560318157161
12006111409152004100203073320305301890341174167
12006111409152004100950070217805241710353172181
12006111409152004110037071520105141800334168166
12006111409162004104554068216305191630356173183
12006111409172004103872065718004771620315154161
12006111409172004105862066318204811610320156164
12006111409182001100385064616404821620320159161
12006111409182004101910066716804991600339167172
12006111409192003107285066816205061610345168177
12006111409192003110094066816904991620337165172
12006111409192004103330071018005301710359178181
12006111409202003103658069517605191730346169177
12006111409202004101765069915805411650376183193
12006111409211999106622072019405261780348175173
12006111409212001105278070818805201790341171170
12006111409212003102816067216405081730335165170
12006111409212004104992072019305271780349176173
12006111409212004105629070818505231750348172176
12006111409222001100723065917704821620320153167
12006111409222002106272085822206362080428212216
12006111409222003105798072618605401750365178187
12006111409222004102312070717205350000000000181
12006111409231999100510060516404411420299145154
12006111409232001110027072419105331810352179173
12006111409232002104388063016104691590310153157
12006111409232003110258071018805221800342172170
12006111409232004101172069718705101680342173169
12006111409232004104711069318905041710333165168
12006111409232004105037066416604981650333163170
12006111409242001103325074321205311840347178169
12006111409242004101076078020005802010379194185
12006111409242004101829063015704731530320161159
12006111409242004104113068917205171700347171176
12006111409242004106881064017404661590307155152
12006111409242004109272070617605301730357178179
12006111409252001104574000019200001680000164000
12006111409252003106601000000004751660309160149
12006111409252003106613072819005381780360180180
12006111409252004102862083423306012060395207188
12006111409262003102395069317705161670349174175
12006111409262003105611061813804800000000000168
12006111409262003106779061815304651550310155155
12006111409272000104131066416005041600344170174
12006111409272001101705067717705001640336165171
12006111409272002104384066217804841630321159162
12006111409272004102583069017005201680352172180
12006111409272004103930063415604781570321161160
12006111409272004103978077320205711950376190186
12006111409272004104856069117005211760345173172
12006111409272004105586066916705021630339167172
12006111409272004106405065316104921620330164166
12006111409272004107011069517305221770345174171
12006111409272004110227065316004931630330164166
12006111409282002105674069618605101670343171172
12006111409282004101083069417605181650353176177
12006111409282004101338070017805221630359169190
12006111409282004102097073019705331760357182175
12006111409282004104093065116304881620326159167
12006111409282004105022066917204971620335165170
12006111409282004110037071718305341790355177178
12006111409292000110215070618505211730348175173
12006111409292003100454066916505041670337169168
12006111409292003104191069017905111670344169175
12006111409292003106822000016200001560000164000
12006111409292004100644077421705571890368190178
12006111409292004101615072317205511780373190183
12006111409292004102127078322205611910370193177
12006111409292004103861072216705551790376190186
12006111409292004104429070118205191730346174172
12006111409302002101597067717305041690335167168
12006111409302002101705071618305331800353176177
12006111409302004105304071919405251800345174171
12006111409312001100385068017305071710336170166
12006111409312002103153069319105021760326169157
12006111409312003103862076721205551850370185185
12006111409312004100709067617505011700331163168
12006111409312004102283071617705391740365183182
12006111409312004103804067617305031700333165168
12006111409312004104154069317605171740343172171
12006111409312004106888067615905171720345171174
12006111409322004102523068317105121680344170174
12006111409322004102746064217904631560307154153
12006111409322004103754067517005051660339167172
12006111409332001103843065517704781600318158160
12006111409332004100186068018104991730326167159
12006111409332004100352068617905071670340168172
12006111409332004100362072018305371800357178179
12006111409332004101988067900000000000334164170
12006111409332004102120068618305031640339168171
12006111409332004102285067917605031660337167170
12006111409332004102982077220105711930378190188
12006111409332004103478070519705081760332168164
12006111409332004105821072118305381780360176184
12006111409332004106724068117905021670335167168
12006111409342003100244062717304541620292154138
12006111409351999103789063215204801540326159167
12006111409352000105531060615604501440306148158
12006111409352004100264064115904821590323162161
12006111409352004102333063615604801550325162163
12006111409362001103325071119805131780335170165
12006111409362003104959075419805561970359187172
12006111409362004101172059915804411490292149143
12006111409372003103442065820104571660291144147
12006111409372004100057071616805481730375182193
12006111409392002100405066716804991600339167172
12006111409392004100593071318705261760350174176
12006111409392004104076074520705381880350180170
12006111409392004105644072918605431790364180184
12006111409392004106141073018605441790365181184
12006111409392004106607071218605261760350174176
12006111409402003103364066615405121520360169191
12006111409402003106313068818505031750328174154
12006111409402004100416068218404981740324172152
12006111409402004102850068217605061650341172169
12006111409402004106884070218005221790343178165
12006111409412001100821067318104921610331164167
12006111409412002100816085427105832180365188177
12006111409412004110074061916404551590296149147
12006111409422001101743069019104991710328166162
12006111409422003102223070417505291780351176175
12006111409422004100644067718604911680323160163
12006111409422004100934067119604751690306155151
12006111409422004102127067918704921690323160163
12006111409422004105817066116105001560344169175
12006111409432002100093000000005511860365185180
12006111409432004100204070618005261750351173178
12006111409432004102012070617905271750352174178
12006111409432004104431078823505531860367182185
12006111409442003103042069417205221710351174177
12006111409452004101704066216304991630336169167
12006111409452004102277074017605641900374190184
12006111409452004103249070817805301790351177174
12006111409452004105610066216304991640335168167
12006111409462002110157000000000000000344000000
12006111409462004101207068518305021680334166168
12006111409462004102432065717504821580324159165
12006111409462004110255068518305021680334166168
12006111409471999101704067617305031670336170166
12006111409471999106703069819005081710337168169
12006111409472002100288074819005581850373186187
12006111409472002100724069419405001720328164164
12006111409472002104010069718405131770336167169
12006111409472003100084067317205011620339170169
12006111409472004101557065814805101520358168190
12006111409472004102745071116405471770370184186
12006111409472004102974070217005321710361180181
12006111409472004104078072817205561780378182196
12006111409472004105333066016804921590333166167
12006111409482001106447000019700001670000164000
12006111409482002106885068617305131710342170172
12006111409482003102040071719305241720352177175
12006111409482004100237080822805802050375196179
12006111409482004101793067016605041630341166175
12006111409482004102965069918405151730342170172
12006111409482004103407067019404761590317156161
12006111409482004103649068716105261740352178174
12006111409482004106087063917104681540314150164
12006111409492001100237064717104761620314154160
12006111409492004100348077619805781950383200183
12006111409492004105013077819805801960384198186
12006111409492004110114062816104671450322159163
12006111409502002100477000019200001690000160000
12006111409502004100885068617205141650349176173
12006111409502004102118073218505471800367182185
12006111409502004102508074518905561850371186185
12006111409502004103563068117105101630347171176
12006111409502004104530065516004951590336165171
12006111409512000102702064817004781660312158154
12006111409512001103317071218705251800345175170
12006111409512003102784070317605271750352174178
12006111409512003104394070118105201820338171167
12006111409512003110179068717905080000000000164
12006111409512004105034069717905181780340174166
12006111409522001100870063616904671590308157151
12006111409522003105676067917205071760331165166
12006111409522004100585067217304991580341166175
12006111409522004102162070718805191760343175168
12006111409522004102793072219605261850341171170
12006111409522004104713065917404851660319161158
12006111409522004105394065917504841650319162157
12006111409522004110210067717705001690331164167
12006111409532001104824074017605641840380190190
12006111409532003105005071318805251720353180173
12006111409532004104188058915904301340296142154
12006111409542001105617067417604981630335165170
12006111409542004102380072519705281830345175170
12006111409542004102382072519705281820346176170
12006111409542004106319066417404901630327166161
12006111409552003103513059317104221430279137142
12006111409552003104769065415504991610338166172
12006111409552003105304079222105711960375189186
12006111409552004102108076120505561830373187186
12006111409562002100615062015904611550306148158
12006111409562003110205061315704561520304153151
12006111409562004102698068617105151740341174167
12006111409562004102870062417604481620286145141
12006111409562004103163073419605381850353180173
12006111409571999105351069018105091720337170167
12006111409572001104249071618105351850350187163
12006111409572002100093072418905351730362185177
12006111409572004103778075218105711890382189193
12006111409572004104694067317305001640336168168
12006111409572004106737066515605091690340181159
12006111409582000107570065318404691600309156153
12006111409582002100613065016004901640326163163
12006111409582003103042069917705221740348173175
12006111409582003105858067617205040000000000174
12006111409582004103173067917505041610343168175
12006111409592000106436064516804771570320159161
12006111409592001103069061015704531580295146149
12006111409592002100877063816804701500320156164
12006111409592003110221064715704901570333169164
12006111409592004101869062315704661520314156158
12006111409592004102184072118305381810357178179
12006111409592004103462066117704841670317160157
12006111409592004105296071516105541800374189185
12006111409592004106636065616304931630330166164
12006111409592004107184072218305391810358178180
12006111410002001106095059614704491370312150162
12006111410002003100699062616704591500309153156
12006111410002004100738062916004691540315156159
12006111410002004101995063915804811560325162163
12006111410002004103323067017204981710327164163
12006111410002004110017062615304731480325153172
12006111410012003100425063300000000000000000000
12006111410012003102991067316805051700335171164
12006111410012004100237072919505341840350180170
12006111410012004102745069917005291760353176177
12006111410022001106447068219404881650323000000
12006111410032001103289065517404811560325156169
12006111410032001105506056414804161380278136142
12006111410032004103192068218205001670333161172
12006111410032004103295068218205001670333161172
12006111410032004104407068317005131680345172173
12006111410032004106931068316905141680346173173
12006111410042001102591066117004911620329167162
12006111410042002102444078719305941950399205194
12006111410042002102706063216504671580309153156
12006111410042003110023065015504951660329163166
12006111410051997103474086122306382110427217210
12006111410052003104443065717804791600319157162
12006111410062003102784068917605131730340171169
12006111410062003106605066716305041610343168175
12006111410062004105604064815204961630333166167
12006111410062004106761065115304981650333165168
12006111410072001103232066817604921670325163162
12006111410072002101922075619905571870370184186
12006111410072003101183065116504861570329162167
12006111410082001105617068718305041710333168165
12006111410082004102380068618405021690333164169
12006111410082004102382068718505021690333164169
12006111410092000101388067018404861710315160155
12006111410092000101470065417404801660314159155
12006111410092003105304070919105181750343171172
12006111410092004102108071519205231810342173169
12006111410092004107254068818605021680334161173
12006111410102002100922066217304891650324163161
12006111410102004107308074519905461910355183172
12006111410112002101840070618305231680355178177
12006111410112003102519066317304901580332165167
12006111410112003103857059615804381440294149145
12006111410112003105858066217604861640322000000
12006111410112004103173065817504831650318161157
12006111410112004110135068417905051660339168171
12006111410122002104693063316604671610306157149
12006111410122003100262064316604771560321158163
12006111410122003102836067518004951680327167160
12006111410122004102947000000004650000000000157
12006111410122004105000063715704801580322161161
12006111410132001102848063100000000000304152152
12006111410142004103006069318105121660346173173
12006111410152002100877067818004981630335165170
12006111410152002105980066517604891670322161161
12006111410152004103462070318805151810334168166
12006111410152004106636070018605141800334168166
12006111410161999105351065517204831630320159161
12006111410162002106549072318505381780360179181
12006111410162004101869077623405421960346174172
12006111410172002102859067818604921650327161166
12006111410172004103279066417404901700320159161
12006111410172004106905065117204791660313161152
12006111410172004110002066117704841700314159155
12006111410182003106503000020500000000000000000
12006111410202002107237067518804871720315163152
12006111410222004101356071317305401810359181178
12006111410222004103100071317405391800359182177
12006111410222004106610069917305261720354178176
12006111410232004102397073119005411820359183176
12006111410242001103898068717905081780330168162
12006111410242004106018066317404891640325162163
12006111410282004103075066918304861600326156170
12006111410292002102068071518105341750359179180
12006111410311998100440067517205031650338163175
12006111410312002103735071119105201710349174175
12006111410442002100496060815104571450312150162
12006111410452003102976070217905231770346176170
12006111410472002105495068919204971740323163160
12006111410492002103091065917904801640316162154
