12017080305002012103341053514603891360253125128
12017080305002013100704055216303891380251125126
12017080305002014104334053614503911350256128128
12017080305002014106101055316103921380254128126
12017080305002014106436063517004651580307153154
12017080305002014110104059516704281500278147131
12017080305002015103166053115203791290250122128
12017080305012008102251056716104061440262133129
12017080305012010103602065718504721660306158148
12017080305012011104056053615003861360250124126
12017080305012012103724050814103671220245119126
12017080305012013100675054614703991400259132127
12017080305012013101575054315303901380252128124
12017080305012013104671056916304061440262135127
12017080305012013105790057016504051440261136125
12017080305012013106101065918304761650311158153
12017080305012014102220053515503801330247120127
12017080305012014102682052813903891320257124133
12017080305012014103429056514704181450273136137
12017080305012014103781052514603791290250122128
12017080305012014104010056516004051450260135125
12017080305012014104456058315404291480281145136
12017080305012014104632059517204231610262139123
12017080305012014105350054215403881380250125125
12017080305012015100545053214203901360254128126
12017080305012015101587054615603901370253125128
12017080305012015102355056216204001410259132127
12017080305012015103368068818205061810325171154
12017080305012015104032055814704111460265132133
12017080305012015105008068619004961690327162165
12017080305012015105277053714003971330264127137
12017080305012015105502054714803991360263130133
12017080305012015105715054715603911350256127129
12017080305012015105913052914503841310253128125
12017080305022011103838053814903891390250129121
12017080305022011106377061717204451580287142145
12017080305022011110069060116104401450295150145
12017080305022012103486068618205041660338170168
12017080305022012105205055515304021370265134131
12017080305022012106047064818104671580309149160
12017080305022012110061061816704511570294151143
12017080305022013101145069118405071700337168169
12017080305022013101737060816504431470296146150
12017080305022013104595057615604201480272138134
12017080305022013104781066617704891650324167157
12017080305022014100513067217205001680332166166
12017080305022014110082061716604511520299153146
12017080305022015102846053115303781300248121127
12017080305022015103462054415603881330255123132
12017080305022015104939066818004881530335169166
12017080305022015106419069317405191740345174171
12017080305022015110046061916904501570293147146
12017080305032011104273073521905161910325170155
12017080305032011104344072721305141820332177155
12017080305032012104966075523005251990326169157
12017080305032013105727055515304021350267133134
12017080305032013110133054014203981380260133127
12017080305032014100635054614803981450253129124
12017080305032014105265065418404701660304152152
12017080305032014106013064817104771630314159155
12017080305032015100394072920305261850341167174
12017080305032015104773072620505211810340164176
12017080305032015104780068118704941770317160157
12017080305042012100608069919005091740335167168
12017080305042013103050075819805601880372191181
12017080305042014100781071519705181720346169177
12017080305042014102201068618704991740325163162
12017080305042014103261072518605391830356179177
12017080305042014105886077921505641940370189181
12017080305042014110110067819104871680319164155
12017080305042015100084070520205031760327162165
12017080305042015102652080723105762030373191182
12017080305042015104651078521705681990369188181
12017080305042015110054067318904841650319162157
12017080305052014105519069718605111700341174167
12017080305052014106259064617004761630313159154
12017080305052015102566073019605341810353172181
12017080305052015102814068716705201720348176172
12017080305052015102843075119105601810379189190
12017080305062011103858064617204741620312161151
12017080305062011110099055015603941420252128124
12017080305062013106015065918004791650314158156
12017080305062014102145054015003901440246127119
12017080305062014104862072619005361760360183177
12017080305062014105081068017605041700334169165
12017080305062015104124071318005331760357180177
12017080305062015104181072519105341750359183176
12017080305062015105049072719005371780359183176
12017080305072013104088050913703721230249120129
12017080305072014101977060315504481570291152139
12017080305072014102162063717904581580300151149
12017080305072014102388057015104191490270140130
12017080305072014104157056014904111430268137131
12017080305072014106092056214704151450270139131
12017080305072015103015066017404861620324162162
12017080305072015104448062817704511590292152140
12017080305072015104454068618505011700331177154
12017080305082012101533062815804701490321155166
12017080305082014103551063816304751580317163154
12017080305082014105538062515804671540313153160
12017080305082015103617065817304851670318159159
12017080305092013105631066518904761640312157155
12017080305092014101376067418804861710315157158
12017080305102012100406075420605481960352180172
12017080305102012100690071618905271700357179178
12017080305102012104376070519005151720343175168
12017080305102014101336075018805621850377188189
12017080305102014104110076120705541920362181181
12017080305112013101407059015304371490288147141
12017080305112013105645072819305351830352177175
12017080305122008102205053815103871340253123130
12017080305122012106358055716203951420253128125
12017080305122013100612062817204561570299151148
12017080305122014103820057016904011500251130121
12017080305122014105309058917404151570258134124
12017080305122015102764068719104961750321159162
12017080305122015102817068618804981710327166161
12017080305122015102818068918905001710329165164
12017080305122015103946070520005051810324171153
12017080305132012101421055117003811350246122124
12017080305132014104161058417204121500262137125
12017080305142014102979065817604821610321162159
12017080305142014106183056415304111410270134136
12017080305142015101314068619104951700325168157
12017080305142015103932070519005151720343175168
12017080305142015106130066616205041570347167180
12017080305152013104077072518905361810355179176
12017080305152014100116072819105371800357180177
12017080305162011104273059816404341600274145129
12017080305162011104344060216704351590276146130
12017080305162012104966059616304331600273145128
12017080305162014102156066917704921680324165159
12017080305162015104195071018705231780345171174
12017080305172014105886071119305181750343177166
12017080305172015105634072320105221810341175166
12017080305182008101384073820005381850353180173
12017080305182014101140057116604051490256133123
12017080305182014105833056716304041480256133123
12017080305192012103337072019905211760345170175
12017080305202012106003074019205481860362188174
12017080305202014104134066016704931620331167164
12017080305202014105165073419605381840354181173
12017080305202015102384071819205261790347177170
12017080305202015103640072919005391880351172179
12017080305202015105186074820005481890359179180
12017080305212012106262069319205011730328163165
12017080305212013100057076320805551940361183178
12017080305212014104747065017704731730300155145
12017080305212015102583067718204951690326165161
12017080305222011103348075219605561880368184184
12017080305222013101711066917904901650325165160
12017080305222013105865074320205411790362181181
12017080305222013106313077520105742000374196178
12017080305222015102870078121105702010369184185
12017080305232012100233072918605431820361182179
12017080305232012101248053615003861330253126127
12017080305232013103489067318604871720315162153
12017080305232015100748071518905261730353182171
12017080305242014110032063716304741610313161152
12017080305242015100180058416504191450274138136
12017080305242015105476069117605151720343178165
12017080305262012102701055215004021390263131132
12017080305262014104788054714304041380266134132
12017080305262015100195054814804001370263130133
12017080305272013100463062616304631540309154155
12017080305272014106368066718004871510336169167
12017080305272015101281063917204671610306155151
12017080305272015103308063917204671620305154151
12017080305272015106539068117205091720337175162
12017080305282012104672065317104821610321160161
12017080305282014103538064717104761660310157153
12017080305282014105442067416505091650344179165
12017080305282014106089066816405041690335169166
12017080305292014103800067316305101640346174172
12017080305322011101479071419005241790345180165
12017080305342010102569066116204991620337173164
12017080305352010100540066117104901690321161160
12017080305352012104551063516404711680303154149
12017080305362011104293066519304721630309157152
12017080305362011105107068418305011610340173167
12017080305372014105595056316204011440257134123
12017080305382013101442073419705371810356177179
12017080305392013102945065818404741680306154152
12017080305392015106427054914804011370264132132
12017080305402013101798055215104011370264132132
12017080305402013102480056714704201540266137129
12017080305402013104336056015704031410262133129
12017080305412011104831055616003961430253130123
12017080305412013104964054015003901310259126133
12017080305412014110106067817904991710328160168
12017080305442011103430056816204061420264128136
12017080305442015103228056115904021410261128133
12017080305452014100904063016604641580306156150
12017080305472014100558066116604951640331165166
12017080305472015101323074719305541850369186183
12017080305472015104307074319005531840369185184
12017080305482011105223065417304811630318157161
12017080305482013100554072520605191750344179165
12017080305502014100876072618305431820361185176
12017080305502015101599075119505561880368186182
12017080305502015105397074818805601910369185184
12017080305512012106005052214203801310249127122
12017080305512014105249056215904031370266131135
12017080305522012100636064118004611630298150148
12017080305522015103273059516004351560279143136
12017080305522015103981059415904351560279143136
12017080305542014100190065816504931660327166161
12017080305542015100258070517705281660362178184
12017080305542015102374067917505041610343168175
12017080305562011103704073719305441850359183176
12017080306002012105695076622605401920348184164
12017080306002014102293075417905751830392194198
12017080306002015103488068819804901760314157157
12017080306002015106117069020104891760313157156
12017080306022011105520070118605151790336166170
12017080306212012104926051714103761240252120132
12017080306212013105180055215303991430256132124
12017080306212014100875051814103771240253122131
12017080306212014102571053114103901450245124121
12017080306222013101803067218704851670318161157
12017080306222013103403059816204361440292144148
12017080306222014100077065816104971650332165167
12017080306222014105662054814903991410258131127
12017080306232014102684066716804991670332166166
12017080306242011101909054715503921410251131120
12017080306242013105901053615203841370247125122
12017080306242014102897053615203841380246123123
12017080306242014105959061116904421540288144144
12017080306252010100855052714203851280257125132
12017080306262010102884061216204501560294147147
12017080306272012100245072319805251780347175172
12017080306282015104938079920005991970402204198
12017080306282015106468078420305811970384195189
12017080306292012105832071918905301830347182165
12017080306312014105197053515903761340242120122
12017080306322012101515052914903801320248127121
12017080306322014104090064718904581650293150143
12017080306342015104469068417305111690342166176
12017080306362014103951069018805021760326165161
12017080306452012101154068618105051720333166167
12017080306452014105394066417304911680323165158
12017080306502014105058076022005401930347178169
12017080306502015102576074321405291870342175167
12017080306512015101453074919605531860367186181
12017080306532014104352071918805311820349180169
12017080306542014101338076322805351930342185157
12017080306542014104921075822505331910342182160
12017080306552012105609069916605331760357180177
12017080306552013103387069819005081760332168164
12017080306582012103663078719305941910403205198
12017080306582015105692068618804981720326161165
12017080307002014102804061816704511530298151147
12017080307032011103959051613203841250259128131
12017080307132013101828063615604801570323162161
12017080307132014105619071017805321750357181176
12017080307172014101947066218404781660312158154
12017080307172014104437065118104701690301157144
12017080307182009101274053213903931300263128135
12017080307182013104663077521605591890370189181
12017080307192014102910066017004901570333163170
12017080307192015101064053314103921280264129135
12017080307192015103139053214103911290262127135
12017080307192015109138068017705031710332167165
12017080307202015102454077520605691860383199184
12017080307202015103075080121305882040384195189
12017080307202015103696077620505711930378194184
12017080307222014106246068518005051670338167171
12017080307222015100952069017705131750338170168
12017080307222015102377069317805151720343166177
12017080307402011105806055515404011390262134128
12017080307412014105658052313803851350250125125
12017080307412015102662053414203921390253127126
12017080307422012103286070316905341750359183176
12017080307432013104051055514804071380269132137
12017080307432014102159074919005591790380192188
12017080307452010100517072820305251840341171170
12017080307462012101499068718105061680338169169
12017080307482014100695086121306482040444219225
12017080307482014101061079720905882040384194190
12017080307482014106159065416804861660320162158
12017080307482015104787065616904871670320162158
12017080307502013104743071718205351730362178184
12017080307512015101995055713904181410277141136
12017080307512015105135068316805151700345174171
12017080307532010100784080319606072020405207198
12017080307542014102179070716405431750368180188
12017080307582011100856068218304991740325166159
12017080308002014106025066417304911630328168160
12017080308002015102811070619005161730343169174
12017080308082015102751073518305521820370183187
12017080308222014106272087824706312250406208198
12017080308292014103520070517305321740358178180
12017080308362014101011077521205631930370186184
12017080308362015103261077220905632010362182180
