12010121606572006103984054615003961360260129131
12010121606572007105377056815504131450268136132
12010121606572008103233056515604091460263135128
12010121606582004102753053414703871380249125124
12010121606582006102130066816805001640336169167
12010121606582008100386059415404401540286150136
12010121606582008100445071720105161730343173170
12010121606582008106421056315404091510258136122
12010121606592004110096076719205751950380191189
12010121606592005101135055115104001410259128131
12010121606592005103381072519405311930338172166
12010121606592005104165053614103951350260129131
12010121606592006100557068517505101670343173170
12010121606592006101297054715103961420254128126
12010121606592006103292054715003971390258127131
12010121606592006103710077021605541900364183181
12010121606592006103886052314603771300247123124
12010121606592006104463052314203811340247127120
12010121606592006104975054315203911390252127125
12010121606592007101634055015403961400256127129
12010121606592007106231058615004361540282139143
12010121606592008100489068617705091700339169170
12010121606592008100868077921905601860374187187
12010121606592008101126068517905061680338168170
12010121606592008101670067118504861690317164153
12010121606592008101745066815705111710340173167
12010121606592008101810066918604831630320160160
12010121606592008102402072019605241760348175173
12010121606592008102561058215604261370289139150
12010121606592008102621066917204971590338171167
12010121606592008103226054315003931370256126130
12010121606592008103439071717805391800359178181
12010121606592008103852064416704771670310148162
12010121606592008104743056216204001450255129126
12010121606592008104749055916103981440254128126
12010121606592008105524053414203921390253127126
12010121606592008105527054514803971390258129129
12010121607002005102548053914503941340260131129
12010121607002006104339075318105721870385189196
12010121607002006105134066517004951600335169166
12010121607002007100567079421005841930391198193
12010121607002007101711067717405031730330168162
12010121607002007103142076620705590000000000184
12010121607002008100048073919205471800367184183
12010121607002008102205066817204961640332166166
12010121607002008105379070418805161800336170166
12010121607002008106411076720605611940367192175
12010121607002008110095068517905061720334169165
12010121607012006100700083421106232120411209202
12010121607012006101091000000006032060397198199
12010121607012006101154053914903901390251130121
12010121607012006103558071218205301890341167174
12010121607012006104888068316805151650350171179
12010121607012006105845086122406372170420210210
12010121607012007101578067817405041640340166174
12010121607012008100175093824106972280469235234
12010121607012008100687064917404751570318154164
12010121607012008103548083822606122090403200203
12010121607012008103748055415404001390261131130
12010121607012008104359083922206172090408210198
12010121607012008106466060415804461570289148141
12010121607022005101116052714703801250255125130
12010121607022005103851056014504151440271141130
12010121607022005105973000000005530000000000187
12010121607022006103084059016604241500274139135
12010121607022006103319067117604951620333160173
12010121607022007103007067117504961670329164165
12010121607022007103265075420405501860364182182
12010121607022007104510078121005711920379191188
12010121607022008100618074118905521860366187179
12010121607022008102651076221105511860365188177
12010121607022008103196070318605170000000000171
12010121607022008103217073718105561860370188182
12010121607022008104034068817605121700342168174
12010121607022008104840076320605571870370184186
12010121607022008105822055614904071390268136132
12010121607022008105921071018305270000000000000
12010121607022008110041076219305691920377197180
12010121607032004102742067118704841660318160158
12010121607032004103182064118104601640296153143
12010121607032006101416072619505311760355176179
12010121607032006102988075920805511870364185179
12010121607032006103414069719505021740328167161
12010121607032006104819070118905121740338171167
12010121607032007105064072619405321770355174181
12010121607032007105934066417604881640324163161
12010121607032007106439060416704371520285144141
12010121607032008101273076821705511890362188174
12010121607032008101627067018804821650317156161
12010121607032008102644075120505461850361181180
12010121607032008102736067317305001700330164166
12010121607032008103189067217504971680329165164
12010121607032008104825069818105171740343172171
12010121607032008105566066017804821630319162157
12010121607032008106201067218904831660317157160
12010121607042004103725068316605171660351172179
12010121607042005101648071018205281740354175179
12010121607042008101443072418305411830358180178
12010121607042008101984076720005671910376191185
12010121607052004100044051913703820000000000131
12010121607052005102174067917005091700339173166
12010121607052006103182000018100001670000164000
12010121607052006110032065816504931640329165164
12010121607052007103374072219505271800347177170
12010121607052007106385065416504891610328175153
12010121607052008100630069218005121740338172166
12010121607052008100753067317105021670335169166
12010121607052008104890056614804181410277139138
12010121607052008105609075921305462000346184162
12010121607062006103225078020105791870392192200
12010121607062007100899054614404021420260134126
12010121607062007103320070819405141720342171171
12010121607062007106175056215704051420263139124
12010121607062007106571053214403881260262131131
12010121607062008102838054115003911350256126130
12010121607062008103298054415203920000000000129
12010121607062008105931068318504981760322175147
12010121607062008106208066017104891670322165157
12010121607062008110123069718905081700338171167
12010121607072008100013071719005271760351175176
12010121607072008100331057915304261470279142137
12010121607072008101720000000000001660000000000
12010121607072008101980060218104211460275142133
12010121607072008102370056900000000000000000128
12010121607072008103235064017504651560309155154
12010121607072008103844055915604031360267129138
12010121607072008104581070617805281760352174178
12010121607072008104603056015604041360268129139
12010121607072008105744064817404741590315156159
12010121607082004103648078620705791880391198193
12010121607082005101164069017705131650348173175
12010121607082005106604074818105671800387191196
12010121607082006106582059514404511370314144170
12010121607082007102448068618505011640337163174
12010121607082007103594078121205691900379189190
12010121607082008100094074718605611850376188188
12010121607082008100239071319505181740344168176
12010121607082008101504080821305951850410206204
12010121607082008101564057715004271450282142140
12010121607082008101638063816804701530317157160
12010121607082008101788075819605621890373188185
12010121607082008102093052113503861280258126132
12010121607082008103231069318105121690343171172
12010121607082008105976073319705361830353180173
12010121607092005102373060315804451510294151143
12010121607092005106274067517804971660331172159
12010121607092005110087071619005261670359182177
12010121607092006100032080722605811980383193190
12010121607092006101071055600000000000000000000
12010121607092006101207066617004961640332162170
12010121607092006104420068200000000000000000165
12010121607092007102736074619005561820374191183
12010121607092007102985054514404010000000000133
12010121607092007105955055615903971400257128129
12010121607092008100549066617804881630325165160
12010121607092008100604067817005081650343172171
12010121607092008102061069617905171640353176177
12010121607092008102798054715803891350254125129
12010121607092008103242067616805081650343172171
12010121607092008103456067117604951710324170154
12010121607092008105214058715504321410291146145
12010121607092008105270056515404111460265135130
12010121607092008106025069817705211740347173174
12010121607092008106180067616805081660342180162
12010121607092008106487056515304121550257134123
12010121607102006100977069818305151650350171179
12010121607102006101618052614103851300255125130
12010121607102006102202068617505111680343172171
12010121607102006104833072218905331730360179181
12010121607102007103165068218704951680327165162
12010121607102008100733070117205291810348176172
12010121607102008101359064217904631510312158154
12010121607102008104441058513904461430303153150
12010121607102008104880070818905191730346173173
12010121607102008105746076521305521940358178180
12010121607112004102812070617905271700357179178
12010121607112007109232072920505241770347176171
12010121607112008100445067519804771680309163146
12010121607112008104742072017905411780363184179
12010121607122006102237063716204751570318158160
12010121607122006104918069218205101720338168170
12010121607122008103079075620305531890364186178
12010121607122008103889071719505221790343176167
12010121607122008104423071619605201770343177166
12010121607132006102264054614903971380259129130
12010121607132007102797061516404511510300000000
12010121607132007102810000017600000000000000000
12010121607132008100299061316404491560293148145
12010121607132008102919072917205571770380187193
12010121607142006103023081821806002060394207187
12010121607142007100565054915003991390260130130
12010121607142008102734069318505081640344169175
12010121607142008103794082322805952010394201193
12010121607142008105763073619005461880358180178
12010121607152006100106064915604931510342166176
12010121607152008103019074817705711810390196194
12010121607152008105001070818005281770351176175
12010121607162004102495056214404181370281137144
12010121607162004102850079721605811980383194189
12010121607162006103616060615004561550301155146
12010121607162008102243068017205081740334166168
12010121607172007102571066917304961640332165167
12010121607172007102663056315704061390267136131
12010121607172008101592071820105171780339170169
12010121607172008101984068317405091720337174163
12010121607172008105874056715804091410268135133
12010121607182004105013061918504341480286145141
12010121607182005100193055914604131380275137138
12010121607182005105996070816505431750368191177
12010121607182008101545065219204601730287144143
12010121607182008102582073018705431740369180189
12010121607182008103033082222505972120385204181
12010121607192007101740074118705541880366184182
12010121607192007103477070018205181700348174174
12010121607192007110004054514703981360262133129
12010121607192008105960072519605291760353180173
12010121607202008100961057315204211460275143132
12010121607202008105422080620905971970400202198
12010121607212006101032054615703891350254127127
12010121607212008100160082522705982020396202194
12010121607212008100724071417505391750364181183
12010121607212008102844073018505451850360183177
12010121607212008104043070817605321750357181176
12010121607212008104713073518605491840365186179
12010121607212008110006000000000000000000165000
12010121607222008101511069018805021710331164167
12010121607222008105813067916605131600353172181
12010121607232004101876054814404041360268130138
12010121607232008101722000000000000000000000131
12010121607232008105279053314303901340256125131
12010121607232008105746066617304931660327160167
12010121607242006104348069521104841670317000000
12010121607242008100477078720905781950383196187
12010121607252005100165071118205291760353183170
12010121607252007102033074318905541760378190188
12010121607262005106614073821605221870335173162
12010121607262007104489054400000000000264133131
12010121607272005103112064616504811540327160167
12010121607272006100266067516605091630346169177
12010121607272007102359063515404811560325162163
12010121607272007106288067016405061620344173171
12010121607272008106677067716005171590358174184
12010121607282008100015057215504171410276135141
12010121607282008102767065816604921650327165162
12010121607282008102997067918404951690326166160
12010121607282008103794077622005561870369185184
12010121607282008105930057115404171400277135142
12010121607292008101237075219005621820380189191
12010121607302007102684000000000000000000000000
12010121607302007104742061916404550000000000153
12010121607312004101367054814504031360267130137
12010121607312006104729054414603981350263130133
12010121607312007103305000000000000000000000000
12010121607312008100709075119905521870365183182
12010121607312008105997077421805561880368184184
12010121607322006100504069719105061680338169169
12010121607332007109095058317004131460267137130
12010121607332008102200059616404321520280144136
12010121607332008105774059917804211580263136127
12010121607342008102019071219305191740345174171
12010121607342008103212060017204281660262131131
12010121607342008106555072219205301810349175174
12010121607352007104245073719705401830357180177
12010121607352008101151065116404871620325162163
12010121607352008101879065416304911630328163165
12010121607352008102897074517905661900376189187
12010121607362005103291069618905071660341173168
12010121607362008106150076919805711850386192194
12010121607372007105646093726606712250446231215
12010121607372007106369068217005121620350176174
12010121607372008104080069318705061740332165167
12010121607382006105164071118805231710352178174
12010121607402004104254074819505531830370187183
12010121607402008100914071717905381690369179190
12010121607402008100994081621606002020398206192
12010121607402008101190069018005101680342171171
12010121607402008102728071518605291750354178176
12010121607412004101978063416704671580309158151
12010121607412007105642078220105811870394200194
12010121607412008104732073319505381850353176177
12010121607422004100543054814804001360264127137
12010121607422006102776063016804621570305151154
12010121607422007103169066416804961620334168166
12010121607422008100398055115004011360265128137
12010121607422008105993064716204851600325157168
12010121607432008102322067718304941650329163166
12010121607432008103259067517205031670336170166
12010121607432008103386071618205341780356177179
12010121607442005102730072118505361730363178185
12010121607442005110119053615003861310255125130
12010121607442007102794066617704891620327165162
12010121607442008100943055414804061420264133131
12010121607442008104142056715004171470270138132
12010121607442008105758054314603971380259133126
12010121607452005110214068217205101640346172174
12010121607452008105123069818705111650346171175
12010121607452008110126068417405101620348172176
12010121607462008105742056414704171420275142133
12010121607472008102148067517305021650337166171
12010121607482007104621073018105491690380186194
12010121607482008101763070418105231740349171178
12010121607482008101951068519904861790307163144
12010121607482008105913070318105221730349171178
12010121607492004100467070418905151730342174168
12010121607502008100956077718805891900399198201
12010121607502008102707075219005621870375191184
12010121607512006110017067217604961600336165171
12010121607512007100727072620205241800344176168
12010121607512008103555066417204921660326163163
12010121607512008104752067717605011620339169170
12010121607522008103047068318504981690329168161
12010121607522008103542080921205971970400199201
12010121607522008105099080321005931960397198199
12010121607522008105190079420105931970396199197
12010121607522008110099073919205471800367180187
12010121607532002101711073820205361790357183174
12010121607532004101775067517005051680337169168
12010121607532008103552068917905101680342169173
12010121607532008105634070218805141730341172169
12010121607542007102955068919204971690328167161
12010121607542008100864075921605431890354184170
12010121607542008110093069419205021680334173161
12010121607552007105863069218505071680339170169
12010121607552008101154066216904931650328169159
12010121607552008101756080221505871820405198207
12010121607552008103813065617004861600326164162
12010121607552008104250079120305882000388194194
12010121607552008105662079120305881990389195194
12010121607552008106504079020205881990389195194
12010121607582006102976065316904841670317160157
12010121607582006106576078920505842010383201182
12010121607592008104597070620205041690335166169
12010121607592008106573067316805051660339164175
12010121608002008101715067617704991680331166165
12010121608012005105196068718305041710333166167
12010121608012006100349055015103991440255131124
12010121608012008104159056915704121420270131139
12010121608012008104655056515604091410268131137
12010121608012008105883071317405391770362179183
12010121608012008106003065515604991640335168167
12010121608022004100467067017404961670329165164
12010121608022005105600070918205271810346175171
12010121608202006101876055214104111340277134143
12010121608202007101437052213903831310252124128
12010121608212007104802069617005261640362177185
12010121608222008103065059215604361490287143144
12010121608232008100654053514003951330262128134
12010121608232008101507056416004041440260127133
12010121608232008101892072818205461800366184182
12010121608252007105671066719104761580318159159
12010121608252008103667054514504001350265133132
12010121608282005100139055814704111430268135133
12010121608282008100142056414704171510266138128
12010121608312006100111060215504471500297150147
12010121608352007104302071618405321760356179177
12010121608372002106778068718305041670337171166
12010121608392004105676087422906452150430216214
12010121608442007102890074120205391860353178175
12010121608452007103882056516803971370260128132
12010121608492006105210071817805401780362183179
12010121608502007103258053314103920000000000126
12010121608512008101048071617905371670370187183
12010121608522006101240055814404141390275135140
12010121608522007102183071117705341750359178181
12010121608522008101082072518305421770365184181
12010121608522008106276070418205221610361179182
12010121608532008106124071718305341770357178179
12010121608542007105681073820605321950337176161
12010121608552008105926068117405071720335169166
12010121608552008109211069318705061710335169166
12010121608572008101615068416805161750341173168
12010121608572008102560069717505221730349173176
12010121608572008105929070117205291770352177175
12010121608582006104932070918305261750351177174
12010121608582008101253072117705441750369183186
12010121608592008101251073019705331810352178174
12010121609002004104528056200000000000271134137
12010121609022005106388081822505932060387199188
12010121609042004102855066718604811720309160149
12010121609042005100291068219604861710315163152
12010121609042005102294064016104790000000000162
12010121609042006104368056715504121380274137137
12010121609042007103343067419004841730311161150
12010121609042008101671069718605111700341169172
12010121609052007104604072018505351800355182173
12010121609052008100880071918305361810355182173
12010121609062004105766075720905481900358181177
12010121609072004100194068618605001610339170169
12010121609102008103420068320204811670314156158
12010121609112007104877069816905291630366184182
12010121609112007106323068817705111650346171175
12010121609122005100937068618105051660339173166
12010121609122007109141072921705121690343172171
12010121609122008110122076621005561930363185178
12010121609132003100996054014803921360256129127
12010121609132008101908071719305241770347177170
12010121609132008104426070117305281750353176177
12010121609132008106223072319805251760349179170
12010121609132008106392072119705241770347179168
12010121609132008106622068017505051700335170165
12010121609142005106388065317504781570321155166
12010121609142006100013078520205831930390193197
12010121609142007103404075918705721910381189192
12010121609142008102870071518705281770351178173
12010121609142008104820072317805451760369187182
12010121609142008106438074118005611850376190186
12010121609152007102058066116904921600332162170
12010121609162007103855073417305611780383188195
12010121609192008101872056515704081440264132132
12010121609192008104869068017905011670334168166
12010121609192008105647067717505021670335171164
12010121609202005110211067217504971610336168168
12010121609202008101271070918505241750349176173
12010121609202008101550062216404581530305154151
12010121609202008104427069018105091720337167170
12010121609202008110080070718305241750349176173
12010121609212004102878076220805541930361183178
12010121609212005101133068817505131740339171168
12010121609212007103049075821005481900358180178
12010121609212007104981077320805651860379191188
12010121609212008100484055714704101410269000000
12010121609212008101060071718705301820348178170
12010121609212008101796055814704111410270137133
12010121609222004109253068619304931650328163165
12010121609222006103168075519205631770386188198
12010121609222007101704067116405071770330166164
12010121609222008101945057315704161490267138129
12010121609222008102564070118905121730339168171
12010121609222008104031064815204961570339169170
12010121609222008105641072520805171750342169173
12010121609232004100739074818205661920374191183
12010121609232005102879058900000000000000000147
12010121609232006102684066217604861650321163158
12010121609232006105846000018600000000000000000
12010121609232007102676081519206231960427216211
12010121609232008100170083721506220000000000203
12010121609232008101017090723206752230452225227
12010121609232008105096073417805561770379197182
12010121609232008105241075019305571860371186185
12010121609242005100937067518604891750314165149
12010121609242005104937069618005161690347168179
12010121609242006106016072919105381840354179175
12010121609242008100105063918004591600299149150
12010121609242008101263072619205341760358173185
12010121609402008101436064016704731570316158158
12010121609402008104040055615404021440258135123
12010121609402008105584055314704061430263134129
12010121609412002102876072219605261820344174170
12010121609412005102470000020300000000000000000
12010121609412005106166076721205551910364183181
12010121609412006101650084422506192060413204209
12010121609412006103168051513403811230258124134
12010121609412006103241075220405481880360188172
12010121609412007102435055714404131400273139134
12010121609412007103117077922105581920366185181
12010121609412008101505058013904411360305148157
12010121609412008104015000000004131340279138141
12010121609412008104788066517704881650323165158
12010121609412008105700055714404131400273139134
12010121609412008105703083422906052060399205194
12010121609422003110087070418605181700348168180
12010121609422004101365070318405191690350171179
12010121609422004102878072019605241750349176173
12010121609422004104094065917504841590325164161
12010121609422006104736072419105331770356180176
12010121609422007100208074918505641890375192183
12010121609422007101593051713703801290251124127
12010121609422007103010076120605550000000000179
12010121609422007103937064816104871620325167158
12010121609422008101041054414404001380262131131
12010121609422008105520053614003961350261129132
12010121609432005104817060215904431540289146143
12010121609432005109202071721105061750331172159
12010121609432006105771068217405081650343172171
12010121609432007102807067817405040000000000000
12010121609432008101741066517104941650329164165
12010121609432008101753070018605141660348178170
12010121609432008102613053813704011320269133136
12010121609432008104098055313804151350280140140
12010121609432008105552053913904001310269133136
12010121609432008105714070518905161770339167172
12010121609432008106697055313604171370280140140
12010121609442006104318071517505401780362179183
12010121609442006105230087926706122140398209189
12010121609442007106172069417505191680351175176
12010121609442008105600068616905171700347171176
12010121609452005102165080421905851950390199191
12010121609452005110107053114003911280263128135
12010121609452006103177074019805421840358181177
12010121609452006105511063516304721610311159152
12010121609452008104904065616504911630328163165
12010121609452008105699094024706932360457230227
12010121609452008105792067617804981600338174164
12010121609462005100696063116604651450320163157
12010121609462005102337068718305041700334171163
12010121609462005103162053815103871410246126120
12010121609462006101331057215804141460268138130
12010121609462006105480062719004371510286145141
12010121609462008102217074419305511800371185186
12010121609462008104429057115004211360285138147
12010121609462008105113056915004191360283137146
12010121609472007102177066016005001500350000000
12010121609472008103666077321405591890370188182
12010121609482008100639080022905712090362185177
12010121609482008101969073619605401830357180177
12010121609492006103219068520204831670316160156
12010121609492007104749080021405862010385195190
12010121609502005102095052314603771250252124128
12010121609502005102653064817304751620313159154
12010121609502008100541065015005001590341166175
12010121609502008106716068216805141700344169175
12010121609512008100629066315505081630345170175
12010121609512008101712071118105301760354178176
12010121609512008102690065316504881620326165161
12010121609512008103256065517304821640318160158
12010121609522007101557068818405041710333168165
12010121609522008101637074719505521800372186186
12010121609522008106523082521006151980417208209
12010121609532005106266068817305151710344176168
12010121609532008100715062115804631520311155156
12010121609532008101088084822006282090419209210
12010121609532008103305063716304741560318158160
12010121609532008104619072419305311790352178174
12010121609532008104628069817905191700349176173
12010121609542006105711060015004501470303146157
12010121609552006102342068719104961690327161166
12010121609552007110012067117404971660331000000
12010121609552008101632066317604871610326162164
12010121609562006110135057714604311400291142149
12010121609562008101380068617105151660349172177
12010121609572007101730065316804851610324163161
12010121609572008101581070819305151780337167170
12010121609572008101633068717605111750336174162
12010121609572008102743066917304961660330167163
12010121609572008102804067717205051700335170165
12010121609572008102952065817304851640321162159
12010121609582006102768071819305251800345175170
12010121609582008102953072318405391830356177179
12010121609582008104904064816304851580327162165
12010121609582008105025074219505471830364187177
12010121609592004102943076419505691900379194185
12010121610002002107238059615304431450298148150
12010121610012005102966074718505621830379193186
12010121610012008104312072518005451790366189177
12010121610022008102025069816605320000000000189
12010121610032007100208068917405151720343173170
12010121610042006101507072420405201800340175165
12010121610062008101350066317004931600333164169
12010121610082004110044064217004721580314155159
12010121610082007103839055814204161440272140132
12010121610082007103853068020004801700310159151
12010121610082008103201065616404921590333164169
12010121610102007103164068816505231710352178174
12010121610102008100150067519304821780304154150
12010121610102008102625070218605161730343179164
12010121610112008100896076819605721870385196189
12010121610112008101631076819505731880385197188
12010121610132005103240111031807922890503264239
12010121610132008110078075018805621870375187188
12010121610162004106983057215504171430274148126
12010121610162005101222057314404291540275144131
12010121610172008102167069617305231700353172181
12010121610202007102152072018005401750365179186
12010121610212006105732075220605461830363185178
12010121610212007106724076920305661890377191186
12010121610222008103854072020205181770341171170
12010121610232006100708053100000000000257128129
12010121610242007101866055815304051430262132130
12010121610242008106004055415204021440258131127
12010121610252005106372065416804861630323163160
12010121610252007100206067418704871670320160160
12010121610262008101746054714604011380263133130
12010121610262008105880056714704201370283135148
12010121610322005101363068517505101710339175164
12010121610322007100050059115704341450289144145
12010121610322008103492061316104521530299152147
12010121610372007104692073319805351830352178174
12010121610372008103095070719505121730339170169
