12003072904591996107429080020705932040389196193
12003072904591997103670070418805161730343174169
12003072904592000100297073918505541870367181186
12003072904592000101453068517905061740332168164
12003072904592000102674077520205731970376190186
12003072904592000104217068716605211660355176179
12003072904592000107185067019004801690311160151
12003072904592001100279072119205291760353177176
12003072905001998102844072318705361730363181182
12003072905002000101285073017505551740381188193
12003072905002000103434072417905451760369190179
12003072905002000104983069017705131620351171180
12003072905002000105539072018305371820355181174
12003072905002001102115072118305381670371176195
12003072905002001109046069918005191710348174174
12003072905011997104226076719905681900378183195
12003072905011998105844068117405071760331174157
12003072905011999110009064615904871540333167166
12003072905012000101558065619204641610303150153
12003072905012000101666068717105161770339177162
12003072905012000103592075219405581900368182186
12003072905012000104144076819505731820391194197
12003072905012000104336091224306692310438229209
12003072905012000107498068116805131620351174177
12003072905012001100744075520105541860368184184
12003072905012001102320070418305211670354177177
12003072905012001104438073619005461870359180179
12003072905012001106965075719805591890370188182
12003072905012001109044095925607032390464239225
12003072905021998101349086122206392190420212208
12003072905021998101799075919505641980366190176
12003072905021999200007071416805461740372181191
12003072905022000107649074319205511810370186184
12003072905022001105212077819605821900392193199
12003072905022001106159076018205781820396196200
12003072905031994107442076019005701850385195190
12003072905031995109087071118305281780350175175
12003072905031998101791072018905311790352178174
12003072905031998103089085124706042010403196207
12003072905031998110199069216905231740349176173
12003072905031999102238082823505932040389197192
12003072905031999106801063317804551550300154146
12003072905032000104896075919405651870378192186
12003072905032000106004076420205621850377000000
12003072905032000106198081519506202000420211209
12003072905032001100177071016705431740369186183
12003072905032001106161071116805431740369186183
12003072905041999101270069418805061700336168168
12003072905042000106111081122805831980385193192
12003072905042000109458070817605321780354180174
12003072905042000110198080621005962020394200194
12003072905042001103385066719104761610315158157
12003072905051999100938071817605421780364178186
12003072905052000103788072318905341780356176180
12003072905052000106156065317604771620315156159
12003072905052000110278072419805261770349175174
12003072905052001100363071820005181770341172169
12003072905052001101865069118905021690333167166
12003072905052001104561069118805031690334167167
12003072905052001104734070117305281710357176181
12003072905052001106826072718305441800364181183
12003072905061997110025075118905621860376187189
12003072905061999106975075119105601810379185194
12003072905062000101334076200000000000374191183
12003072905062001103812079320105921930399193206
12003072905062001105318080721305941940400195205
12003072905082000102788069317205211740347178169
12003072905082000110087069117405171730344175169
12003072905082000110215069700000000000352178174
12003072905082001110115068816605221660356172184
12003072905082001110116069217205201720348169179
12003072905091998105769070000000000000349177172
12003072905092000100563063315104821440338159179
12003072905092000105185071318605271790348177171
12003072905092001102289073818005581810377186191
12003072905092001104178074818705611830378188190
12003072905092001104306071218505271790348176172
12003072905092001106381073219305391830356178178
12003072905111999103463068217305091660343171172
12003072905112000103930065616804881630325163162
12003072905112000106032066117104901670323165158
12003072905112001100661071119505161700346171175
12003072905121998100684072819005381810357178179
12003072905121998110065073518805471800367184183
12003072905121999107573073019605341730361178183
12003072905122000100035094626106852360449239210
12003072905122000101274070818905191800339172167
12003072905122000101814069717305241870337174163
12003072905122000101828069518905061740332170162
12003072905122000104666072922205071830324164160
12003072905122000107695071918205371720365183182
12003072905122000200024073218105511810370186184
12003072905122001101246074800000000000371190181
12003072905122001101507077219705751950380196184
12003072905122001103601074818505631920371189182
12003072905122001105391076519005751950380196184
12003072905122001106197078221705651920373188185
12003072905131996107429069718705101740336169167
12003072905131999106970074120005411870354178176
12003072905132000101326065717004871620325165160
12003072905132000101569073319805351840351180171
12003072905132000103795068917905101630347169178
12003072905132000104983067516305121680344167177
12003072905132000105542070918405251750350178172
12003072905132001103344075019905511860365183182
12003072905132001106703066015805021650337173164
12003072905141997103670068516705181710347175172
12003072905141999100991068919604931670326158168
12003072905141999103354075420205521850367183184
12003072905141999103363065615105051670338167171
12003072905142000102674071417905351840351178173
12003072905142000103586068319804851650320157163
12003072905142000104279069315605371690368193175
12003072905142000105539066715805091640345179166
12003072905142001101125072218205401810359177182
12003072905142001101690071417505391740365183182
12003072905142001104630074719805491870362186176
12003072905142001105490074719805491870362187175
12003072905142001105861072618205441760368186182
12003072905142001106520069217405181800338172166
12003072905142001106646073718905481840364185179
12003072905142001106883072517405511870364185179
12003072905142001106904074119305481840364184180
12003072905142001107446072618205441760368187181
12003072905142001109046069117805131730340175165
12003072905151998102844075019005601860374191183
12003072905151999100607071618905271760351178173
12003072905152000107498070417905251680357177180
12003072905152001100744071918105381770361179182
12003072905152001102320071218505271710356177179
12003072905152001106298080821405941980396205191
12003072905152001106965072218305391760363180183
12003072905161998101349072219005321830349180169
12003072905161998104636073719305440000000000183
12003072905161999101578066818504831650318163155
12003072905161999110297070818205261700356182174
12003072905162000104336081421505992060393204189
12003072905162000105391077020905611870374194180
12003072905162000110148063816004781600318160158
12003072905162000110275066718504821650317165152
12003072905162001100237068517905061720334171163
12003072905162001103263068015305271630364183181
12003072905162001103593068517905061720334171163
12003072905162001104438071518805271800347175172
12003072905162001106938073819005481830365186179
12003072905162001109044087022806422160426212214
12003072905171995109087068516705181710347181166
12003072905171998100304073620005361810355180175
12003072905171998101791068118204991750324167157
12003072905171998110199064715604911600331162169
12003072905171999110290070518805171710346174172
12003072905172000102676081220706051980407202205
12003072905172000104448071219805141770337168169
12003072905172000106156059900000000000305150155
12003072905172000106198080520805972000397206191
12003072905172000110130075820305551920363186177
12003072905172001100835077820205761930383195188
12003072905172001107666076320605571880369184185
12003072905181999101774073100000000000375184191
12003072905181999104215082222305992000399203196
12003072905182000106004075519705581860372185187
12003072905182000110079069518305121680344174170
12003072905182001100177069716705301710359178181
12003072905182001106159073618205541800374189185
12003072905182001106161069816805301710359178181
12003072905191994107442073417905551800375190185
12003072905192000101847068600000000000336166170
12003072905192000106111063116304681530315149166
12003072905192000110278066917404951650330165165
12003072905192001101711071018005301750355178177
12003072905192001102149069517105241710353177176
12003072905202000101846069017605141710343172171
12003072905202000110087065616304931630330164166
12003072905202001105366072918105481830365182183
12003072905202001105369076418005841890395198197
12003072905212000104896072617805481720376184192
12003072905212000105185070218205201760344174170
12003072905212001101533071617805381710367180187
12003072905212001104306070118005211770344174170
12003072905212001105212076719905681820386194192
12003072905221997110025070618205241710353174179
12003072905221997110106070717705301690361177184
12003072905222000110174069918205171620355174181
12003072905231998105052071018405261760350172178
12003072905231998105769069917605231720351176175
12003072905231999101279070018505151710344175169
12003072905231999110141066815905091590350172178
12003072905232001100743075119405571800377183194
12003072905232001103581065616904871570330163167
12003072905232001104150065516704881570331163168
12003072905241998110232071218805241800344177167
12003072905241999106909062716604611520309156153
12003072905251998104191068716805191670352176176
12003072905251999100302066818404840000000000000
12003072905251999103463072017705431740369190179
12003072905251999107473068918105081740334170164
12003072905252000100720072118705341790355180175
12003072905252000103782070818205261720354177177
12003072905252000107491068317705061670339167172
12003072905252001100508067317305001620338168170
12003072905252001102146069818405141730341174167
12003072905252001103094070619105151740341173168
12003072905261999103021072917305561850371186185
12003072905262000100433069918205171730344175169
12003072905262000103795067417604981610337163174
12003072905262000104327070300000000000348180168
12003072905262001100135071819705211800341175166
12003072905262001103344070518505201730347175172
12003072905262001106703070418405201740346174172
12003072905271998101695068718904981720326167159
12003072905271998109463069817605221740348173175
12003072905271999102238065616804881590329162167
12003072905271999107080064917204771590318161157
12003072905272000101553081022205882030385196189
12003072905272000101569071119605151740341174167
12003072905272001101749068516505201660354170184
12003072905281997106346072518105441800364189175
12003072905281999103354068817405141710343170173
12003072905281999103363068917305161700346172174
12003072905282000103605075519605591930366190176
12003072905282000105048071717905381760362184178
12003072905282000105422069420304911700321164157
12003072905282001102448075520005551910364188176
12003072905282001110094076120505561860370187183
12003072905291999103691074821005381890349178171
12003072905292000104279071217805341730361182179
12003072905292001100233069319105021680334166168
12003072905292001105263069419105031680335166169
12003072905292001106883070418005241730351177174
12003072905301996101140069117505161700346174172
12003072905301998100304070217605261720354174180
12003072905301998101618078220605761970379193186
12003072905301998104068069217805141680346171175
12003072905302000101873070217605261680358175183
12003072905312001100835070018605141680346174172
12003072905312001107666075219705551820373188185
12003072905321999106823056815304151370278135143
12003072905322001101955072318405391790360185175
12003072905322001104430072218405381790359184175
12003072905322001105101065915705021530349164185
12003072905322001105650073418705471880359181178
12003072905322001107661073418705471880359182177
12003072905331999101774072518205431760367181186
12003072905332000101845071519705181720346176170
12003072905332000102563075319505581900368186182
12003072905332000104242065118404671610306153153
12003072905332000107509069819505031730330165165
12003072905341997105138078620505811970384193191
12003072905341998101775069817405241780346173173
12003072905341998110229074120905321850347172175
12003072905342000102929074320605371820355176179
12003072905342000103799077619305831960387000000
12003072905342001107102074020505351800355176179
12003072905352000106037068117305081680340167173
12003072905352001105954070617605301720358181177
12003072905361999105793072719205351780357178179
12003072905362000105318073017505551750380189191
12003072905371999101279066918504841650319153166
12003072905372000100404081321905942040390194196
12003072905372000101368079922405751990376191185
12003072905372000101585062015304671530314154160
12003072905372000105068070816805401800360181179
12003072905382000100186067816505131640349172177
12003072905391997103866064817304751580317156161
12003072905391999104538067816005181630355176179
12003072905392000101750070517505301730357180177
12003072905402000107306071218605261760350180170
12003072905402001100569068516405211660355176179
12003072905411996103989070718505221760346178168
12003072905412000101553075320105521910361185176
12003072905412000104065071017705331780355178177
12003072905412000110272073018205481730375185190
12003072905412001101696072418005441750369184185
12003072905412001105782074319505481840364178186
12003072905412001109325074919005591800379190189
12003072905412001200004074219405481840364178186
12003072905421999106826068200000000000000000000
12003072905422000105243072018705331720361181180
12003072905422001104392077421205621880374188186
12003072905422001109069078020605742020372192180
12003072905432000107195069518005151710344169175
12003072905432001100412067316905041640340165175
12003072905432001100490061215204601510309151158
12003072905432001100913068417405101680342170172
12003072905432001101706069216605261660360179181
12003072905432001102398068316805151670348172176
12003072905432001106643065115804931590334163171
12003072905432001109039063716104761640312155157
12003072905432001110126074718705601800380185195
12003072905441996101140071118005311690362176186
12003072905441998101618070117805231710352176176
12003072905441998104068064816504831590324160164
12003072905441999103691070419205121710341167174
12003072905442000101873068117105101630347168179
12003072905442000103680069400000000000343171172
12003072905442000104627069018005101720338173165
12003072905442000105549068617205141660348172176
12003072905442001107079073118605451730372183189
12003072905452000101452071818305351810354185169
12003072905461999103744069017705131670346170176
12003072905462000101351068618505011670334165169
12003072905462000101500068418205021680334165169
12003072905462000104282073718805491780371185186
12003072905462000107115076219505671840383195188
12003072905462001103976071617605401760364184180
12003072905462001106186071217305391760363184179
12003072905471997102355069219105011780323164159
12003072905471998104778067217304991660333169164
12003072905472001100063065615804981630335167168
12003072905481998101775068417205121710341172169
12003072905481999107004000000000001750000178000
12003072905482000101845068020104791570322161161
12003072905482000102929072620205241780346175171
12003072905482000105381069418305111690342169173
12003072905482001101955073518605491810368188180
12003072905482001104430073318405491800369188181
12003072905482001107102072620105251780347175172
12003072905491997110245074816605821900392196196
12003072905492000106789071216505471750372183189
12003072905492001100652066916505041450359171188
12003072905492001100746000000005521730379189190
12003072905502001100591064915604931550338169169
12003072905502001102139072218705351800355178177
12003072905502001105253069417605181680350175175
12003072905502001107133069417705171670350176174
12003072905512000101750069517605191650354177177
12003072905512000104623075219205601930367186181
12003072905512000105318072218005421780364180184
12003072905512001100065064316404791420337162175
12003072905531998102551071618205341770357182175
12003072905532000106540074519405511860365185180
12003072905541999103913060615904471500297147150
12003072905542000110272067118304881720316158158
12003072905542001101696068717405131740339167172
12003072905542001105829068117505061640342170172
12003072905542001109325072417205521840368185183
12003072905551998105889072420905151810334170164
12003072905562000104065069817005281700358176182
12003072905562000104627066616704991740325164161
12003072905562001109069079121105802050375192183
12003072905571994109574071118805231760347172175
12003072905572001110126079921505842020382194188
12003072905581997101799086021906412140427217210
12003072905592000101351065916604931620331166165
12003072905592000101452069719105061730333171162
12003072905592000101500065616404921620330165165
12003072906012000104282072118505361750361180181
12003072906012000106395072323604871640323153170
12003072906012000107115072418305411780363183180
12003072906012001109037073618805481800368181187
12003072906022001104804071919405251720353179174
12003072906031997102355066815905091640345166179
12003072906031999102418071818405341760358180178
12003072906031999106293083923806012060395203192
12003072906032000102267066117604851590326161165
12003072906032000104228074619905471830364179185
12003072906032001100591063616204741530321161160
12003072906041995106281065017004801570323158165
12003072906041999102930070519805071640343177166
12003072906041999106901071819905191730346174172
12003072906042000106789067516805071630344167177
12003072906042001100165064016504751530322157165
12003072906042001100652067016605041640340165175
12003072906042001100746067215405181590359179180
12003072906071997104370081820806102010409205204
12003072906081997107273067417504991620337167170
12003072906082001107532070117805231750348175173
12003072906082001107752069417905151690346173173
12003072906111997101799079521205831950388198190
12003072906141999107090069817005281660362175187
12003072906152000104228072619005361850351182169
12003072906172000103438060113004711390332155177
12003072906281997100145072918405451780367181186
12003072906291999110010061315804551520303152151
12003072906292000101388063316404691640305154151
12003072906292000110064064817004781610317160157
12003072906301997106371065716304941580336165171
12003072906312000104002065316404891610328163165
12003072906332001101814068416305211640357174183
12003072906332001106537079719006071930414207207
12003072906502000104002061915604631510312151161
12003072906502000110121064317404691560313155158
12003072906511999103747075020005501840366182184
12003072906512000106707075718805691800389188201
12003072906531999101368072418405401820358180178
12003072906541997104673068217705051650340168172
12003072906541999103441072418705371690368185183
12003072906542001100210076519305721870385191194
12003072906581997107050067818504931640329167162
12003072906581998104303067416905051650340174166
12003072906582000101131068317605071760331175156
12003072906582000102930073118905421810361189172
12003072906591998110195000000005051550350172178
12003072907002000100652068616805181710347175172
12003072907002000104261066918204871680319162157
12003072907002001100202067218204901620328163165
12003072907002001107175067118104901620328163165
12003072907012001100431073019105391760363184179
12003072907012001105262000000005171700347171176
12003072907022000106744070818605221720350173177
12003072907051997101778063815804801610319159160
12003072907051998107176064916904801590321162159
12003072907051999103747069118005111690342171171
12003072907051999107493076319405691920377190187
12003072907052000101498074520305421850357182175
12003072907061999102114073718505521850367184183
12003072907091997104673066217304891640325164161
12003072907091998110213067617105051670338168170
12003072907091999106740060915704521610291149142
12003072907101995108787065617104851630322161161
12003072907101999101368069817805201690351176175
12003072907111999103441073820005381870351174177
12003072907112000101103088624406422180424217207
12003072907112001101132070818405241780346174172
12003072907112001104074079521005851960389193196
12003072907121997107050065016304871540333164169
12003072907121999107158000016900001690000171000
12003072907122000102930074519605491870362182180
12003072907131999101880078122705541920362183179
12003072907132000106012069817205261720354179175
12003072907141997107091071819505231790344171173
12003072907141998101790073719805391830356183173
12003072907141999102074067517904961680328000000
12003072907142000102941069418705071720335169166
12003072907142000104261064717504721660306151155
12003072907142000110191074819605521850367192175
12003072907142001100431067318704861690317163154
12003072907142001100699070918005291750354173181
12003072907142001100751071719105261730353000000
12003072907142001104794072219605261750351179172
12003072907152000106346069118205091700339172167
12003072907152001100294075121305381860352182170
12003072907152001103810073119205391880351183168
12003072907152001105262070017705231800343177166
12003072907162001101003069818205161730343171172
12003072907162001109070069818205161730343171172
12003072907172000100573089724706502260424225199
12003072907191999102795067619204841610323162161
12003072907192000104045062914804811510330160170
12003072907192001100778000000004771500327160167
12003072907192001101503066817304951650330164166
12003072907192001102442064716204851560329162167
12003072907192001104571064816504831630320164156
12003072907201997104086082921606132100403206197
12003072907211998104785067817904991640335168167
12003072907211999107534073519505401850355181174
12003072907212000102349073317805551750380193187
12003072907212000103914071200000000000355000000
12003072907212000104962079322305701950375196179
12003072907212001100555074419805461830363185178
12003072907231998101514063115404771520325161164
12003072907231998110213066416704971570340164176
12003072907241998107183073120105301730357174183
12003072907241999102139069618005161640352175177
12003072907242000104064072120005210000000000170
12003072907242000104257067317404991620337165172
12003072907242001103008065916904901530337159178
12003072907242001107548067417405001630337166171
12003072907251999100168064816004881610327164163
12003072907251999100276070317205311740357181176
12003072907252000101103086622806382140424215209
12003072907252000101657068017405061660340170170
12003072907261997102822065317004831610322165157
12003072907262000102698070317505281760352178174
12003072907262001105278073718805491850364182182
12003072907272000103844063916104781560322160162
12003072907272000106012072017805421780364183181
12003072907281999101880070618105251640361181180
12003072907281999107158068516805171740343000000
12003072907282000100301063217304591440315000000
12003072907282001100751072117805431700373188185
12003072907282001102129075119105601890371187184
12003072907282001102144081700000000000404207197
12003072907282001104762066716405031730330168162
12003072907291997105916069918205171730344171173
12003072907292000104446080519906062030403202201
12003072907292000106083076120305581900368187181
12003072907292001100699067717205051630342171171
12003072907292001101003070718305241740350178172
12003072907292001104022065616004961590337165172
12003072907292001104794068818005081640344173171
12003072907292001107838080520006052010404204200
12003072907292001109070071018605241740350181169
12003072907301995100747000000004791570322163159
12003072907301997107427073319305401760364181183
12003072907301998101635062816104671500317155162
12003072907301998101858066617504911650326168158
12003072907301999109016078923605531790374185189
12003072907302001105492070016305371660371181190
12003072907311998101737066117504861590327159168
12003072907322000102363000000005061700336169167
12003072907322000105018082321206112000411208203
12003072907331999105955069219504971710326161165
12003072907332000103018067417205021620340168172
12003072907332001101503063216704651530312155157
12003072907332001102442064616704791570322160162
12003072907332001104571062716404631530310154156
12003072907341998104785067618104951710324168156
12003072907341999105910074718805591770382191191
12003072907342000106125068317405091760333168165
12003072907342001100778064716404831620321163158
12003072907342001110027079221205801990381197184
12003072907352001102164067117504961620334168166
12003072907361997103505000000005641910373190183
12003072907361997104086079321105821940388197191
12003072907361998104781073018205481770371186185
12003072907361999106703069018105091680341171170
12003072907371999103458068319204911610330164166
12003072907372000101531077122005511930358181177
12003072907372000102213076821905491930356179177
12003072907372000102345062015204681520316163153
12003072907372001110207077021905511930358181177
12003072907381998105445072318805351790356181175
12003072907382001104365074018905511820369186183
12003072907382001107093074117105701840386185201
12003072907392001102470072518805371800357181176
12003072907392001104869071819505231760347177170
12003072907401999101272068200000000000342170172
12003072907402001105278073919505441790365185180
12003072907411998102933067519004851660319166153
12003072907422000105241067717904981650333167166
12003072907431997100325073020605241720352172180
12003072907431998101545071918405351770358182176
12003072907432001102129074519405511870364182182
12003072907432001102144078420905751940381194187
12003072907441997107427068917705121740338168170
12003072907442000101497068216705151720343172171
12003072907442000107140067417305011720329167162
12003072907442001105492069617405221670355176179
12003072907452000104446071618005361840352180172
12003072907452000105804076920705621880374197177
12003072907452000106533064115904821540328162166
12003072907452001107838071917705421880354182172
12003072907462000102753067518404911680323163160
12003072907481997107091067117005011680333168165
12003072907481999105910075819905591860373196177
12003072907482000101912068318005031680335170165
12003072907482001110027072120005211850336177159
12003072907492000102789069518505101700340171169
12003072907511999103458061916004591520307152155
12003072907512001100225073415305811810400203197
12003072907512001104248068017105091630346171175
12003072907532001104875073618705491760373189184
12003072907541998105261066416305011630338169169
12003072907541999106919068817405141660348173175
12003072907542000101122067416305111640347168179
12003072907542000104138000017100001670000166000
12003072907542000106894067616405121600352174178
12003072907561999100369065918404751620313161152
12003072907562000105092068016905111620349170179
12003072907562001101724073918805511830368184184
12003072907562001101757072917305561700386187199
12003072907571998110228074220305391810358182176
12003072907571999104361069118005111660345172173
12003072907572000103588069218705051720333170163
12003072907572000107140066216704951680327165162
12003072907572001104284072218105411850356179177
12003072907572001105215072618605401810359181178
12003072907572001107488072418305411820359181178
12003072907582000101497070317605271750352175177
12003072907591997103648069918705121730339174165
12003072907592000105804076319605671990368182186
12003072907592000106533068217305091710338170168
12003072907592001100119068517505101700340175165
12003072907592001101248068717805091690340174166
12003072907592001106154068917205171620355174181
12003072908002000101911068318504981750323166157
12003072908021997103474067417804961620334165169
12003072908021997103505067217904931670326165161
12003072908021999106703065216504871650322165157
12003072908021999106730064217304691570312156156
12003072908022000100844070318405191780341178163
12003072908032000102416067718904881640324166158
12003072908041999100220070419205121720340173167
12003072908041999103415072719205351770358180178
12003072908052001100225073417305611700391199192
12003072908052001104248066517104941580336163173
12003072908061998106179076820905591910368188180
12003072908072000106319069017005201690351177174
12003072908081998105261064116504761560320160160
12003072908081999106919064317104721570315160155
12003072908092000101122065316404891540335162173
12003072908092000106894067417105031580345165180
12003072908092001107284080220705951940401199202
12003072908102000101921068219104911690322164158
12003072908102001101724077120205691990370189181
12003072908102001101757078121505661990367189178
12003072908102001102135000000000000000000156000
12003072908102001103485067918904901690321164157
12003072908102001104284066717504921610331168163
12003072908102001105215067017304971600337168169
12003072908102001107488066817504931590334170164
12003072908111999102630063116304681520316157159
12003072908112001101915062415504691530316156160
12003072908121998110228071619105251760349179170
12003072908121999105740073518105541780376188188
12003072908151997103474067417405001640336166170
12003072908181999103415076419905651830382193189
12003072908211998106179072020105191800339175164
12003072908222000106319064916004891610328164164
12003072908252000101566066317304901590331163168
12003072908252001101915062616104651490316157159
12003072908252001102135061815404640000000000160
12003072908322000100321073420205321830349177172
12003072908322000101889074621705291820347179168
12003072908412001100154072117005511670384187197
