02016082704582013100569074518905561860370188182
02016082704582013105448065317404791670312155157
02016082704582014104470078519305921950397200197
02016082704592011109010068518005051810324163161
02016082704592012101192070716705401760364179185
02016082704592012103031070917805311770354177177
02016082704592013100679067816905091650344171173
02016082704592013101883075618605701830387195192
02016082704592013103995070819005181710347169178
02016082704592013106331073919205471870360182178
02016082704592014100288070417205321690363183180
02016082704592014106012069217705151730342171171
02016082705002010106229072219405281800348176172
02016082705002012105656072218905331810352172180
02016082705002012105672067216405081680340172168
02016082705002012106421068417305111690342169173
02016082705002013100918073319605371830354176178
02016082705002013104215070318505181790339175164
02016082705002013105719067417005041690335168167
02016082705002014100220066617304931640329167162
02016082705002014100546071717105461820364182182
02016082705002014100676072118305381810357179178
02016082705002014100702067417704971670330165165
02016082705002014103203071318305301820348174174
02016082705002014103843067016505051630342173169
02016082705002014104276069517805171740343172171
02016082705002014104382070118205191700349175174
02016082705002014104699067918604931710322161161
02016082705002014104720068417305111690342169173
02016082705002014104779072018405361790357179178
02016082705002014104891075318505681900378193185
02016082705002014104948071518505301770353179174
02016082705002014105903070118305181730345174171
02016082705002014106362070918005291800349174175
02016082705012011105098070117605251800345174171
02016082705012012101132075618805681870381199182
02016082705012012103940075719605611880373186187
02016082705012012106226072620105251800345171174
02016082705012013101425075618605701880382194188
02016082705012013103947069317005231780345174171
02016082705012013106375069918405151780337176161
02016082705012013106468075219305591960363187176
02016082705012013110041077019605741850389193196
02016082705012014101279074919105581900368187181
02016082705012014101889072819405341860348176172
02016082705012014103807071718205351840351180171
02016082705012014103823075419205621860376184192
02016082705012014104055071319005231830340168172
02016082705012014105178073920005391890350183167
02016082705012014106146070018305171810336171165
02016082705022012100055074618405621860376185191
02016082705022013101481077619305831840399197202
02016082705022013104070072218605361790357182175
02016082705022013104429073718805491890360188172
02016082705022013105142073419705371850352180172
02016082705022013105408074618505611880373189184
02016082705022013109028073718405531830370181189
02016082705022014104099072718805391810358179179
02016082705022014104776071518705281760352176176
02016082705022014104959070618005261760350179171
02016082705022014105112070118305181710347174173
02016082705032010110015074019005501840366180186
02016082705032011100396073219505371780359177182
02016082705032012101706072818205461740372186186
02016082705032013102194073619105451810364180184
02016082705032013103523075118805631860377189188
02016082705032013109076073419205421860356177179
02016082705032014101590073218305491820367185182
02016082705032014103341073118505461800366185181
02016082705032014104404072418805361850351180171
02016082705032014105251072617505511780373185188
02016082705032014105670073518705481830365182183
02016082705042010103873070318405191760343174169
02016082705042011105619071317905341770357177180
02016082705042011109238074418905551770378199179
02016082705042012101109072217705451720373181192
02016082705042012101173071218305291810348177171
02016082705042012104539069918505141800334169165
02016082705042013100075071618805281760352177175
02016082705042013102012089522206732190454228226
02016082705042013102036071618405321810351174177
02016082705042013109018071218505271840343172171
02016082705042014100303074519105541860368186182
02016082705042014101712069617305231700353174179
02016082705042014101776070118005211750346174172
02016082705042014104975074418905551850370188182
02016082705042014105113074619005561880368188180
02016082705042014105483073118105501840366184182
02016082705042014105509070218605161800336168168
02016082705052007104812070618105251790346174172
02016082705052009102330073017905511840367185182
02016082705052011102560070016905311650366172194
02016082705052012103088075119605551800375185190
02016082705052013100548070418005241780346174172
02016082705052013101243070916905401720368182186
02016082705052013102413074918305661860380187193
02016082705052013105863072717905481820366179187
02016082705052014100693071217705351770358178180
02016082705052014101031070516905361640372180192
02016082705052014101988070617005361670369178191
02016082705052014102602071418005341740360176184
02016082705052014103323072318205411770364182182
02016082705052014103741072419205321760356177179
02016082705052014104374069516905261710355178177
02016082705052014104708073418105531770376184192
02016082705062012101913072519005351810354179175
02016082705062013100979070018105191750344174170
02016082705062014100035075118705641840380192188
02016082705062014100684077819505831940389196193
02016082705062014101502078420005841970387197190
02016082705062014102153070917405351730362182180
02016082705062014102587069217905131740339168171
02016082705062014103033078219905831970386198188
02016082705062014103950074118505561830373189184
02016082705062014105140075218705651850380185195
02016082705062014105285070618205241760348175173
02016082705062014106264072318405391820357180177
02016082705062014106379074218605561850371185186
02016082705072013100408081421705972090388199189
02016082705072013106108077819705812040377200177
02016082705072014104824080320705962030393198195
02016082705082010102841076319805652030362191171
02016082705082012104891074919005592010358189169
02016082705082013102089069717905181740344174170
02016082705082013104550068517505101780332167165
02016082705082013105243075219405581960362190172
02016082705082013105335075319105622020360189171
02016082705082013105512077918505941940400203197
02016082705082013105764079719805991940405209196
02016082705082013106255072518705381840354171183
02016082705082014104211071118005311780353175178
02016082705092013101761082519106341960438210228
02016082705092013102339084220706352280407216191
02016082705092013103934071117705341780356178178
02016082705092013105343064015504851570328160168
02016082705092013105678075718805691870382192190
02016082705092014100425070015905411680373183190
02016082705092014102187075318905641900374188186
02016082705092014102825063816504731590314153161
02016082705092014104826077119305781920386198188
02016082705092014109104077319005831920391199192
02016082705102010103004074619305531900363185178
02016082705102011104205072816505631750388170218
02016082705102013104688076019505651840381190191
02016082705102013105675079519506001990401202199
02016082705102013106128071918605331770356177179
02016082705102014105743074918105681850383190193
02016082705112012100089064217304691640305153152
02016082705112012103031067316705061610345163182
02016082705112012104414053714803891380251128123
02016082705112013100679069217405181720346173173
02016082705112013101103000000004870000000000160
02016082705112013102003063716704701800290143147
02016082705112013103660069918205171640353168185
02016082705112013103995066317404891680321161160
02016082705112013104062076721705501960354189165
02016082705112013105342051413503791270252124128
02016082705112013105433070717405331710362177185
02016082705112013109027067518304921680324164160
02016082705112014101841053214503871360251128123
02016082705112014101954070219305091720337175162
02016082705112014104402061716404531540299150149
02016082705112014104773070119205091720337175162
02016082705112014105589069917305261770349176173
02016082705122013102046075418805661910375187188
02016082705122013104946066115305081620346169177
02016082705122013105998055215303991430256131125
02016082705122014100288067916705121660346172174
02016082705122014101487065015504951590336165171
02016082705122014102086065916204971660331162169
02016082705122014103465067416605081670341169172
02016082705122014104891072618205441790365184181
02016082705132010105389067616905071730334168166
02016082705132010106459076519205731940379190189
02016082705132014100477066415205121620350168182
02016082705132014101556066616305031660337168169
02016082705132014104682058315104321470285144141
02016082705132014104783073218805441830361184177
02016082705132014106233058215004321460286144142
02016082705142012103540067718204951750320164156
02016082705142014101315068318205011800321167154
02016082705142014101889067618004961750321159162
02016082705142014104776067816905091720337170167
02016082705152010102007072320105221880334170164
02016082705152012103624070919505141730341171170
02016082705152013103354071218905231840339167172
02016082705152013105235067517105041710333167166
02016082705152013105926071319805151780337167170
02016082705152014100714071418705271750352174178
02016082705152014103039071919205271820345173172
02016082705152014103416071019605141770337169168
02016082705152014105917071019605141730341171170
02016082705152014109042067316805051690336168168
02016082705162012101513066817404941700324163161
02016082705162012102452072618105451830362184178
02016082705162012103265082620606202070413210203
02016082705162013103245070318205211800341170171
02016082705162014102205066116704941700324163161
02016082705162014104486069117505161780338165173
02016082705172009105825066117504861670319159160
02016082705172009106014066317304901640326161165
02016082705172012105567067517904961650331166165
02016082705172012106226071918605331780355180175
02016082705172013105535069019005001810319165154
02016082705172014101547066017504851640321158163
02016082705172014104055069717305241810343179164
02016082705172014104959070817505331780355178177
02016082705172014105178071718605311730358172186
02016082705172014106146069917705221760346170176
02016082705182013101481066916605031630340169171
02016082705182013102753073720505321820350176174
02016082705182014106232069217605161750341180161
02016082705192009100706075019005601840376185191
02016082705192009105407067717605011700331163168
02016082705192012101706069417305211730348172176
02016082705192013100979070417805261730353176177
02016082705192013102133067017704931690324164160
02016082705192014101124068217405081690339172167
02016082705192014102587067617505011640337168169
02016082705192014105898073519705381810357175182
02016082705202010103873067217404981650333170163
02016082705202011102560069017505151690346167179
02016082705202012103088072217905431770366188178
02016082705202013102036069218805041720332165167
02016082705202013102966068917105181790339174165
02016082705202013109045067618204941730321161160
02016082705202014101776067217704951640331166165
02016082705202014105251068317105121650347168179
02016082705202014105509066617904871620325163162
02016082705212009102330069817505231740349176173
02016082705212013101243063316004731540319160159
02016082705212013102413068016505151690346173173
02016082705212014104708067217205001650335169166
02016082705212014106348067916805111630348171177
02016082705222014106379066916905001660334165169
02016082705232014101502071317305401750365185180
02016082705232014103033071117205391750364186178
02016082705242012102975073619005461850361187174
02016082705252012103129076918205871850402195207
02016082705252013102003064917504741610313151162
02016082705252013104062069219904931770316163153
02016082705252013104946066516505001660334166168
02016082705262013103462068817705111700341170171
02016082705262013105675068717705101710339168171
02016082705272011103979069118905021800322166156
02016082705282012110089075822005381960342186156
02016082705282013101329073821105271890338177161
02016082705282013105315073220405281840344176168
02016082705292013105462069517805171780339168171
02016082705302014104373066417104931680325160165
02016082705312013104744074218405581800378188190
02016082705312014103657074218905531810372188184
02016082705322013104688079021605741930381205176
02016082705332012104680073818405541900364187177
02016082705352012102843087222906432210422212210
02016082705372014100637071517805371750362181181
02016082705372014103769071517605391750364180184
02016082705382010101580063215904731630310157153
02016082705402012102402064915904901590331162169
02016082705402012104329065517604791620317156161
02016082705412013103786070116505361710365186179
02016082705412013103974066115605051650340172168
02016082705412014102207068515005351630372173199
02016082705422013102277072318705361810355178177
02016082705422014101335071418805261770349177172
02016082705422014102829070317905241730351175176
02016082705422014102983070417705271760351174177
02016082705422014103836071718505321830349179170
02016082705422014105666071918705321800352179173
02016082705442014101421070517505301720358175183
02016082705442014103346071317805351760359179180
02016082705462013104621070418105231780345173172
02016082705462014103908070918005291760353178175
02016082705482011106617100827307352540481252229
02016082705482013100986074619305531890364181183
02016082705492012105221061816104571580299142157
02016082705502012104584069317205211750346173173
02016082705512013103290075718105761770399186213
02016082705532013104310076419805661910375187188
02016082705532014101368066618204841690315160155
02016082705532014103450070217105311750356181175
02016082705532014104212075617105851840401194207
02016082705542013102671069417605181770341171170
02016082705542014103589070417205321760356180176
02016082705572013102277067016805021670335168167
02016082705572014103836066617004961640332175157
02016082705572014105070065614805081570351168183
02016082705592014102829073919105481870361182179
02016082705592014102983073819205461860360181179
02016082706002013103978065116404871650322161161
02016082706042013103909086622106452160429218211
02016082706042013106301076218705751880387197190
02016082706042014103594079219705951950400201199
02016082706292011101158078221205702000370190180
02016082706312011105331064215904831560327169158
02016082706322013102933070418105231740349171178
02016082706322014101108065917004891690320164156
02016082706332010104560071518405311760355175180
02016082706332010104875070918005291810348172176
02016082706332013102209056415204121430269140129
02016082706332013102297070318605171790338169169
02016082706332013105955065316904841640320162158
02016082706342013100427071118605251770348176172
02016082706342013105054063615804781540324158166
02016082706342013105454072918505441810363184179
02016082706342014100409065815805001580342166176
02016082706392014102442066017104891650324162162
02016082706392014102619070417705271790348173175
02016082706442011101158053614503911360255126129
02016082706472013101333064816004881570331162169
02016082706472014103438065516304921660326167159
02016082706472014105449064816404841610323160163
02016082706472014109114064815904891550334165169
02016082706492012110031070018205181780340174166
02016082706492013102679076620105651880377191186
02016082706492014100924066918104881700318159159
02016082706492014104320066918204871690318159159
02016082706512014101158069816705311710360182178
02016082706512014102358070316605371720365183182
02016082706532013102684059114704441420302153149
02016082706532014101519073318405491940355178177
02016082706532014105398070817505331870346180166
02016082707002010100126074319505481870361186175
02016082707002014103120073418605481870361184177
02016082707022008104268070518705181760342172170
02016082707022012102736069918205171700347172175
02016082707032013100068070818805201770343167176
02016082707032013100708072718205451830362179183
02016082707032014100717069918605131820331166165
02016082707032014102301073218205501830367188179
02016082707052014100324065217004821570325155170
02016082707062013105217085323106222200402203199
02016082707062014100786070318505181750343168175
02016082707062014109003074118905521850367182185
02016082707072013101985071817905391850354178176
02016082707072014100286074318505581850373183190
02016082707082013101301073920205371870350179171
02016082707082013105429065716504921670325164161
02016082707082013105872065816504931670326165161
02016082707082013106153061615104651490316148168
02016082707082014101880068717105161740342176166
02016082707082014102499069617705191720347176171
02016082707082014106398071918305361740362174188
02016082707082014106442074520305421810361185176
02016082707082014109075070317805251740351176175
02016082707112008105887072318805351820353179174
02016082707122009102738068016105191690350172178
02016082707122010100126053013503951270268128140
02016082707122013100270067917305061750331168163
02016082707122013102833069618405121750337172165
02016082707122013102875065115204991570342166176
02016082707122014103986069418305111740337168169
02016082707132013105452065116904821620320159161
02016082707132014102161066116704941610333168165
02016082707132014102743069716805291780351174177
02016082707132014103578066516704981640334168166
02016082707132014103943066016704931670326167159
02016082707142013105194072018705331850348180168
02016082707162010102446070219505071750332167165
02016082707162012105752070519305121780334169165
02016082707162013105547069018005101750335168167
02016082707162014100980069918205171800337170167
02016082707162014102606070519005151780337172165
02016082707172010103556067016605041660338176162
02016082707172013100708068117405071700337169168
02016082707172013103627061915804611550306155151
02016082707172014102301070517405311750356180176
02016082707172014104301066816505031630340165175
02016082707182010105912067417504991640335170165
02016082707182012101970071117905321830349184165
02016082707182013104934072317305501800370186184
02016082707182014104688071118005311810350179171
02016082707182014105084074918805611840377190187
02016082707192009101633073518205531800373183190
02016082707192009110017074719105561950361190171
02016082707192012104581078419405901970393196197
02016082707192013102605076219005721810391197194
02016082707192013104519066317204911730318166152
02016082707192013110028072618505411860355187168
02016082707192013110128076919405751950380190190
02016082707192014104701071117705341810353177176
02016082707192014104903071618005361810355178177
02016082707202010103291070418205221760346173173
02016082707202013101945067816605121690343168175
02016082707202013104816061815404641540310156154
02016082707202014101974072218305391770362180182
02016082707212010105639067716505121660346175171
02016082707212012102357069417405201790341178163
02016082707212013100549065917104881650323162161
02016082707212013101008068917205171720345168177
02016082707212013101100063314204911420349167182
02016082707212013105217071718405331790354183171
02016082707212014100634069818005181750343172171
02016082707212014100898069518205131790334172162
02016082707212014100962069916805311690362172190
02016082707212014105753070917205371830354179175
02016082707222013100414073018205481840364186178
02016082707222013101784069918005191790340173167
02016082707222013102349069918005191770342173169
02016082707222013103333070317005331740359178181
02016082707222013106041068116205191730346177169
02016082707222014100729072917505541790375182193
02016082707222014103477065115904921620330162168
02016082707232013100062070417505291750354181173
02016082707232013101099066917104981610337166171
02016082707232013101655070117605251720353178175
02016082707232013102216068916905201730347178169
02016082707232013102580069216405281700358179179
02016082707232013104381072118105401870353177176
02016082707232014101700070517205331810352178174
02016082707232014101802069516905261710355180175
02016082707232014105128069617205241710353178175
02016082707242009105877062314804751470328164164
02016082707242013104536070018505151740341167174
02016082707242013105644060614404621540308153155
02016082707242014104240064215404881580330164166
02016082707242014104750061515104641490315151164
02016082707252012103471070318205211800341173168
02016082707262013101416069816705311710360179181
02016082707262014102119071516905461690377184193
02016082707272013102385068117405071730334173161
02016082707272013104154068116805131750338165173
02016082707492009105779064115804831660317158159
02016082707492013105477064716604811610320158162
02016082707502011105664069417505191760343175168
02016082707502012101246069517605191790340174166
02016082707502013102110069317405191760343175168
02016082707502013105794067317005031720331163168
02016082707502013110009067117204991700329164165
02016082707502014100718068917005191740345177168
02016082707502014106238069217605161760340171169
02016082707512013103851070017505251780347171176
02016082707522011100036068317305101670343174169
02016082707522011101727065016104891620327165162
02016082707522014100405061715804591480311155156
02016082707522014102724061515504601480312156156
02016082707532010103291070117905221700352172180
02016082707532011103280064315504881610327161166
02016082707532012102357069716705301800350184166
02016082707532013101008068916705221750347173174
02016082707532014100634069717305241700354174180
02016082707532014100898070117905221820340169171
02016082707532014100962070017905211780343166177
02016082707532014105753070117305281760352182170
02016082707532014105787068717505121760336168168
02016082707542013102485065115504961580338164174
02016082707542013103812071617505411750366183183
02016082707542014102741074017005701820388192196
02016082707542014103282071818805301760354183171
02016082707542014105400067616505111660345168177
02016082707552013102016071617805381730365186179
02016082707552013102932072718105461830363183180
02016082707572012100937065516304921610331163168
02016082707582012101771077323405391880351178173
02016082707582013100034066216604961690327157170
02016082707592013105613072317405491740375185190
02016082708002012105927062216304591560303153150
02016082708002014106041070917605331750358177181
02016082708012013101320068717405131760337173164
02016082708012014106172072218705351840351177174
02016082708022012106129070317605271770350178172
02016082708022013104340073618405521890363180183
02016082708022014102899071017505351780357177180
02016082708022014106190076018505751920383195188
02016082708042011100036066817304951690326163163
02016082708042011105664066516505001720328166162
02016082708042012101246064517104741610313152161
02016082708042013102110065916704921720320158162
02016082708072012100285065117104801670313161152
02016082708072012106308066017304871670320164156
02016082708252013104456066116704941710323165158
02016082708252014102886069817405241710353175178
02016082708272014101029074119405471900357179178
02016082708272014109050075720205551930362186176
02016082708282013105257073119905321910341176165
02016082708292013105785069718405131770336170166
02016082708332011104172076420305611920369181188
