02008102407012002100255065417904751650310154156
02008102407012004104204068418205021750327168159
02008102407012006106273073318505481810367180187
02008102407022000104423074918705621850377190187
02008102407022003103263074419005541870367182185
02008102407022004100862074018905511800371180191
02008102407022004104657068117005111620349166183
02008102407022004105879071617005461710375000000
02008102407022004106053069818605121770335166169
02008102407022004106928078019705831910392190202
02008102407022005100050064500000000000309157152
02008102407022005100623066717204951670328163165
02008102407022005105469069217205201660354174180
02008102407022006100062072218205401760364180184
02008102407022006100785069517805171720345174171
02008102407022006101275067017005001750325162163
02008102407022006101314064616004861630323161162
02008102407022006101335069018305071710336169167
02008102407022006101461074119105501840366183183
02008102407022006102826074119305481840364184180
02008102407022006102964074018705531820371182189
02008102407022006103704074018305571820375186189
02008102407022006104240068417905051710334169165
02008102407022006104809073818605521760376184192
02008102407022006106483068717905081650343172171
02008102407022006106506069818805101790331168163
02008102407032001110059067016505051570348169179
02008102407032002105164075619005661880378186192
02008102407032004104642067917405051680337169168
02008102407032004104684068817405141680346170176
02008102407032004104832070517005351730362181181
02008102407032004105826071618605301800350180170
02008102407032005100211070417505291720357179178
02008102407032005101931065215904931540339166173
02008102407032005102297072618405421810361182179
02008102407032005105224075519805571870370185185
02008102407032005105570067016305071610346170176
02008102407032005105663072519205331820351183168
02008102407032006100736069116905221730349173176
02008102407032006100762071118805231840339173166
02008102407032006101447068417005141690345171174
02008102407032006101846076218505771820395193202
02008102407032006103655069117405171680349173176
02008102407032006104308068716905181680350174176
02008102407032006104874065616104951590336163173
02008102407032006105025072218705351820353180173
02008102407032006105639000017200000000000000000
02008102407032006105708070617205341680366184182
02008102407032006105799071518905261780348174174
02008102407032006106088077220105711900381191190
02008102407032006110104068817505131680345169176
02008102407032006110122067517305021670335166169
02008102407042002100921070818205261790347177170
02008102407042003101392070418205221740348174174
02008102407042003102527067416905051660339168171
02008102407042004100321068317605071640343165178
02008102407042004101772071617605401780362182180
02008102407042004102567070217305291740355176179
02008102407042004104415068818005081630345171174
02008102407042005101110070718005271770350176174
02008102407042005101923069517505201720348173175
02008102407042005105273066517004951660329165164
02008102407042005106333000000000000000000000000
02008102407042006100174070817405341730361177184
02008102407042006100219071318105321740358178180
02008102407042006100792070616905371690368181187
02008102407042006103901066516604991660333167166
02008102407042006104397076319205711870384194190
02008102407042006104398069616805281690359175184
02008102407042006104399075518005751790396199197
02008102407042006105437083421906152000415205210
02008102407042006106442068917305161680348172176
02008102407042006106593072217605461780368177191
02008102407042006110093067017404961660330169161
02008102407042006110152065816904891630326162164
02008102407052002107350069120604851780307153154
02008102407052003102795078319805851840401196205
02008102407052004100559070918205271750352174178
02008102407052004101402077219605761910385193192
02008102407052004103790070217005321700362181181
02008102407052004104367065316704861630323160163
02008102407052004106540069720404931700323000000
02008102407052006101445070217605261720354176178
02008102407052006101923069118205091750334168166
02008102407052006102453071018005301790351182169
02008102407052006102618073319305401850355183172
02008102407052006102682070217705251740351175176
02008102407052006103839064915604931570336163173
02008102407052006104016060616204441510293147146
02008102407052006104472069118405071660341172169
02008102407052006106135060316904341560278145133
02008102407062000101646066216804940000000000156
02008102407062001110141066416305011650336166170
02008102407062003100795084119606452010444213231
02008102407062003106350062217104511530298146152
02008102407062004103282066616005061640342169173
02008102407062004105069069318105121780334169165
02008102407062006100925069200000000000000000177
02008102407062006100948068717505121640348166182
02008102407062006101865072218405381750363179184
02008102407062006102476067416405101670343172171
02008102407062006102731070117305281760352176176
02008102407062006102734070517405310000000000189
02008102407062006103021068117205091690340171169
02008102407062006103267066716804991660333166167
02008102407062006103480077020205681790389188201
02008102407062006103557074718605611880373190183
02008102407062006104310076319305701850385184201
02008102407062006104542071018105291730356173183
02008102407062006105464066316504981680330165165
02008102407062006105960076119105701780392190202
02008102407072002100451070018205181760342174168
02008102407072002106028064416704771580319156163
02008102407072003106526000000000000000359184175
02008102407072004103230063716204750000000000167
02008102407072004103328063416304711510320154166
02008102407072004103675064916104881630325161164
02008102407072004105564075518705681820386196190
02008102407072005102236066817204961660330166164
02008102407072005103702000000000000000000000000
02008102407072005103930070819505131760337164173
02008102407072005103992069017605141720342170172
02008102407072005106115071719105261790347175172
02008102407072005106397071619005261810345173172
02008102407072006100240067016605041650339168171
02008102407072006101023064816904791610318162156
02008102407072006101935069818505131750338172166
02008102407072006102470067216505071670340168172
02008102407072006102918064216804741530321156165
02008102407072006103717063816304751530322153169
02008102407072006103885065516304921610331163168
02008102407082000102182074017905611790382189193
02008102407082003102561078720205851880397195202
02008102407082004104148076921305561950361183178
02008102407082004110168064415404901520338166172
02008102407082005100929072717805491740375187188
02008102407082005101336066318204811620319155164
02008102407082006101741077820005781930385190195
02008102407082006102276069017005201690351172179
02008102407082006102579069400000000000345170175
02008102407082006103600073618705491840365186179
02008102407082006104154071418305311710360171189
02008102407082006104619088121706642110453220233
02008102407092004102741064816704811630318161157
02008102407092005102499068717605111680343169174
02008102407092005102947064816204861620324162162
02008102407092005103083068217805041610343169174
02008102407092005105741065116904821660316157159
02008102407092006102592073218205501780372182190
02008102407092006102598074618205641790385190195
02008102407092006102685065517504801620318163155
02008102407092006102699064616404821580324165159
02008102407092006103685070917805311760355175180
02008102407092006103765070516905361850351177174
02008102407092006104848072821805101860324163161
02008102407092006105121064516904761600316159157
02008102407092006105453061416104531460307150157
02008102407092006105830065617604801720308159149
02008102407092006106212063616504711560315153162
02008102407092006106783077920105781910387194193
02008102407092006109133074200000000000361186175
02008102407102003106550078520105841910393193200
02008102407102004101855080720506021980404203201
02008102407102006101710061215804541440310148162
02008102407102006103099067316705061610345166179
02008102407102006103369068700000000000000000169
02008102407102006104235073717905581820376187189
02008102407112003104677080920506042010403201202
02008102407112004101480072118505361770359178181
02008102407112004104760065716704901580332163169
02008102407112004105285068017705031640339164175
02008102407112004109165067916405151650350170180
02008102407112005101308071017605341720362179183
02008102407112005102080071618505311730358171187
02008102407112005102368070617705291730356176180
02008102407112005105601073319005431820361182179
02008102407112006104140077619305831860397198199
02008102407112006110051067317604971620335166169
02008102407122004102187069717105261680358177181
02008102407122004104078059800000000000291151140
02008102407122005103726072717605511800371188183
02008102407122006103951068217805041650339170169
02008102407122006104500067717205051650340169171
02008102407122006106274068217405081640344169175
02008102407132000104423064516404811590322161161
02008102407132002100680072518005451820363176187
02008102407132003102121066416205021650337167170
02008102407132003102852076619105751930382191191
02008102407132003102875078119105901870403198205
02008102407132003103144064714405031540349174175
02008102407132003104900066416904951640331159172
02008102407132005100527066917004991680331167164
02008102407132005102213068716805191710348171177
02008102407132006103478070817305351750360178182
02008102407132006105366071416805461720374180194
02008102407132006106751069117005211650356173183
02008102407132006110112065215904931590334163171
02008102407142002100902073218205501810369182187
02008102407142003102333071416905451780367181186
02008102407142006100750075618505711840387187200
02008102407142006106509067817405041690335168167
02008102407152000101562064916504841600324162162
02008102407152003102694091722806892300459230229
02008102407152005102727069718005171730344171173
02008102407152006100543069318005131690344168176
02008102407152006102424064516404811560325155170
02008102407152006102959067317704961670329161168
02008102407152006102964065116404871560331161170
02008102407152006102995060715804491500299147152
02008102407152006103005078020805721920380191189
02008102407152006103101070218105211700351174177
02008102407152006105132060815804501510299146153
02008102407152006106012078520905761940382194188
02008102407152006109278068817505131700343170173
02008102407162001103660072918405451790366189177
02008102407162004104832062616404621650297165132
02008102407162005100607069116905221680354175179
02008102407162005102305068617005161720344168176
02008102407162005103353072521105141830331170161
02008102407162005104363000000000000000000000000
02008102407162005105570061415204621430319155164
02008102407162005105663068317905041730331176155
02008102407162005110059068716705201810339173166
02008102407162006101496066616904971630334167167
02008102407162006101530066116504961600336171165
02008102407162006102786070817605321690363179184
02008102407162006102826070518405211750346174172
02008102407162006102989068717505121730339178161
02008102407162006103799069817105271700357181176
02008102407162006105025069717905181760342173169
02008102407162006105708069718205151740341170171
02008102407162006106432066416504991680331165166
02008102407172002107108069018005101700340168172
02008102407172004100143066916705021660336163173
02008102407172004103525071419405201800340172168
02008102407172004104684070017705231740349175174
02008102407172004106928071317605371750362176186
02008102407172006100062068116505161690347171176
02008102407172006100762071018305270000000000172
02008102407172006101247000000004691580311154157
02008102407172006103212067517305021700332166166
02008102407172006106273070617905271740353178175
02008102407172006106320058716604211440277145132
02008102407182002104116063015804721570315155160
02008102407182002105164071917805411730368177191
02008102407182002105581064016404761600316157159
02008102407182004101772068316905141750339170169
02008102407182005101931062816004681630305149156
02008102407182005105224072518805371830354178176
02008102407182005110152064816704811610320158162
02008102407182006100792069717405231740349173176
02008102407182006102781068117605051660339166173
02008102407182006103655070318405191690350170180
02008102407182006104874065615405021550347172175
02008102407182006106088076219205701880382190192
02008102407182006106773094824007082290479241238
02008102407182006110093064315204911510340168172
02008102407182006110104069317905141740340166174
02008102407192002100921064917104781650313161152
02008102407192002105027065016604841600324161163
02008102407192003101392064400000000000000000149
02008102407192003102527064916304861600326161165
02008102407192004104415065316804851620323164159
02008102407192004105241065616704891610328167161
02008102407192004107323069017605141700344173171
02008102407192006100219068217205101700340171169
02008102407192006102883072918305461860360183177
02008102407192006103146076119305682000368189179
02008102407192006103901065916304961610335166169
02008102407192006106546070217805241790345183162
02008102407192006110152064514904961580338166172
02008102407202004100559067017005001650335164171
02008102407202004101402067516705081640344168176
02008102407202004102567070217105311770354177177
02008102407202004106225070317505281760352179173
02008102407202006100925065116504861570329160169
02008102407202006101445071018805221810341170171
02008102407202006101638072417805461720374183191
02008102407202006101909070017805221600362170192
02008102407202006102453071717605411770364184180
02008102407202006102618070918905201790341172169
02008102407202006104376076020005601850375184191
02008102407202006104399076917605931980395197198
02008102407202006104472067517405011680333166167
02008102407202006104891076320205611860375186189
02008102407202006105639070917705321810351175176
02008102407202006106442070917505341810353174179
02008102407202006106583068118005011700331168163
02008102407202006106593068215905231650358175183
02008102407212003110144070918205271770350169181
02008102407212004105069066417804861720314160154
02008102407212004106540065816004980000000000173
02008102407212005105437062215704651510314160154
02008102407212006100454070718105261740352173179
02008102407212006100948070617805281740354176178
02008102407212006101923066317704861730313160153
02008102407212006102731069718005171730344170174
02008102407212006103584072119705241750349177172
02008102407222002104713057115404171470270138132
02008102407222003101264070218405181760342172170
02008102407222004104148066818904791630316164152
02008102407222005103326069516805271610366182184
02008102407222006101343072619005361820354181173
02008102407222006102566072619105351810354181173
02008102407222006104766061415904551530302154148
02008102407222006104848068818904991830316171145
02008102407232000102182074118205591860373182191
02008102407232001103160094624007062250481240241
02008102407232003106526000000000000000000000176
02008102407232004107097062617604501570293146147
02008102407232004110139073118905421850357179178
02008102407232005103702067617704991690330162168
02008102407232005106115069218105111720339173166
02008102407232006101178070417805261710355177178
02008102407232006101865074318705561780378185193
02008102407232006102122074218505571870370185185
02008102407232006102592065416204921590333160173
02008102407232006102598065416204921600332160172
02008102407232006102734059116004311400291146145
02008102407232006104542068516705181740344170174
02008102407232006104759074018505551870368183185
02008102407232006105323075319105621870375187188
02008102407232006105871071318205311710360181179
02008102407242002101003062617904471550292144148
02008102407242004101480070518305221740348174174
02008102407242005104091077220905631960367188179
02008102407242005104861092423606882240464230234
02008102407242005105114092122906922240468231237
02008102407242006100257074820005481990349183166
02008102407242006103099071017505351910344178166
02008102407242006103600072519505301800350175175
02008102407242006106133070718305241800344168176
02008102407252006101886067516105141640350182168
02008102407252006103898078620305831880395197198
02008102407262003102875073318305501790371182189
02008102407262005101704074018505551770378192186
02008102407262006101013092923706922260466230236
02008102407262006102248074318605571810376189187
02008102407272000103551064215504871620325163162
02008102407272003102852077219405781960382189193
02008102407292002107108065516904861630323160163
02008102407292003102694086521606492110438220218
02008102407292006101454077019305770000000000202
02008102407302005103353065219004621610301152149
02008102407322004103292063917604631530310155155
02008102407322004109289066917004991650334166168
02008102407322005102406068817105171670350170180
02008102407322006101496064916404851580327161166
02008102407322006103587066916905001650335166169
02008102407322006106432066115905021610341167174
02008102407332004100394073418505491800369187182
02008102407332004103525064517604691620307152155
02008102407332004110153061814904691510318154164
02008102407332005105387081221106011980403202201
02008102407332005110124079220705851980387197190
02008102407332005110127075419705571860371192179
02008102407332006104588083621106252160409212197
02008102407352002105027061216204501550295148147
02008102407352006104846075719005671880379190189
02008102407352006105000072017505451720373181192
02008102407362004106074070517305321730359183176
02008102407362006104773111731008073000507262245
02008102407382005100269071418605281730355173182
02008102407382006102621072018305371790358178180
02008102407382006106411079319505981950403201202
02008102407392001110042073919605431820361181180
02008102407392003102875069616905271690358177181
02008102407392005102705077620405721930379191188
02008102407392005104861068217905031680335170165
02008102407392005105114066417704871650322162160
02008102407392006100277072518705381810357178179
02008102407392006100412073819605421820360181179
02008102407392006101013076119505661990367184183
02008102407392006101980070918205271760351175176
02008102407392006103668072518705381800358179179
02008102407392006103730072418805361730363180183
02008102407392006109176073719305441860358181177
02008102407401999106723068817405141700344171173
02008102407402003102852071419305211760345172173
02008102407402006105607072217905431740369180189
02008102407402006109247070916305461730373177196
02008102407412004100047081823305852100375197178
02008102407412004104101073818805501830367182185
02008102407412006104738071519305221800342172170
02008102407422005103831073818505531810372183189
02008102407432003105755066916805011630338163175
02008102407432005101044072319205311750356178178
02008102407432006102293067616705091660343169174
02008102407432006102362071518705281750353174179
02008102407432006104079072019105291720357176181
02008102407442002107298069217805141670347175172
02008102407442004100941066517004951630332166166
02008102407442004109009074619805481840364182182
02008102407442005100031066917604931660327162165
02008102407442005102154072318305401790361179182
02008102407442005104492070718405231730350170180
02008102407442005105261068717305141710343172171
02008102407442005106203072618205441800364180184
02008102407442006100857069317505181730345173172
02008102407442006101044071217105411830358182176
02008102407442006101220068116905121730339171168
02008102407442006102892068717505121670345174171
02008102407442006104723072518105441780366181185
02008102407442006105246071217505371780359183176
02008102407442006106653073420405301800350175175
02008102407452005105765076719305741870387193194
02008102407462004104752000018300000000000000000
02008102407462005106221068616905171650352168184
02008102407462006100862082021606042010403199204
02008102407462006101489068616905171650352168184
02008102407462006105421081920606131940419202217
02008102407462006105757082621206141980416199217
02008102407472004109289066116604951660329166163
02008102407472005102406066717204951640331165166
02008102407472005103146065317504781630315157158
02008102407472006103587000000004851590326162164
02008102407472006104504107629907772820495259236
02008102407472006105525065017404761620314159155
02008102407482003100529074918805611800381189192
02008102407482006100915068417305111660345170175
02008102407502005102073069018305071750332171161
02008102407502006102727072819305351810354179175
02008102407502006105000066617304931660327163164
02008102407512005100269064717104761580318159159
02008102407512005102100071318405291750354177177
02008102407512005105800074421405301900340169171
02008102407512005106861075520505501890361183178
02008102407512005110165061715504621540308153155
02008102407512006102070067817705011680333166167
02008102407512006103122071218505271740353177176
02008102407522001110042069218005121730339172167
02008102407522005102349072717505521880364193171
02008102407522005102705069219105011740327165162
02008102407522005105501072018005401780362178184
02008102407522006100293076519305721880384188196
02008102407532006100277067217304991690330166164
02008102407532006103668067217304991680331167164
02008102407532006104738068318305001680332169163
02008102407532006105591077120005711900381188193
02008102407532006109176065817204861630323164159
02008102407552004100047074422005241910333169164
02008102407552005103223065417104831640319162157
02008102407552005103831075519305621910371189182
02008102407562003103024074619505511780373184189
02008102407562003105755069217305191720347178169
02008102407562006102488076819905691930376192184
02008102407562006105469076719905681940374191183
02008102407572004104891071017705331710362182180
02008102407572004105501066817304951750320177143
02008102407572004109009067217704951670328166162
02008102407572005100043081221206001930407198209
02008102407572005102155083421506192060413208205
02008102407572006103001071117605351750360182178
02008102407572006104119000000000000000000000000
02008102407572006106799071317805351730362184178
02008102407582004100941065515804971590338165173
02008102407592002107298069817605221740348174174
02008102407592004102827086422306412060435208227
02008102407592006103588065016504851640321163158
02008102407592006104504081123805732000373188185
02008102408001998104034070018505151730342168174
02008102408002002103435076119605651860379191188
02008102408002003103615073217205601810379183196
02008102408002003106038070518505201800340171169
02008102408002003109116072418305411750366183183
02008102408002005100031067817904991700329160169
02008102408002005100564067617005061690337169168
02008102408002005101044073119505361780358176182
02008102408002006102362072419105331780355176179
02008102408002006104079072119005311750356176180
02008102408002006104723070617705291720357174183
02008102408002006106653071819905191750344167177
02008102408022001103748067816805101680342168174
02008102408022006103695073418105531730380185195
02008102408032001106069071318505281790349173176
02008102408032003104835068217105111660345173172
02008102408032004103685071818705311760355178177
02008102408032004103840068617405121720340167173
02008102408032005100596069115605351790356179177
02008102408032006100544066015805021600342167175
02008102408032006100862080520206031980405203202
02008102408032006101746070117805231760347176171
02008102408032006102358075217405781790399195204
02008102408032006104252069516505301710359177182
02008102408042006104534069517505201680352178174
02008102408262005100575059317304201500270139131
02008102408262005103538060917004391530286144142
02008102408262006104507000017500001720000172000
02008102408272001101613068518305021710331164167
02008102408272001106069069418005141750339172167
02008102408272002107343067216705051650340171169
02008102408272003110124000017200001620000171000
02008102408272005105185062016104591540305155150
02008102408272006101647069617505211710350174176
02008102408272006101746069318105121760336168168
02008102408272006102822080220206001960404201203
02008102408272006103955067416705071640343169174
02008102408272006109255069517605191720347171176
02008102408282002100623066817704911660325169156
02008102408282003102865060816304451520293147146
02008102408282003103024072118905321780354176178
02008102408282004102827078219605861850401193208
02008102408282004103183068017605041640340172168
02008102408282004104731073518505501780372180192
02008102408282006100958067417105031640339166173
02008102408282006101224071918305361750361179182
02008102408282006101488067917505041660338169169
02008102408282006103872067217205001680332168164
02008102408282006104094066416105031620341164177
02008102408282006105105065315704961560340165175
02008102408282006106827065215704951570338164174
02008102408292006100865070318105221710351175176
02008102408302005102155077819905791930386194192
02008102408322004110201060215104511440307150157
02008102408322005102021052213803841300254127127
02008102408322005104990067016605041650339163176
02008102408322005106333065917304861650321160161
02008102408322006102834054115303881390249128121
02008102408322006104702054015403861370249128121
02008102408322006105509055415004041500254131123
02008102408332002101831068517205131750338169169
02008102408332004106091073318805451760369180189
02008102408332005110178082822106072060401203198
02008102408332006104014071017705331760357180177
02008102408332006104528000000005081780330170160
02008102408342002100879082020706132030410208202
02008102408342003103580076120505561810375183192
02008102408342003105475094123107102370473240233
02008102408342004100674072319405291760353179174
02008102408352005110123071017805321730359178181
02008102408402004103008059515304421430299148151
02008102408402004103125059514704481420306153153
02008102408402004103220050312903741210253123130
02008102408402004106316059215404381430295149146
02008102408402005106682069418605081650343172171
02008102408412004102827068016405161650351178173
02008102408412006102822079819606021960406198208
02008102408422006100865067717605011680333168165
02008102408422006104507000000000000000000164000
02008102408422006109255000015500001590000164000
02008102408432005102155076019705631880375190185
02008102408442004102521079721005872060381200181
02008102408442004104185080221605862090377198179
02008102408442005104990064115704841620322160162
02008102408442005106333052214503771310246126120
02008102408462002100879079220205902070383198185
02008102408462004106613074717705701850385191194
02008102408472003105475089923206672250442225217
02008102408512002100260070616405421780364180184
02008102408522001103526062815904691470322156166
02008102408532001103676081621406022050397198199
02008102408532005100138067816705111630348164184
02008102408552006104709069817805201740346173173
02008102408572004102101080520106041990405201204
02008102408582004106895075619205641800384186198
02008102408582006102890067018104891760313174139
02008102408592002100601057813804401350305150155
02008102409012002105225000000000000000000000000
02008102409032001103526068517805071650342166176
02008102409032006105759070617205341680366175191
02008102409032006106138073618305531770376183193
02008102409042005100138065715405031560347166181
02008102409042006104709061715504621510311147164
02008102409052006100848068517905061710335169166
02008102409052006101675068417405101720338166172
02008102409072001103676070319505081750333167166
02008102409072006101296072518505401810359179180
02008102409072006105713072418505391810358178180
02008102409102005103514068517805071670340169171
02008102409102006101830069016905211720349170179
02008102409102006102093068617705091690340168172
02008102409102006106330070417705271710356177179
02008102409112004102902070717705301720358177181
02008102409122006101657073918205571820375186189
02008102409122006103565074018305571810376186190
02008102409122006106903073818205561810375185190
02008102409152002105225051913003891230266126140
02008102409152006101699069318505081720336168168
02008102409162000110062064816304851560329157172
02008102409162002107405071217805341740360176184
02008102409162005101675066717104961660330162168
02008102409162005102849068716605211650356171185
02008102409162006100749066116204991600339171168
02008102409162006100880072318705361790357180177
02008102409162006100936066816805001610339165174
02008102409162006101729072018505351780357180177
02008102409162006102711068217105110000000000000
02008102409162006105759069016805221660356175181
02008102409162006106138075318905641820382186196
02008102409172001107763072818305450000000000185
02008102409182006106260063715004871490338159179
02008102409192003104154069118605051740331167164
02008102409192006100848068317605071740333173160
02008102409202001102572073819705411850356177179
02008102409202006100163069017205181680350173177
02008102409202006101312069317405191700349173176
02008102409202006103548069317405191690350174176
02008102409202006106145073019705331860347173174
02008102409202006106383000000000000000000000000
02008102409212006100171077623305431950348172176
02008102409212006104170068617005161720344173171
02008102409222004110231069017405161720344173171
02008102409222006101576069018005101670343174169
02008102409242004106264073118205491750374186188
02008102409242005103048082620706192020417208209
02008102409242006101017072118005411840357179178
02008102409242006101296072018105391790360180180
02008102409242006101830000016300001600000160000
02008102409242006105713071818005381790359179180
02008102409242006106064073318705461750371181190
02008102409242006106679071118105301740356177179
02008102409252001106848073418305510000000000190
02008102409252005103514065317304801650315157158
02008102409252006102093066317804851670318159159
02008102409462003100878071518705281740354176178
02008102409462004106192059614804481490299141158
02008102409462005102461065315904940000000000000
02008102409462005103849070718205251730352175177
02008102409462006104656066617504911650326154172
02008102409462006104947061215604561550301154147
02008102409462006105637068417805061670339170169
02008102409472001106848000017800001720000177000
02008102409472002100385075219405581880370182188
02008102409472002107299068217405081670341171170
02008102409472003102702072518505401780362180182
02008102409472004110231067217604961720324161163
02008102409472005103643067916805111660345177168
02008102409472005109322074019205481820366182184
02008102409472006100120062716204651520313152161
02008102409472006100942067416505091630346176170
02008102409472006101576064116204791610318159159
02008102409472006103133075019605541840370178192
02008102409472006104118069517805171710346175171
02008102409472006104170068816805201750345171174
02008102409472006104831082420506192080411205206
02008102409472006106060066916805011650336164172
02008102409472006110066062716104661510315153162
02008102409482001101099000000004540000000000000
02008102409482005102965064915804911600331163168
02008102409482005102980072617405521750377181196
02008102409482005105555067016405061640342171171
02008102409482005110142061715304641490315156159
02008102409482006100171065016404861560330164166
02008102409482006101354071616905471760371176195
02008102409482006101959068717005171590358170188
02008102409482006102079065515305020000000000182
02008102409482006102506070418605181740344171173
02008102409482006102574064315004931490344161183
02008102409482006103088066116304981610337168169
02008102409482006104153067517904961630333164169
02008102409482006105324068516905161690347173174
02008102409482006105355066316804951640331165166
02008102409482006105943065400000000000329160169
02008102409492003105273058715104361460290142148
02008102409492004100699068217305091700339169170
02008102409492004103671070018205181710347167180
02008102409492005103322067317105021660336165171
02008102409492005103794070117005311790352175177
02008102409492005103798066716705001670333166167
02008102409492005105924074318605571820375191184
02008102409492005110114070617605301760354175179
02008102409492006101234070919205171760341172169
02008102409492006101372068517005151760339171168
02008102409492006101708075118505661860380188192
02008102409492006102460067017104991670332169163
02008102409492006102588069917505241720352168184
02008102409492006103043070918105281780350180170
02008102409492006103224070819205161760340171169
02008102409492006103894071318105321780354174180
02008102409492006104372073818205561800376186190
02008102409492006106537066116904921670325163162
02008102409502003100054073621105251820343176167
02008102409502003110200064116404771580319162157
02008102409502004104512062416204621540308152156
02008102409502005100825064016504751590316159157
02008102409502005100949065816504931610332162170
02008102409502005105443064316304801570323160163
02008102409512002106542068100000000000000000172
02008102409512003107326067517505001700330165165
02008102409512005101219067617105051640341168173
02008102409512005102157062115904621520310151159
02008102409512005102240067717205051690336165171
02008102409512005102583000000000000000000000000
02008102409512005103513063514904861510335162173
02008102409512005104636067818204961650331167164
02008102409512006103297066017104891660323158165
02008102409512006110001067517305021700332167165
02008102409522003100055063016204681540314155159
02008102409522003104744055814604121410271134137
02008102409522003106031068717405131680345177168
02008102409522003109314000000005131710342172170
02008102409522004102767067116205090000000000171
02008102409522004104267062516304621520310153157
02008102409522004106508074919505541830371186185
02008102409522004110121062216504571530304156148
02008102409522004110169074519205531850368183185
02008102409522005100145068717505121660346177169
02008102409522005101528000000004650000000000165
02008102409522005101647058614904371450292146146
02008102409522006101066060414804561490307152155
02008102409522006101198060115104501450305151154
02008102409522006102500072917805511840367185182
02008102409522006102767053313004031280275132143
02008102409522006102937070717905281770351176175
02008102409522006103029063115904721550317158159
02008102409522006104281071217905330000000000176
02008102409522006104505061215404581510307153154
02008102409522006104545069817905191710348176172
02008102409522006104926071118305281780350172178
02008102409522006105569060815004581480310154156
02008102409522006106638053413004041280276131145
02008102409522006110018067717205051670338166172
02008102409532001110268074017505651790386189197
02008102409532003102460065216904831600323160163
02008102409532005106739067516905061670339170169
02008102409532006100768069717805191700349172177
02008102409532006101016069517905161690347172175
02008102409532006102014066216504971640333164169
02008102409532006102351068516305221670355172183
02008102409532006102799074719105561880368183185
02008102409532006103035069417405201730347170177
02008102409532006103142065615704991620337165172
02008102409532006103338065816904891620327160167
02008102409532006103347066417404901610329161168
02008102409532006103486067315705161660350174176
02008102409532006103574069817705211710350173177
02008102409532006103681067416505091660343171172
02008102409532006105160069117105201690351171180
02008102409532006105550065917004891630326160166
02008102409532006106557065615804981630335166169
02008102409532006110115065516804871600327158169
02008102409542001103428069017205181690349173176
02008102409542001107655070618505211790342177165
02008102409542003109306062015404661510315151164
02008102409542005102185062315904641510313154159
02008102409542006100632066516105041590345171174
02008102409542006101393072817105571800377188189
02008102409542006101643074419705471810366182184
02008102409542006102405069817105271690358176182
02008102409542006105057072918005491790370186184
02008102409542006106256074518805571840373188185
02008102409542006109011062016504551550300148152
02008102409552003102892073719305441750369181188
02008102409552004101768070218005221720350174176
02008102409552005103138068317105121680344170174
02008102409552005104553066716804991630336165171
02008102409562003110012065815505031620341172169
02008102409562004103038075319105621830379184195
02008102409562005104528072319005331730360174186
02008102409562005110208067216705051660339170169
02008102409562006102340072619205341810353177176
02008102409562006105244071518905261740352176176
02008102409562006105391068618405021780324167157
02008102409562006106438068217105111740337169168
02008102409562006106448068019104891710318163155
02008102409562006106612073119105401750365182183
02008102409562006106717072319005331730360177183
02008102409572004103263081524505702080362185177
02008102409572004106377069117805131740339170169
02008102409582002104868068317005131660347173174
02008102409582003104667064416504791470332162170
02008102409582004103065070718705201770343176167
02008102409582004104095070918005291770352177175
02008102409582004105309080821005982020396198198
02008102409582005100588068817305151720343173170
02008102409582005104916070818805201770343178165
02008102409582005105584069117405171740343171172
02008102409582005106702071518805271810346178168
02008102409582006100119074619105551910364181183
02008102409582006100960067817105071630344169175
02008102409582006103703069117205191680351175176
02008102409582006104834069117105201690351175176
02008102409582006105851068317105121650347173174
02008102409582006106127072519805271790348175173
02008102409592001103671000017500001770000000000
02008102409592002100385066217104911630328164164
02008102409592003100878066817704911690322167155
02008102409592004103228061600000000000310147163
02008102409592004107050059814904491500299144155
02008102409592005102862070119105101690341171170
02008102409592005109322066416804961680328160168
02008102409592006100272063716004771550322157165
02008102409592006102609067616705091670342166176
02008102409592006103133067617405021680334166168
02008102409592006106886072417805461860360184176
02008102410002001109111070918405251730352174178
02008102410002002107299066116704941620332165167
02008102410002003106776072618105451860359183176
02008102410002005103849069217805141750339172167
02008102410012004100565073218705451760369186183
02008102410012006100167069018005101710339172167
02008102410012006106565070218105211730348178170
02008102410022002106542068417005141710343000000
02008102410022003102702071618705291790350177173
02008102410022006105662072419705271810346176170
02008102410022006106060072920405251750350179171
02008102410032002100534069516805270000000000176
02008102410032003103791067916905101690341168173
02008102410032003110187066900000000000339167172
02008102410032004109253074519905461850361182179
02008102410032005100631067317504981620336166170
02008102410032005102601066917104981620336166170
02008102410032005103643058614204441470297144153
02008102410032006100942062415604681540314155159
02008102410032006102859066516505001670333167166
02008102410032006104157070918605231750348177171
02008102410042003100055061915804611530308158150
02008102410042004101678059814604521480304152152
02008102410042005103798054113904021310271132139
02008102410042005105555069817605221750347172175
02008102410042006101708070417805261660360177183
02008102410042006102370069017305171730344174170
02008102410042006102506069318205111650346169177
02008102410042006103043000000000001630000157000
02008102410042006106334069117305181740344174170
02008102410052004103671073818605521820370000000
02008102410052005103322065817204861660320156164
02008102410052006103894066117204891630326165161
02008102410062003102460062300000000000313151162
02008102410062003109314063716404731570316160156
02008102410062004104512064316304801610319161158
02008102410062005101219000000004961640332165167
02008102410062005102240065916404951630332164168
02008102410062006101016074418005641780386196190
02008102410062006102588069517305221630359173186
02008102410062006105160067417205021670335171164
02008102410062006106256080720206051960409205204
02008102410062006110001065417204821640318163155
02008102410072005106154084322006232160407200207
02008102410082003100457069317505181780340174166
02008102410082004101768069317505181650353172181
02008102410082006102799070818305251740351175176
02008102410092003105296062114604751580317160157
02008102410092005105514068816905191650354169185
02008102410102006103591069118805031700333165168
02008102410102006106204069118705041710333165168
02008102410102006106398064917204771610316161155
02008102410112001107655073420805261850341172169
02008102410112004109132070217705251730352175177
02008102410122002104868062016204581530305155150
02008102410122003104667059013504551470308153155
02008102410122005105584063016504651550310154156
02008102410122006105244066416504991640335167168
02008102410122006105851062215804641550309153156
02008102410122006106438067317305001660334165169
02008102410122006106612072418205421800362177185
02008102410132003110012066217204901630327165162
02008102410132005110208066217304891640325166159
02008102410142004103263066617104951700325164161
02008102410142005102836062215504671510316154162
02008102410142005103839065215404981540344163181
02008102410142006100119062816104671640303155148
02008102410142006101976058514104441360308144164
02008102410142006103925051200000000000000000000
02008102410152004103228000000004000000000000131
02008102410152006100272054915103981400258128130
02008102410152006102609067216705051650340166174
02008102410162003110187061017204381520286148138
02008102410162005102601067317504981670331164167
02008102410172005102621000000005441830361182179
02008102410182003104562070718905181710347177170
02008102410182005100667079819806002040396200196
02008102410202003101523073618205541810373186187
02008102410202006101878070617605301750355173182
02008102410202006105817069116805231700353172181
02008102410202006106916068717605111670344169175
02008102410212003104216069517805171720345173172
02008102410212005102047082521006152000415206209
02008102410212005102397070317705261730353175178
02008102410222004102051061915404651420323154169
02008102410222005102102085223306192100409202207
02008102410222006101999070118005211740347179168
02008102410222006106656071118605251700355177178
02008102410232002100650066617404921720320155165
02008102410232006105474068718105061750331168163
02008102410242003105067064716304841590325163162
02008102410242006106349065016204881600328165163
02008102410252005102716067416305111630348171177
02008102410252005104192062916504641490315155160
02008102410252005105420069117005211710350180170
02008102410252005109307068817205161710345174171
02008102410252006101222068817105171730344173171
02008102410262004103435069217505171720345171174
02008102410272005101397066421704471550292139153
02008102410292001103335065917604831630320158162
02008102410292004103502072919205371770360176184
02008102410292005100990065717204851660319160159
02008102410292006104390078820005881900398200198
02008102410302005104234064800000000000326155171
02008102410302005106587000000000000000000000000
02008102410302006101503071617405421720370177193
02008102410312005102621066117304881690319161158
02008102410312006102020066316604971580339167172
02008102410332005102211070818405241720352174178
02008102410342005102047071018405261700356179177
02008102410342006100090080720106061910415208207
02008102410342006100252080020006001920408194214
02008102410342006100614072018305371780359179180
02008102410342006102829085819706612050456205251
02008102410342006102949078719405931900403197206
02008102410342006103269078819605921890403195208
02008102410352003101523070719105161800336177159
02008102410352004106852070618705191790340167173
02008102410362005102102080221505871960391197194
02008102410372006100176070317405291740355180175
02008102410372006101403071618905271840343176167
02008102410372006110052070817405341800354179175
02008102410382001103714061516004551530302150152
02008102410382005104192062716704601590301150151
02008102410382005105727078320905741850389191198
02008102410392002106707070917005391750364184180
02008102410392003102618067417105031680335169166
02008102410392003105067062415804661570309156153
02008102410392004103636066717304941620332166166
02008102410392006106349064816704811620319160159
02008102410402004102198071618605301760354179175
02008102410402004103107096727106962250471243228
02008102410412006106607073218705451830362183179
02008102410452005104234063216204701540316154162
02008102410482002101001066117004911630328164164
02008102410482004110145065416804861610325164161
02008102410482006100090073719305441820362183179
02008102410482006102949072919005391780361182179
02008102410482006103269072718705401810359181178
02008102410502006102829000018900001930000173000
02008102410512005102102073218505471780369182187
02008102410512005105727074419205521820370180190
02008102410522006100252078620005861920394192202
02008102410542004103107095623707192430476244232
02008102411072003105155083421006241990425209216
02008102411072005102013077320105721890383189194
02008102411082005102030096125107102380472234238
02008102411192005102013077520005751940381190191
02008102411212003105155081821206061990407203204
02008102411312005102013073318905441790365184181
02008102411342003105155079519306022000402201201
