02008102504312003100754074818805601860374194180
02008102504322001103526073018405461750371185186
02008102504322001110059072716605611690392185207
02008102504322004103274066316105021700332170162
02008102504322004104657075419405601820378180198
02008102504322004106727066917104981710327166161
02008102504322005101923074318305601800380187193
02008102504322006100134075819405641840380188192
02008102504322006101210075318905641830381190191
02008102504322006101246067016705031710332168164
02008102504322006101727073718005571810376186190
02008102504322006102658066716105061700336171165
02008102504322006104818072318105421770365184181
02008102504322006104843076818205861820404197207
02008102504322006106195073419305411820359175184
02008102504332002100255066516904961600336161175
02008102504332003103263075820005581790379188191
02008102504332003104667068718205051740331166165
02008102504332004101045072718305441740370183187
02008102504332004103071075219505571870370176194
02008102504332005103514075719405631880375180195
02008102504332005104492076219305691850384193191
02008102504332005105555070918005291710358184174
02008102504332005105570070617805281660362173189
02008102504332006100747072319105321730359179180
02008102504332006100772070117705241660358175183
02008102504332006101647076919105781780400188212
02008102504332006102956074318505581800378185193
02008102504332006102964079819406041960408204204
02008102504332006104587074318505581840374182192
02008102504332006106744074418505591800379186193
02008102504342001107763086824306252180407212195
02008102504342002104868071818405341790355178177
02008102504342003106518078519405912010390197193
02008102504342005100309070418505191760343169174
02008102504342005101931070718705201780342169173
02008102504342006101229070518405211740347173174
02008102504342006101380072519205331780355175180
02008102504342006102453072518805371830354178176
02008102504342006102781073719105461810365182183
02008102504342006102799082221406081980410205205
02008102504342006102931069417405201770343169174
02008102504342006103951065815505031680335165170
02008102504342006105227072318005431810362180182
02008102504342006105353073819105471780369186183
02008102504342006105851071518305321800352177175
02008102504342006106274068616505211680353165188
02008102504342006110093069618405121740338167171
02008102504352001103748067617105051670338168170
02008102504352002105164079720305941920402199203
02008102504352003104835068217105111650346170176
02008102504352006101247073318205511810370187183
02008102504352006103901069117305181690349173176
02008102504352006110152067916905101640346169177
02008102504372004103790080021505851930392000000
02008102504372005100929071817605421740368185183
02008102504372005106323068217705051710334169165
02008102504372005106397072317205511810370184186
02008102504372006101445080921805911980393201192
02008102504372006102476076919605731880385196189
02008102504372006102618080021405861960390194196
02008102504372006102682079521405811950386192194
02008102504372006104065078220905731940379191188
02008102504372006104079078020005801920388191197
02008102504372006106656072918005491870362185177
02008102504382005101044070919105181790339167172
02008102504382006103839068017005101670343167176
02008102504392003102478074418405601800380182198
02008102504412003103733072019705231830340172168
02008102504412004103336065117004811570324162162
02008102504412004109289071418605281770351173178
02008102504412006103257072019805221810341172169
02008102504412006104101073119605351850350179171
02008102504422004103252071918405351740361176185
02008102504422004110153060515004551460309148161
02008102504422005102263066417804861670319163156
02008102504422006104505070517105341680366177189
02008102504422006105492065715705001570343170173
02008102504432001102114069018205081750333167166
02008102504432004103213069418405101740336170166
02008102504432005103353076822005481920356185171
02008102504432006100543069217505171700347171176
02008102504432006101496074918905601860374185189
02008102504432006103715078220205801940386195191
02008102504442001103526070217505271690358181177
02008102504442003100754000017000001660000171000
02008102504442003110200065718304741640310153157
02008102504442004103230064717504720000000000156
02008102504442004103282069118305081680340168172
02008102504442004103328066718404831640319159160
02008102504442005101336070218805141760338169169
02008102504442005102499067418504891670322160162
02008102504442005110114068617605101700340168172
02008102504442006101220070317805251760349169180
02008102504442006102918067118404871660321158163
02008102504442006103267070017305271800347170177
02008102504442006103369070918105281750353175178
02008102504442006106212066118404771600317155162
02008102504452002100680075020705431880355185170
02008102504452004103071055815804001460254132122
02008102504452004103936069717905181760342176166
02008102504452004104095072417805461770369184185
02008102504452005100527069718305141780336171165
02008102504452005104492000000000000000000000000
02008102504452006100750080120605952010394187207
02008102504452006106751070818705211810340173167
02008102504462005103514056815304151400275138137
02008102504462005105570066014505151620353175178
02008102504462006100772066215405081610347175172
02008102504462006102956073818205561790377188189
02008102504462006102964068317405091630346172174
02008102504462006106744073818005581810377190187
02008102504472004103525056516404011410260132128
02008102504472005102213058316404191490270141129
02008102504472005103223060316604371520285142143
02008102504472006100119061317304401490291147144
02008102504482002104868063716004771600317159158
02008102504482004101045065116704841630321164157
02008102504482004104657068917605131630350169181
02008102504482005100309068118604951700325166159
02008102504482005101931068718804990000000000159
02008102504482006101229066116904921590333164169
02008102504482006101246070217805241730351179172
02008102504482006102658069817705211740347177170
02008102504482006102781070518405211700351172179
02008102504482006105353070418305211690352174178
02008102504482006105851063416004741610313158155
02008102504482006110093065816804901590331162169
02008102504492003104667058916204271420285141144
02008102504492003106518074019105491860363180183
02008102504492005105555069716705301740356183173
02008102504492005110178082621506112000411213198
02008102504492006100747070216705351750360184176
02008102504492006101323083221206202090411213198
02008102504492006101380071318505281800348178170
02008102504492006102453073018605441810363186177
02008102504502001107725086722206452120433218215
02008102504502004103183058615804281460282141141
02008102504502004105897064916804811620319157162
02008102504502005102236066417304911630328163165
02008102504502006100791084619406522110441223218
02008102504502006101066065116604851650320158162
02008102504502006101174071618705291770352174178
02008102504502006101198064116104801580322159163
02008102504502006105569065116704841620322162160
02008102504502006106637085120206492100439222217
02008102504502006110018066016304971660331166165
02008102504512002105164072818605421810361181180
02008102504512003105296064816204861550331168163
02008102504512004103066067917105081620346171175
02008102504512004103498068017305071750332165167
02008102504512006102941065117104801560324169155
02008102504522002100069076218905731830390189201
02008102504522003103580077120705641730391200191
02008102504522004100394071719305241760348173175
02008102504522004107097067819104871660321163158
02008102504522005104861083021706131970416208208
02008102504522005105114071819105271780349173176
02008102504522005110124071519905161710345180165
02008102504522006100760069818005181670351178173
02008102504522006101445076819405741940380195185
02008102504522006102618076419405701950375189186
02008102504532006100454073519605391770362181181
02008102504532006104079072719405331790354177177
02008102504532006106656071317705361730363186177
02008102504552006101013100326007432490494247247
02008102504592004103282066417404901660324161163
02008102504592005103353066318404791600319154165
02008102504592005110114068517205131670346169177
02008102504592006101220067717505021690333164169
02008102504592006101496069618505111730338170168
02008102504592006103267068518005051710334166168
02008102504592006103369068317905041700334165169
02008102504592006104505070918305261750351173178
02008102505012006100737072318205411810360177183
02008102505012006103557073118705441840360178182
02008102505042005102406071518805271800347171176
02008102505042005102538069116905221770345173172
02008102505042006103587072318105421790363183180
02008102505052003102998064515904861550331164167
02008102505052006102625066516704981650333163170
02008102505052006102926066516205031600343170173
02008102505052006105511065916304961580338162176
02008102505061999106723073017305571820375190185
02008102505062004103675079919806012030398205193
02008102505062004104101074518705581820376183193
02008102505062005103048087822006582140444222222
02008102505062005104880077220205701830387189198
02008102505072000102182075219205601830377185192
02008102505072000103551075018105691810388185203
02008102505072003103580063418204521660286151135
02008102505072005104861068419504891730316163153
02008102505072006104504085722406332160417210207
02008102505072006106725073618305531810372183189
02008102505082003106526080521105941990395194201
02008102505082004100394066616804981620336165171
02008102505082005105114066816904991630336164172
02008102505082006106653074919905501850365182183
02008102505092005106203072718805391770362184178
02008102505092006101013078020505751960379189190
02008102505092006102826073318605471780369181188
02008102505092006104723073619305431760367186181
02008102505092006106330072419405301720358183175
02008102505112006101980076919905701920378191187
02008102505112006103005082921206172050412215197
02008102505112006106012082821206162060410212198
02008102505122005109178077319205811840397197200
02008102505122006101676073618705491800369185184
02008102505122006103730073417605581810377188189
02008102505122006109026073518705481800368184184
02008102505142004104684068817305151660349175174
02008102505142004104693068517005151660349176173
02008102505142005104224068417405101630347174173
02008102505142006100737065516404911600331161170
02008102505152006103955067116405071640343167176
02008102505162006103478067717205051640341170171
02008102505162006103954081019506151950420201219
02008102505172006100177070517505301740356176180
02008102505172006103947073316705661880378191187
02008102505182006104832074518405611850376190186
02008102505192002100517065617204841640320157163
02008102505192005103454066517404911660325163162
02008102505192006101995073018305471860361181180
02008102505192006103101072918705421820360186174
02008102505192006104504064516504801550325157168
02008102505201999106723063215904731520321159162
02008102505202003110124050913603731260247123124
02008102505202005102852069918105181790339169170
02008102505202005103048081120406072000407201206
02008102505202005104880075819805601800380186194
02008102505202006103888070217905231780345170175
02008102505202006106746073617705591810378192186
02008102505212004101402069617305231730350176174
02008102505212005100990064316604771600317157160
02008102505212005102296080021105891830406202204
02008102505212006100152073518505501860364185179
02008102505212006100613073618405521850367184183
02008102505212006101679070418205221790343176167
02008102505212006103623073618505511850366186180
02008102505212006104243071418105331810352179173
02008102505242003106526079521005851940391200191
02008102505242006103005077220805641910373189184
02008102505242006103093066619904671590308159149
02008102505242006104278062817804501480302146156
02008102505242006106011067019504751750300157143
02008102505242006106012077220805641910373188185
02008102505242006106653072119305281800348180168
02008102505262003110262063616704691640305150155
02008102505262004103065073218305491840365187178
02008102505272004104684067317704961670329165164
02008102505272005104224067917505041690335171164
02008102505292004110145069917705221710351173178
02008102505292005100596067917105081660342165177
02008102505292006100544063716304741620312156156
02008102505292006103947068117505061660340167173
02008102505302005105261068317605071710336169167
02008102505302006102892070018005201750345175170
02008102505302006102912073718905481820366180186
02008102505302006109265061715204651460319159160
02008102505322005106004066216904931640329165164
02008102505322006100177074018105591760383188195
02008102505332004101855076619405721880384191193
02008102505332005103083070217705251700355176179
02008102505332006103765070117605251760349173176
02008102505332006106064076519205731920381194187
02008102505342004105564076919605731910382194188
02008102505342005102151062300000000000307150157
02008102505342006101923069817705211740347173174
02008102505352005100269077620405721910381190191
02008102505352005102852070717705301810349177172
02008102505352006102588082120306181930425212213
02008102505352006103888070717605311820349177172
02008102505352006106746068717405131730340170170
02008102505362004101402070418005241760348179169
02008102505362005102296073817405641880376181195
02008102505362006103093055814104171370280140140
02008102505362006103312074119205491850364185179
02008102505362006103964076018405761910385188197
02008102505362006104278054613904071350272137135
02008102505362006106011055014004101360274138136
02008102505362006110122075618805681920376197179
02008102505372006105323079720005971980399200199
02008102505382006102121072518405411740367184183
02008102505382006103021071819505231790344173171
02008102505392006104619095822607322090523236287
02008102505402003110262055215903931420251000000
02008102505412004103065057915704221410281138143
02008102505412005103831076819905691910378190188
02008102505412006103579076919905701870383190193
02008102505422005103198070317405291750354176178
02008102505452004103219073417605581750383179204
02008102505452005105261068717705101690341169172
02008102505452006102892068817605121700342173169
02008102505482003109116071718005371770360177183
02008102505482004105826076120405571830374184190
02008102505482006100762079820905891970392196196
02008102505482006105025077820205761870389189200
02008102505512005100269066217504871660321161160
02008102505512006101923000000004691520317156161
02008102505512006102844070317905241710353174179
02008102505522006100511072918505441830361180181
02008102505522006101023073118605451830362182180
02008102505522006102588079920205971940403201202
02008102505532006101832077819205861900396195201
02008102505532006102014069516905261740352176176
02008102505532006103600075419505591860373191182
02008102505532006106432075318705661900376188188
02008102505542004103840075318305701780392191201
02008102505552004100823072318305401810359175184
02008102505552005101733069718005171710346171175
02008102505562003102892074518405611770384183201
02008102505562006100779071418705271740353175178
02008102505562006101474071018505251750350174176
02008102505572005103831071017905311760355177178
02008102505572006103579070317405291720357176181
02008102505582005102948076618105851820403193210
02008102505582005103198065115304981550343166177
02008102505592003106645076220405582010357191166
02008102505592004100674000000000000000000000000
02008102505592004104412068316405191700349172177
02008102505592006103146073317605571840373190183
02008102506012006101016072319305301850345175170
02008102506022002100921068918905001730327164163
02008102506022003101392076420305611860375186189
02008102506022005101110076120205591860373184189
02008102506022006100219076020505551840371180191
02008102506022006104069076417505891790410207203
02008102506022006105255072618005461750371185186
02008102506022006105299071917505441730371180191
02008102506022006105437071319605171770340168172
02008102506022006105708071217205401770363181182
02008102506032005105501075119205591870372183189
02008102506032006101454081620506112000411201210
02008102506032006106088081720506122000412201211
02008102506042002100534076720205651920373187186
02008102506042004110231079420405901970393199194
02008102506052006102989072818705411850356181175
02008102506062006102621080620106051980407205202
02008102506072004102187072719005371790358177181
02008102506072004102303080619606101970413205208
02008102506072006103480078719405931970396198198
02008102506072006104310081720106161980418203215
02008102506072006105960081519806171990418207211
02008102506082005102300060414904551500305150155
02008102506082006100338061715504621490313153160
02008102506082006101236060615004561480308153155
02008102506082006101832070317705261710355174181
02008102506082006103600070417805261760350172178
02008102506092006102293069317405191720347173174
02008102506102004100823066216005021540348158190
02008102506102005101733062816904591620297155142
02008102506102005105663071121504961860310163147
02008102506102006100857069418605081730335170165
02008102506102006101044070817805301750355175180
02008102506102006102014070118105201750345000000
02008102506102006105246070317805251700355174181
02008102506102006105591066217204901610329168161
02008102506102006106432065615704991610338165173
02008102506122001103676089122306682200448221227
02008102506122004106225072618905371800357182175
02008102506132005102080068717105161710345168177
02008102506132006103099069718605111670344167177
02008102506142003104677081320406091970412203209
02008102506142005101308079119705941940400199201
02008102506142005105601072019005301730357177180
02008102506142006100445075919905601850375185190
02008102506142006100736068417505091660343171172
02008102506142006101710076622405421880354179175
02008102506142006104140078820305851940391200191
02008102506142006104738068417505091660343171172
02008102506152002105027070717705301710359178181
02008102506152006110112067517005051630342166176
02008102506162006101454074318505581800378184194
02008102506162006105255067217005021620340170170
02008102506162006105299067916305161630353168185
02008102506162006105708066316404991620337160177
02008102506162006106088074418405601800380184196
02008102506162006106260070116905321670365176189
02008102506172002100921066717804891630326159167
02008102506172003101264065620004561590297152145
02008102506172003101392066517504901580332163169
02008102506172003109317071718905281750353177176
02008102506172005102185072618405421730369178191
02008102506172005103146068017105091640345171174
02008102506172006100219069218405081710337171166
02008102506172006102424071418405301720358167191
02008102506172006102959067316905041670337165172
02008102506172006103012071918705321660366169197
02008102506172006104115071919205271760351175176
02008102506182005104091066220304591600299152147
02008102506182006103584077420605681950373191182
02008102506182006106583072719605311810350171179
02008102506192002100534068918005091700339169170
02008102506192005100138068516405211660355178177
02008102506192006101461076619205741840390192198
02008102506202002107108069717505221700352176176
02008102506202003102618069518105141730341170171
02008102506202004105241068017005101660344168176
02008102506202004110231072719005371830354180174
02008102506202006102989068417605081710337170167
02008102506202006103872067117105001630337168169
02008102506212004109132068015505251630362181181
02008102506212006104014077119305781910387194193
02008102506212006105555065017104791600319160159
02008102506222001110042076719905681890379188191
02008102506222005102546060915404551540301151150
02008102506222005103347068917805111740337161176
02008102506242006100857065717304841630321161160
02008102506242006102293065016704831620321157164
02008102506242006103898064418004641580306151155
02008102506252004110139061718404331440289144145
02008102506262006100062061115604551490306150156
02008102506262006103889063416204721590313156157
02008102506262006104498070017405261690357176181
02008102506282001103676068217205101700340170170
02008102506282006100736067816005181710347173174
02008102506282006104738067916105181710347174173
02008102506292005102305071718105361790357180177
02008102506302005100138073116705641700394188206
02008102506312002105027067017504951690326164162
02008102506322004105241068017805021640338168170
02008102506332002107108064516304821580324161163
02008102506332006103872065616504911650326166160
02008102506352001110042058816804201420278137141
02008102506382000103165068818105071690338167171
02008102506382005102154068917805111720339170169
02008102506392006101638072917705521760376183193
02008102506402006100257075319405591860373186187
02008102506402006101865073519705381870351179172
02008102506402006103035067016105091580351170181
02008102506402006104542068517105141660348169179
02008102506402006105275076920505641910373191182
02008102506402006105757000020000001810000181000
02008102506412003103615076419205721850387194193
02008102506412003110144071717605411780363178185
02008102506412005100043070718405231660357172185
02008102506412005109314057515304221400282141141
02008102506412006103883056214704151370278135143
02008102506412006105380057615104251440281140141
02008102506422002100819075920205571830374181193
02008102506422005106221074119105501810369181188
02008102506422006101489074317805651770388189199
02008102506422006105057068817205161650351171180
02008102506422006106593072017205481760372185187
02008102506432004110283069618005161660350167183
02008102506442004105574068418105031700333165168
02008102506442004106988067318004931680325165160
02008102506442006102609069318605071700337168169
02008102506452004101224079323605572030354191163
02008102506452005102305064116104801580322160162
02008102506462005103409068416605181640354171183
02008102506462006100120064416904751590316155161
02008102506462006105943080021105891920397193204
02008102507082001106479059015104391430296141155
02008102507082002100260072817505531780375186189
02008102507082002100866062015604641540310157153
02008102507082002107298073918805511920359186173
02008102507082004100862066916205071570350167183
02008102507082004103008055314404091380271133138
02008102507082004103125054113504061350271135136
02008102507082004106316058014804321420290145145
02008102507082005103513000000000000000000000000
02008102507082006100925062317404491600289152137
02008102507082006103159061715204651510314158156
02008102507082006105750064316704761570319156163
02008102507092003102561075519205631930370185185
02008102507092004100941073118005510000000000176
02008102507092004106928073419105431790364180184
02008102507092005103962074119405471860361177184
02008102507092005105469068116305181710347165182
02008102507092006100174067316805051630342169173
02008102507092006100768070417905251730352175177
02008102507092006100948074919105581860372182190
02008102507092006101022068217305091720337169168
02008102507092006101234067316205111620349173176
02008102507092006101846071118205291760353172181
02008102507092006102276073818405541800374182192
02008102507092006102561072719105361760360179181
02008102507092006103181069918305161670349171178
02008102507092006104156069618005161760340174166
02008102507092006104397072918805411850356177179
02008102507092006104398069318405091660343171172
02008102507092006104547071118205291760353174179
02008102507092006104809072018905311750356176180
02008102507102000110062068717505121630349169180
02008102507102005103326067217404981670331163168
02008102507102005105224071918805311770354176178
02008102507102005109313069017305171660351174177
02008102507102005110142070017905211640357170187
02008102507102006100942064416304811590322159163
02008102507102006101354069617705191730346172174
02008102507102006102470070517905261720354178176
02008102507102006102571069017305171640353172181
02008102507102006102711066215605061600346172174
02008102507102006103565071618105351740361178183
02008102507102006104153066917404951630332163169
02008102507102006104154063716004771580319155164
02008102507102006104500068217405081640344169175
02008102507102006105000068417305111720339166173
02008102507102006105650066316504981640334160174
02008102507102006105951068117805031690334165169
02008102507102006106019054813504131360277133144
02008102507102006106612070517905261720354178176
02008102507102006106903073219005421810361181180
02008102507102006106916065415804961520344164180
02008102507102006109133073118905421820360181179
02008102507112003106550085122006312090422211211
02008102507112005102716068317505081670341172169
02008102507112006104235073618305531810372186186
02008102507112006106873083620806282020426212214
02008102507122001103428061515904561530303153150
02008102507122003104068067816905091630346175171
02008102507122005100031068517105141680346171175
02008102507122005103726066216304991620337167170
02008102507122006102405062115104701550315155160
02008102507122006102499066517104941670327167160
02008102507122006106557068417405101670343169174
02008102507132001103160084121106302090421211210
02008102507132003100529077319205811890392193199
02008102507132003105273058816004281450283140143
02008102507132004100778065816804901610329160169
02008102507132004100790071917705421760366182184
02008102507132004102961059616404321500282136146
02008102507132004104512061016604441520292143149
02008102507132004110121061116204491520297146151
02008102507132005100949060715404531480305150155
02008102507132005102030081320806052010404202202
02008102507132005105443062516204631540309154155
02008102507132006102813067817005081650343170173
02008102507132006103029064016704731550318156162
02008102507132006104534072918505441850359183176
02008102507132006106411068117205091670342170172
02008102507132006106448073618205541830371179192
02008102507142002103887052015103691280241119122
02008102507142004102101078318705961890407200207
02008102507142004104731070317705261690357174183
02008102507142006105160069817305251690356176180
02008102507152002100451075919505641860378196182
02008102507152006101488077420405701940376191185
02008102507152006101935077620305731970376189187
02008102507162004102567069217305191670352175177
02008102507162006100831067416305111720339169170
02008102507162006102886067415305211570364178186
02008102507162006103900069217005221750347175172
02008102507162006105639069117105201680352176176
02008102507172003102729062015504651490316153163
02008102507172006104906071117405371750362181181
02008102507182003105026061600000000000306157149
02008102507182004102902066116604951640331165166
02008102507182005100588080620106052020403200203
02008102507182005103702068017905011700331170161
02008102507182005104631072418405401800360185175
02008102507182005105584071518005351790356182174
02008102507182006100466071318805251740351175176
02008102507182006101729066716005071620345170175
02008102507182006102139066816405041630341168173
02008102507182006102312065216404881580330165165
02008102507182006102319065315404991450354159195
02008102507182006105435067617804981700328170158
02008102507182006106398074819005581890369187182
02008102507192004104760078221405681970371189182
02008102507192004109165067616905071710336168168
02008102507192006103088066616405021650337169168
02008102507202003104360079621205841900394193201
02008102507202003106941063817204660000000000149
02008102507202005105924073619205441840360177183
02008102507202006101178073218305491780371182189
02008102507202006101999074819305551800375182193
02008102507202006104372076320505581820376190186
02008102507202006105871073918205571880369186183
02008102507212003106804073918205571770380186194
02008102507212005101528071919905201780342169173
02008102507212005102368068216705151600355174181
02008102507212005103513000000000000000000000165
02008102507212006103799071118705241780346169177
02008102507212006106906071118705241780346170176
02008102507222001106479061114304681380330149181
02008102507222005105117082420706172010416210206
02008102507232005102605067217904931650328163165
02008102507232005102727067517505001680332164168
02008102507232006101343071219805141770337170167
02008102507232006102122066916905001640336163173
02008102507232006102566071219905131770336169167
02008102507232006102765070318405191750344171173
02008102507232006103148070317805251710354172182
02008102507232006103159072717305541710383175208
02008102507232006104759066816904991640335163172
02008102507232006105750063716204751530322156166
02008102507232006109278068417705071690338168170
02008102507242004100941066216404980000000000165
02008102507242005103962062716204651520313154159
02008102507242005105224064816504831590324160164
02008102507242005106298069116305281660362177185
02008102507242006100948067817605021690333166167
02008102507242006101209067315805151590356173183
02008102507242006101296071818005381820356177179
02008102507242006102561064216604761560320163157
02008102507242006104852062615604701500320156164
02008102507242006105713071417905351810354177177
02008102507242006110001064516604791610318160158
02008102507252004100699070517905261700356175181
02008102507252004106928062915504741560318154164
02008102507252005103794068317705061650341170171
02008102507252005109313066415105131650348172176
02008102507252006100942065215504971510346172174
02008102507252006101222071418005341700364173191
02008102507252006102460070017705231710352174178
02008102507252006104235071618305331740359174185
02008102507252006105355069517705181720346170176
02008102507262004100778066616704991630336166170
02008102507262004104731065116504861590327161166
02008102507262005102030076719605711880383185198
02008102507262005103326060814904591510308150158
02008102507262006102470063315904741540320158162
02008102507262006102571065316604871610326162164
02008102507262006102813069017505151700345175170
02008102507262006102822078819705910000000000203
02008102507262006105000064016804721610311156155
02008102507262006105951061715804591510308151157
02008102507262006106411069117605151710344174170
02008102507262006106612063315904741540320157163
02008102507272001103160074418405601730387195192
02008102507272001103335064416204821580324160164
02008102507272003103002079219805941920402199203
02008102507272005100031064716104861580328163165
02008102507272005101647063715804791610318161157
02008102507272006102093079919706021950407202205
02008102507272006102499000017800001740000173000
02008102507272006102699063915804811600321162159
02008102507272006103122064716004871610326163163
02008102507272006105160069217905131690344171173
02008102507272006106557064715904881610327163164
02008102507282003103791067116705041700334168166
02008102507282005100631065416904851630322161161
02008102507282005110016067116205091670342166176
02008102507282006103655067116505061690337165172
02008102507282006110104066016604941620332159173
02008102507292003107368053513803971320265132133
02008102507292004106091074619105551830372183189
02008102507292005102601066717104961680328164164
02008102507292005104916060915604531520301150151
02008102507292005106702061716104561530303154149
02008102507292006102488073618605501870363181182
02008102507292006105469073618705491870362181181
02008102507292006106773096024007202320488239249
02008102507302001103061000000003991350264133131
02008102507302003104154063416604681550313153160
02008102507312004110029073918905501830367182185
02008102507312005100588078520305821940388195193
02008102507312005104631065516604891640325165160
02008102507312005105584064416304811580323163160
02008102507312005110188069117705141690345174171
02008102507312006103900069316905241620362179183
02008102507312006104906069716605311680363178185
02008102507332005103538062415504691560313157156
02008102507332006102464000017600000000000000000
02008102507332006103591068418005041670337168169
02008102507332006106204068418105031660337168169
02008102507342004104760059319204011620239125114
02008102507342006102373079121405771920385190195
02008102507342006106192079121405771930384189195
02008102507352006101178069017605141740340172168
02008102507362006103799068316905141650349174175
02008102507362006105871068917605131750338167171
02008102507362006106906069016905211710350175175
02008102507372005105924071018305271770350179171
02008102507372006101641072318105421770365178187
02008102507372006101999074319705461860360180180
02008102507372006104870071518005351760359170189
02008102507372006106273074818805601790381185196
02008102507382003106804065016304871550332153179
02008102507382005105117067116705041600344162182
02008102507392005102030075919705621880374186188
02008102507392006101878071018205281740354176178
02008102507392006105817070918105281730355176179
02008102507402004100699068918105081700338172166
02008102507402005103794067317205011640337166171
02008102507402006101222067817605021640338165173
02008102507402006101296070318105221770345173172
02008102507402006102460067817805001640336164172
02008102507402006102822000000000000000386000000
02008102507402006105355068117205091680341168173
02008102507402006105713070117905221770345173172
02008102507412001103160072017005501680382192190
02008102507422001103061000000003731270246124122
02008102507422003107368050413403701270243123120
02008102507432006102731064416504791610318156162
02008102507442004104148077322405491960353181172
02008102507442004106375072619105351770358185173
02008102507452004104185079920005991880411201210
02008102507452005100631065817104871590328163165
02008102507452005103778067016205081590349170179
02008102507452005110016066716205051590346167179
02008102507452006100277072218205401800360181179
02008102507452006100792072118205391790360184176
02008102507452006100862078719505921980394197197
02008102507452006102685076220505571950362186176
02008102507452006103129066616704991660333166167
02008102507452006103668072118105401800360181179
02008102507452006105450067016105091580351171180
02008102507462003106038071118605251690356171185
02008102507462006100865071918705321800352180172
02008102507462006104831075819005681870381189192
02008102507472004103655067617904971700327164163
02008102507482006101576076719505721900382189193
02008102507482006101591076819705711900381193188
02008102507482006101746076619705691920377189188
02008102507482006104170076919805711910380189191
02008102507482006104399066115105101500360174186
02008102507492004103104072517705481770371183188
02008102507492006102358076018705731870386191195
02008102507502006103610065516604891560333163170
02008102507502006106902065316304901570333163170
02008102507512006101641062115404671460321155166
02008102507522006104870067015605141600354170184
02008102507522006106273068516805171660351170181
02008102507532006104240073017805521760376187189
02008102507532006105581069517405211700351174177
02008102507542004106264072117405471820365181184
02008102507542006101017067217005021740328169159
02008102507542006106679068316505181690349173176
02008102507552001103671072517705481730375189186
02008102507552006106213083220906232020421210211
02008102507562005100667079619805981930405200205
02008102507572003102720069316805251770348175173
02008102507572003102852081921406052020403203200
02008102507572004104148064817904691640305155150
02008102507572004106852073419105431860357178179
02008102507572005102013076519305721840388191197
02008102507572005103373076119405671870380192188
02008102507572006104768075819305651880377184193
02008102507572006105407075719305641890375186189
02008102507592004104891070518105241720352174178
02008102507592004106375071618405321790353176177
02008102507592006100240066616704991670332177155
02008102507592006100792054616003861370249124125
02008102507592006102731067217205001640336164172
02008102507592006104119067616305131650348178170
02008102507592006106799069017705131730340172168
02008102508001998104034068617105151720343171172
02008102508002002106542000000005141670347170177
02008102508002004101772067816905091710338166172
02008102508002006100277067917305061680338169169
02008102508002006103668067817305051680337169168
02008102508012005100292065116104901620328164164
02008102508012005104877064815904891590330164166
02008102508012005110165063615804781560322159163
02008102508012006100865068617505111690342172170
02008102508012006101656065316404891580331166165
02008102508012006103686068418105031630340165175
02008102508012006104831068617105151690346171175
02008102508022004103655065517004851670318166152
02008102508022006100176068616705191640355175180
02008102508022006100862072817705511770374184190
02008102508022006101699064516604791590320160160
02008102508022006101977069016905211700351170181
02008102508022006102351066717004971630334167167
02008102508022006102898068617205141640350178172
02008102508022006103338068818505031690334168166
02008102508022006106442068717405131650348178170
02008102508032006101576069618105151730342173169
02008102508032006101591070718205251770348174174
02008102508032006101746070918105281770351175176
02008102508032006103610063816504731550318157161
02008102508032006104170071018205281760352175177
02008102508032006106902063516304721530319158161
02008102508042003102911070318205211770344170174
02008102508042005105185078721605712090362000000
02008102508042006101294079220905831970386196190
02008102508042006104399069617305231710352178174
02008102508042006106138079320905841990385196189
02008102508052005102240068818005081720336166170
02008102508052005105420066216504971650332165167
02008102508052005109307066317304901670323162161
02008102508062004109009097128306882440444225219
02008102508072005106279075219805541860368187181
02008102508072006103133075319805551870368187181
02008102508092001103671063717604611670294154140
02008102508092003102720068317705061650341170171
02008102508102003102852063719104461560290149141
02008102508102005100667000019400001810000185000
02008102508102005102013060218604161430273134139
02008102508122002106542067717205051690336173163
02008102508122005102047072819205361820354171183
02008102508122005103322068316705161740342171171
02008102508122006103894071918005391800359171188
02008102508122006106250070417905251770348172176
02008102508132004101772066116904921650327162165
02008102508132005102621066516904961650331164167
02008102508132005109322070617705291740355169186
02008102508132006101403069718605111720339169170
02008102508142002109374069918205171780339169170
02008102508142004104891056514604191380281141140
02008102508142004110201075320305501850365187178
02008102508142006100240063416104731590314160154
02008102508142006105607078420405801980382192190
02008102508142006106799064616404821560326164162
02008102508162004103502073218505471750372184188
02008102508172004100143066116504961600336166170
02008102508172005102157062516404611540307148159
02008102508172005102399053413603981320266133133
02008102508172005104990067616705091680341173168
02008102508172006103091071818005381780360176184
02008102508172006106084064315904841600324158166
02008102508182006100176069817605221720350175175
02008102508182006101294075118305681780390187203
02008102508182006101977071418105331820351175176
02008102508182006102898069517705181720346172174
02008102508182006106138075318405691780391188203
02008102508182006106442071118305281800348174174
02008102508192002100879074219605461830363181182
02008102508192005100211068517405111690342170172
02008102508202001109344072918305461800366184182
02008102508202002103435072118605351770358178180
02008102508202004109009081022905812000381193188
02008102508202005105420067017304971680329163166
02008102508202005109307066316305001630337164173
02008102508202006101864073618205541810373183190
02008102508212005102902087422506492120437216221
02008102508212005105185062817204561600296158138
02008102508212006104157072118805331800353176177
02008102508222004104204063416404701580312156156
02008102508222004109253069117705141710343172171
02008102508222005102849079318306101870423197226
02008102508232003102852061821404041540250126124
02008102508232004100565073421105231800343179164
02008102508232005100667072319405291760353174179
02008102508232005102013059720703900000000000123
02008102508232006104495073818705511910360182178
02008102508232006105550069818105171660351173178
02008102508242005102047068218105011710330160170
02008102508242005104192061917704421510291142149
02008102508242006101643072817305551740381190191
02008102508242006103838075218705651820383194189
02008102508242006103948074218905531810372185187
02008102508242006105958070617805281700358175183
02008102508252005102705089630605902160374188186
02008102508262002100623063216304691580311156155
02008102508262003102865059416304311470284145139
02008102508262005103032060915104581520306152154
02008102508262005110123064216804741600314156158
02008102508272003101523077620005761940382194188
02008102508272005109322067817705011690332165167
02008102508272006101403066817404941690325165160
02008102508272006103894070717605311710360177183
02008102508282005103322065315105021630339169170
02008102508292005104990062216504571570300154146
02008102508292006100167073218205501850365182183
02008102508302001106848072218105411750366182184
02008102508322004101480068017505051640341167174
02008102508322006104289066717104961620334165169
02008102508322006104338066917204971600337164173
02008102508322006106565069518005151760339172167
02008102508332006101831074620405421850357177180
02008102508352001106069075419905551900365187178
02008102508362001109344067916705121680344171173
02008102508362005102339071119205191690350178172
02008102508362005104192055616003961370259134125
02008102508362006101864068217005121620350175175
02008102508382005102705076123705241900334173161
02008102508422002107299070117905221720350173177
02008102508422005103032067716805091660343172171
02008102508422005110123067317305001640336167169
02008102508422006100167065916904901660324162162
02008102508422006104656069817105271710356174182
02008102508422006105637070517705281750353174179
02008102508422006105796074318905541810373186187
02008102508432003101523071518305321860346184162
02008102508432006100881059215104411470294146148
02008102508442001106848055414504091340275133142
02008102508452002100650067317704961640332160172
02008102508452004101480068017605041670337168169
02008102508452005100831065616604901570333162171
02008102508452005103138063017704531550298153145
02008102508452006104376070117605251700355175180
02008102508462006103418080921905901940396196200
02008102508501999101793085620706492020447211236
02008102508502001106069074019205481860362180182
02008102508502005106739066917404951680327165162
02008102508502006103681067116905021660336167169
02008102508502006104390074118105601820378190188
02008102508542003102855059915204471490298143155
02008102508542003106031069216605261680358176182
02008102508542004110169076619905671920375188187
02008102508542006100810061415204621470315155160
02008102508542006101194059015004401480292139153
02008102508542006104545075919905601910369189180
02008102508542006104926076520305621930369184185
02008102508562004101768072618505411740367181186
02008102508562006105796072717705501730377183194
02008102509002004102198070218505171780339179160
02008102509012003105067069116805231720351181170
02008102509012004103636068717605111680343173170
02008102509012005103849073118005510000000000185
02008102509012006101224068717705101690341172169
02008102509012006106349066316404991620337170167
02008102509032004101246066421604481580290147143
02008102509042006103271069317505181720346174172
02008102509052006102592071818805301790351176175
02008102509052006102598071918805311790352177175
02008102509052006103685071818705311800351176175
02008102509072006100632073418405501810369183186
02008102509092003102333072818405441780366181185
02008102509092006104545071018305271710356177179
02008102509092006104926071018305271730354177177
02008102509102004101768072118805331740359175184
02008102509112005100564068217905031710332164168
02008102509112006101372067918004991710328163165
02008102509112006103224067317904941670327163164
02008102509122004100321079319805951960399196203
02008102509122006101312075620105551860369187182
02008102509122006104011073517605591790380187193
02008102509122006105366075620005561860370188182
02008102509122006106509067815905190000000000183
02008102509152003107326073018505451820363181182
02008102509152004100715075421105431910352182170
02008102509152006106060072718305441810363183180
02008102509162003104562073218405481960352179173
02008102509162006106826065116604851580327156171
02008102509182006102592069018405061750331168163
02008102509182006102598069718405131750338168170
02008102509182006103685068918405051750330168162
02008102509192004100749060715004571490308153155
02008102509192006101244059114804431410302149153
02008102509192006102163058715004371410296146150
02008102509212005105514086020406562080448216232
02008102509232002107405072418205421740368180188
02008102509232006101275072417905451840361177184
02008102509232006103956073318405491780371183188
02008102509232006104252072418205421830359177182
02008102509242004103038080220305991950404199205
02008102509242006102340081120506061960410203207
02008102509242006106768000000005611930368190178
02008102509252006100171077421605581980360180180
02008102509252006102403077120605651980367184183
02008102509462003100055071117705340000000000168
02008102509462005102211072218405381760362182180
02008102509462006101503073818105571860371190181
02008102509462006101708072218105411780363179184
02008102509472006100171065317804751600315158157
02008102509472006100210091123106802260454231223
02008102509482004100047079121505762020374191183
02008102509512003104216068416205221690353176177
02008102509512005102397075919605631890374188186
02008102509512005106223074218905531820371182189
02008102509522004105121067816905091660343169174
02008102509522006102831064016204781580320163157
02008102509522006110026066016404961710325164161
02008102509532006104373067616505111620349176173
02008102509532006106741068417605081710337169168
02008102509542006102020066018204781700308157151
02008102509542006102328065718104761700306156150
02008102509542006104914065718104761700306157149
02008102509542006106127072818805401790361181180
02008102509552002106028067617405021700332165167
02008102509552004100721000000005171730344173171
02008102509552004107050069817405241750349173176
02008102509552005102862065816904891630326163163
02008102509552005104528069517105241690355173182
02008102509552006103001068316905141700344170174
02008102509552006105244068517405111670344170174
02008102509552006105391065315904941630331166165
02008102509552006106717068016505151650350171179
02008102509562002102845071817605421790363181182
02008102509572004105309070217005321710361175186
02008102509572006105050072619105351820353176177
02008102510012001107655072218605361760360175185
02008102510012002105677083919206472100437218219
02008102510012005100050060416304411510290146144
02008102510012005100623068617205141630351176175
02008102510012006101708064416604781620316160156
02008102510012006103382069917805211680353176177
02008102510012006106506068017605041720332166166
02008102510022004100047074921105381890349180169
02008102510022006100474000000000000000000000000
02008102510022006101442080720406032000403199204
02008102510022006102723073518605491800369179190
02008102510022006106483066317804851680317160157
02008102510022006106782066116704941620332164168
02008102510032006103479073218405481770371187184
02008102510052000106259073321205211880333168165
02008102510062003104216062916004691560313155158
02008102510062005106223072418205421800362179183
02008102510072006106682072118105401770363182181
02008102510122005102155087322406492190430215215
02008102510142002102845061514904661420324153171
02008102510142004105285070818305251780347174173
02008102510142005103839060715804491480301147154
02008102510142005104528069517305221740348174174
02008102510142006101976065315205011570344177167
02008102510142006103001069917605231700353176177
02008102510142006106717068616905171660351170181
02008102510152001107655070217505271690358175183
02008102510172005105727071118105301710359178181
02008102510182001102176068317605071690338169169
02008102510182006102723069717605211640357171186
02008102510182006104472069917905201740346167179
02008102510192000106259071019105191830336169167
02008102510192006101442082921006192080411201210
02008102510242005102155085421606382060432213219
02008102510252006103574065616604901610329165164
02008102510272004103435070818105271740353177176
02008102510272005100497072918805411790362180182
02008102510292003100878074219105511790372184188
02008102510292006100252075319105621810381188193
02008102510292006102949076319105721860386191195
02008102510292006103269075718905681860382189193
02008102510302005105727054514603991360263134129
02008102510332001102176065816504931630330163167
02008102510342006104472067217504971650332163169
02008102510362005106587069818705111780333176157
02008102510362006100614071918505341800354176178
02008102510372005102155075819605621860376188188
02008102510382001103714068517405111720339167172
02008102510422003100878054814204061330273134139
02008102510422006100252068717505121660346169177
02008102510422006102949068600000000000342167175
02008102510422006103269068517605091670342167175
02008102510482004102521060513804670000000000172
02008102510582003105155079320105921940398197201
02008102510592003102875086224206202170403205198
02008102511112003102875080021705831930390194196
02008102511112003105155072618705391780361180181
02008102511242003102875073018905411770364180184
02008102511242003105155071518105341780356180176
