02017012706592013102841070418005241750349177172
02017012707002009105278064417204721660306156150
02017012707002011101451065016804821590323162161
02017012707002011104237062016104591560303150153
02017012707002011104295064417004741660308157151
02017012707002012100671061415704571520305153152
02017012707002012104121062917704521630289149140
02017012707002012104625061815904591580301152149
02017012707002013103678067617105051650340166174
02017012707002013105698063317504581690289156133
02017012707002013105870063917004691650304154150
02017012707002014101547064517404711660305155150
02017012707002014102128062116504561540302154148
02017012707002014109163070016905311690362179183
02017012707012012106103071117905321720360172188
02017012707012012106421065916704921610331163168
02017012707012013102022075318705661910375188187
02017012707012014100776069618105151730342172170
02017012707012014101306065816704911640327164163
02017012707012014101753068617705091700339171168
02017012707012014101889068617905071680339169170
02017012707012014101895068817705111710340170170
02017012707012014102700064216404781630315159156
02017012707012014103179064715804891600329163166
02017012707012014103901064317204711610310159151
02017012707012014103957067117604951700325169156
02017012707012014104070066016304971650332167165
02017012707012014104296066916905001650335168167
02017012707012014104891068716805191680351176175
02017012707012014105644064616204841560328163165
02017012707012014105903065817004881660322163159
02017012707012014106012062916804611610300152148
02017012707012014106351064617004761610315158157
02017012707012014106354070918205271750352174178
02017012707012014106541069517305221720350174176
02017012707012014110077062016204581600298148150
02017012707022012101775067516805071640343176167
02017012707022012102604068216305191730346172174
02017012707022012102816062016404561560300148152
02017012707022013104647066716505021700332163169
02017012707022013106010069718705101730337163174
02017012707022014100132067016505051720333168165
02017012707022014100264069118605051770328170158
02017012707022014100417054914704021410261132129
02017012707022014101550054314803951360259131128
02017012707022014101991057714604311460285142143
02017012707022014102234071018405261770349176173
02017012707022014102487062115604651540311153158
02017012707022014103761074819405541870367181186
02017012707022014104357069117205191610358180178
02017012707022014105562062616304631600303153150
02017012707022014105648066816405041590345173172
02017012707022014106362071018305271770350174176
02017012707022014109102066016804921560336165171
02017012707022014109127069617405221800342172170
02017012707032012103115068317505081700338165173
02017012707032012104925070118505161780338178160
02017012707032013100022067115805131660347169178
02017012707032013101647068516405211630358176182
02017012707032013104215067317005031670336168168
02017012707032013109018071918005391780361180181
02017012707032014100287069717505221660356176180
02017012707032014100718070518005251710354169185
02017012707032014102246069117305181740344173171
02017012707032014102612073718405531810372180192
02017012707032014103189068717705101670343171172
02017012707032014103419065216804841630321162159
02017012707032014103451069917905201720348168180
02017012707032014103741066516205031660337165172
02017012707032014104274069717305241720352168184
02017012707032014104659067816705111640347173174
02017012707032014104804068217505071680339167172
02017012707032014105051068216905131710342175167
02017012707032014105171069916705321690363176187
02017012707032014105351075219305591860373189184
02017012707032014105751067616705091660343169174
02017012707032014110121069718205151760339168171
02017012707042012103204070118105201790341174167
02017012707042013103722071917805411770364180184
02017012707042013105443069818005181720346174172
02017012707042013105991070417505291720357182175
02017012707042014100246071217705351740361180181
02017012707042014101461070616505411730368184184
02017012707042014103616069718405131770336175161
02017012707042014105509069918105181780340176164
02017012707042014105781071318605271790348177171
02017012707042014106026060415604481500298150148
02017012707042014106166061016604441520292148144
02017012707042014109025066617104951640331162169
02017012707052009102554071217005421820360180180
02017012707052010102446074919305561890367184183
02017012707052011100191072218605361800356177179
02017012707052011102450069617105251700355175180
02017012707052011103079067516605091650344169175
02017012707052012102498070618705191790340173167
02017012707052012104119066816305051690336170166
02017012707052012105873072019505251710354177177
02017012707052014100229074919105581900368184184
02017012707052014100637068317005131670346172174
02017012707052014100775093622007162270489241248
02017012707052014101023074819005581900368182186
02017012707052014101421071917705421800362179183
02017012707052014101519069317205211640357176181
02017012707052014102247073818605521880364178186
02017012707052014102315071418605281730355174181
02017012707052014103803065815904991600339167172
02017012707052014104182071718305341800354175179
02017012707052014104658069117605151740341167174
02017012707052014104975068317105121720340171169
02017012707052014105141064716204851620323160163
02017012707052014106517068617005161650351174177
02017012707052014110004072918605431790364180184
02017012707052014110079065917004891690320169151
02017012707062010103291071818905291790350176174
02017012707062012103796069417705171740343175168
02017012707062012105964065616404921640328163165
02017012707062013103484069818205161730343171172
02017012707062013105745070418105231740349173176
02017012707062014100569068916805211710350172178
02017012707062014101512064216404781600318156162
02017012707062014101700069117205191660353174179
02017012707062014102172069418405101720338172166
02017012707062014102185069517805171720345172173
02017012707062014102674069817705211700351177174
02017012707062014102701065516504901610329160169
02017012707062014102976070318305201730347171176
02017012707062014103259070018705131700343172171
02017012707062014103913069017005201700350171179
02017012707062014104556071918205371740363175188
02017012707062014105128070316205411750366190176
02017012707062014109089070217105311760355180175
02017012707072009103929068216805141700344171173
02017012707072011102050065516004951630332164168
02017012707072011104189066216504971610336165171
02017012707072011104452066216504971620335165170
02017012707072012105076068817105171700347172175
02017012707072013100491066516205031620341173168
02017012707072013102133070118405171730344176168
02017012707072014100125070517005351710364176188
02017012707072014100212092921507142160498236262
02017012707072014101988067917305061680338167171
02017012707072014102296072819905291870342173169
02017012707072014103503066616505011680333166167
02017012707072014104189067916705121690343172171
02017012707072014104229068017605041580346166180
02017012707072014105274067817105071690338164174
02017012707072014105754065216004921650327163164
02017012707072014106148069917505241690355177178
02017012707082012100331070717605311810350179171
02017012707082012100545069317705161750341180161
02017012707082013103085067617704991780321165156
02017012707082013104189069817705211770344173171
02017012707082013105408071217705351780357177180
02017012707082014100902072517505501750375191184
02017012707082014101746067517604991790320166154
02017012707082014101845067617305031680335172163
02017012707082014102326067816705111720339170169
02017012707082014106355073017805521770375189186
02017012707092011110059078918706021980404198206
02017012707092014100852067717005071640343169174
02017012707092014104003069116305281680360178182
02017012707102011104256072418605381770361175186
02017012707102012104208069318905041830321159162
02017012707102014105608077819905791950384197187
02017012707112011101456071918405351780357177180
02017012707112011105712070819405141780336171165
02017012707112012106315070017405261700356178178
02017012707112013104137073119605351860349184165
02017012707112014102188068718105061700336172164
02017012707112014105261069117905121740338171167
02017012707112014105563070017905211770344175169
02017012707122009100680070217505271770350177173
02017012707122010100307056414604181430275135140
02017012707122011105359067317005031630340167173
02017012707122012101712065816604921640328163165
02017012707122013103665067917305061680338173165
02017012707122014102087070617605301740356180176
02017012707122014103465067516705081640344171173
02017012707122014104218067416705071630344171173
02017012707122014104763066417104931670326169157
02017012707122014105096064716004871620325158167
02017012707122014106125070817805301800350172178
02017012707122014106364067916505141630351176175
02017012707122014110074064616004861620324161163
02017012707132013103678067718504921740318158160
02017012707132013104621070718905181820336167169
02017012707132014104386063815904791610318161157
02017012707132014106354068717105161690347174173
02017012707142014100345063815704811580323159164
02017012707142014100429069518405111720339175164
02017012707142014100730068618005061720334172162
02017012707142014103689068818105071710336172164
02017012707142014103791068316905141680346171175
02017012707142014106362063816504731520321154167
02017012707152013103786065316804851530332166166
02017012707152014102724072518805371820355181174
02017012707152014104301063616204741510323166157
02017012707152014104510064517404711570314158156
02017012707152014106312065116904821630319160159
02017012707152014109101072319705261900336173163
02017012707152014109127063816604721610311156155
02017012707162011103449065616904871720315167148
02017012707162011110086065917104881760312164148
02017012707162013106337071418305311840347172175
02017012707162014100159070018005201760344174170
02017012707162014100299069917605231780345174171
02017012707162014101306064516904761620314156158
02017012707162014101332068917605131730340170170
02017012707162014103600069317505181710347174173
02017012707162014104296063616604701600310157153
02017012707162014105903063516404711610310156154
02017012707172009100706062816304651550310152158
02017012707172009100949063415904751610314160154
02017012707172009105407067917405051720333171162
02017012707172011100988055615304031420261131130
02017012707172014100285064216504771610316161155
02017012707172014100459063915204871510336164172
02017012707172014100744064815804901550335166169
02017012707172014106232067716505121670345173172
02017012707172014106277067716505121730339171168
02017012707182012101216063215904731610312155157
02017012707182012102341067817005081680340169171
02017012707182012104938067717305041680336170166
02017012707182013100584064916604831610322161161
02017012707182014102246069617505211750346172174
02017012707182014103419054114703941380256130126
02017012707182014104560063615404821550327166161
02017012707182014105136064115704841590325163162
02017012707192013104647064816804801580322163159
02017012707192013106399065615305031650338169169
02017012707192014100132065217004821580324161163
02017012707192014104804066617604901650325164161
02017012707192014105351065617104851620323164159
02017012707202010102446070419905051750330157173
02017012707202011100191068918705021810321161160
02017012707202011102050065016304871610326166160
02017012707202011104189065716204951640331167164
02017012707202011104452066516804971660331171160
02017012707202012103204066317004931650328169159
02017012707202012105873064716104861570329160169
02017012707202014100229069819405041770327158169
02017012707202014101023070019105091810328158170
02017012707202014102315066817204961670329170159
02017012707202014102909060215404481530295149146
02017012707202014105141062915804711570314157157
02017012707202014105509065617104851650320164156
02017012707202014105754066316305001630337170167
02017012707202014105781065417104831640319163156
02017012707202014106517068917605131840329165164
02017012707212010103291063916304761560320165155
02017012707212011103280067016205081660342169173
02017012707212012103142066116804931690324163161
02017012707212012103180067117504961670329169160
02017012707212014105485064916704821660316160156
02017012707212014105898065917004891630326165161
02017012707212014106004068717405131710342173169
02017012707222011100083067217205001710329164165
02017012707222012102498062516704581620296152144
02017012707222013105343063616304731640309157152
02017012707222014102674071717805391820357181176
02017012707222014104556070817805301750355181174
02017012707222014105065065816504931620331165166
02017012707222014105470066417504891700319160159
02017012707222014105743064616204841640320161159
02017012707222014110072068817305151670348172176
02017012707232011105825065717104861690317164153
02017012707232012104329064416204821600322162160
02017012707232013100321069317905141720342173169
02017012707232013110083070417805261700356175181
02017012707232014100212069317505181690349179170
02017012707232014100376069117705141710343172171
02017012707232014102296069518005151720343172171
02017012707232014103657078120405771970380194186
02017012707232014109104091025606542300424209215
02017012707242011103520061315804551620293148145
02017012707242011104487063315804751610314158156
02017012707242012105076066616205041670337166171
02017012707242013100206062915904701620308153155
02017012707242014100852068617205141750339166173
02017012707242014103503065916204971680329162167
02017012707242014105576060815004581470311150161
02017012707252010100483062515604691580311158153
02017012707252011101456066516205031630340167173
02017012707252011104201062515504701580312156156
02017012707252013103817062615704691560313158155
02017012707252014101387069117605151750340173167
02017012707252014105388068217705051740331168163
02017012707252014105797068317305101740336171165
02017012707272012102452079919906001940406205201
02017012707292011105359061515104641500314155159
02017012707292013106262063816804701660304159145
02017012707292014102135067517005051700335165170
02017012707292014103410072018305371830354183171
02017012707302013103682065117404771680309156153
02017012707302014103987065617404821680314158156
02017012707302014105140071817805401790361169192
02017012707302014106329057615204241420282141141
02017012707312013102907069816705311750356178178
02017012707312014100088065116704841640320159161
02017012707312014100720069016605241700354176178
02017012707312014101975067518004951700325162163
02017012707312014104107069017605141700344172172
02017012707332014100089067817405041740330165165
02017012707332014101701081120906022010401197204
02017012707342014103807071119605151820333168165
02017012707352014105988069318105121720340173167
02017012707362013103589067616705091660343169174
02017012707362014101455070416905351700365176189
02017012707362014103417074218705551760379186193
02017012707372012105670063516604691570312156156
02017012707372014101001072118205391810358185173
02017012707382012105574072018905311780353178175
02017012707392009102678072017405461770369185184
02017012707422013104904069316905241720352173179
02017012707422014100625069217405181670351171180
02017012707422014101623070017605241650359175184
02017012707422014102264067516605091620347171176
02017012707422014105042068516505201640356168188
02017012707432010104032069518105141710343170173
02017012707432012103720069816805301710359178181
02017012707432014103782068417305111770334168166
02017012707432014104736068617405121770335169166
02017012707432014106044068817605121730339167172
02017012707442014100124071318105321800352179173
02017012707452013103101062815404741530321155166
02017012707452014104302070118205191730346172174
02017012707452014104307068017705031690334163171
02017012707462013102894068716805191740345167178
02017012707462014100379066116804931710322162160
02017012707462014102334063015904711520319155164
02017012707462014103237070017305271760351181170
02017012707462014103410070717705301830347175172
02017012707462014104813063116104701520318155163
02017012707462014109085064915204971580339170169
02017012707472014100089071118005311800351177174
02017012707472014102663071817905391810358180178
02017012707482013102345068818105071740333164169
02017012707482014100740072819105371780359186173
02017012707482014101692077620205741950379203176
02017012707482014104259072918905401820358178180
02017012707482014106484072518505401810359179180
02017012707492014102580071618605301640366180186
02017012707522013104816069917805211700351177174
02017012707542013103572074522405211920329177152
02017012707552010104875073918305561790377184193
02017012707552013106157068116505161730343176167
02017012707562012104685070317805251740351180171
02017012707562013101946069217705151760339179160
02017012707572012102815073717905581780380182198
02017012707572014101637070217305291690360183177
02017012707582012103720069517905161740342170172
02017012707582013102094069618205141830331169162
02017012707582013104904069117105201720348177171
02017012707582013109095071817605421780364182182
02017012707582014100625071117505361740362183179
02017012707582014102355067718004971740323165158
02017012707582014102467070516305421800362182180
02017012707582014104416069418905051700335171164
02017012707582014104737065917804811660315159156
02017012707582014105042067117304981670331161170
02017012707592010104032066317104921680324165159
02017012707592013104067057214604261430283143140
02017012707592014102806057214604261430283142141
02017012707592014103477071917905401750365180185
02017012707592014103954066116105001600340173167
02017012707592014104131066416205021680334178156
02017012707592014104736066717504921700322159163
02017012708002011104309063016004701550315156159
02017012708002014100104069117205191710348176172
02017012708002014104701071017605341780356177179
02017012708002014106441067116105101590351172179
02017012708032013105816072719305341840350181169
02017012708282011103324066817104971680329169160
02017012708282012103932067517604991720327169158
02017012708292014102099072319105321790353181172
02017012708292014103123070818905191840335172163
02017012708292014104977072118105401790361184177
02017012708302009105855070017805221770345176169
02017012708302014103204070218505171680349180169
02017012708322014102205064016504751600315157158
02017012708322014103504068117905021700332170162
02017012708332014105536084223106112050406204202
02017012708372009104888068817505131700343174169
02017012708372011104759066217004921670325162163
02017012708402011100360091429406202250395203192
02017012708452009105855069617705191810338173165
02017012708452014103204070118005211810340182158
02017012708472008101952072718805391770362178184
02017012708532009101967073318005531790374185189
02017012708532014102031068017205081710337167170
02017012708562014100867067517105041640340171169
02017012708582012101040064615604901580332161171
02017012708582012101380059415104431480295153142
02017012708582014100157070117805231670356176180
02017012708582014101959070317405291690360178182
02017012708582014105144070917705321720360178182
02017012708582014105225059115004411440297154143
02017012708582014105773069917705221680354174180
02017012708592014103017070420005041790325165160
02017012708592014104553067817505031720331165166
02017012709012008101952070317005331720361181180
02017012709022012101436077321005631960367186181
02017012709042012102736069017005201740346175171
02017012709052009103847068419704871710316155161
02017012709052012105673069917305261710355174181
02017012709062014109159065915505041620342173169
02017012709092014100916076718005871890398199199
02017012709102013102129065215904931530340163177
02017012709102014103232061416004541510303157146
02017012709112013103674053614303931360257129128
02017012709112014104553068017305071690338171167
02017012709122012101894064016904711610310160150
02017012709122014102262070320005031690334162172
02017012709122014103017064616904771580319154165
02017012709122014104387064116904721610311159152
02017012709122014105122070017905211730348172176
02017012709132012104126066017304871730314162152
02017012709132012110084069317605171720345176169
02017012709142009105926060916404451500295148147
02017012709142014102667066917304961720324165159
02017012709152012101040069316805251690356172184
02017012709152014100157067216505071670340163177
02017012709152014100843065016304871600327168159
02017012709152014100894069016305271710356178178
02017012709152014101959067816705111640347167180
02017012709152014102106064516204831550328166162
02017012709152014103972064515904861590327161166
02017012709152014105144068816705211680353173180
02017012709152014105773066616205041660338166172
02017012709162012104902069917505241760348176172
02017012709162014100898069817405241770347172175
02017012709162014106040069217005221700352173179
02017012709162014110070060316304401500290149141
02017012709172011106613069117105201700350175175
02017012709172012101132068918205071660341170171
02017012709172012103815067418104931630330162168
02017012709172013104934069116905221690353177176
02017012709172014100095077319705761910385194191
02017012709172014100135077519505801950385193192
02017012709172014101372069817205261680358174184
02017012709172014101734069016905211690352176176
02017012709172014101879069918105181800338165173
02017012709172014102085069917005291790350175175
02017012709172014102313070118205191810338164174
02017012709172014106438068116705141700344174170
02017012709182011100564068617305131730340171169
02017012709182012101436068217905031680335165170
02017012709182013102829069517405211730348175173
02017012709182013105754065917404851680317161156
02017012709182013105820067017404961730323164159
02017012709182014101150066917304961740322169153
02017012709182014101312066415905051710334167167
02017012709182014101842067417205021720330170160
02017012709182014103376067316505081690339170169
02017012709192013105680063215304791590320162158
02017012709202009110017080821105971940403208195
02017012709202011103836067918404951730322162160
02017012709202011104019078521105742010373191182
02017012709202012101108072118905321770355180175
02017012709202012110100068217405081740334167167
02017012709202013104415069017805121720340172168
02017012709202013105764073219705351940341172169
02017012709202014104264068617305131740339172167
02017012709202014105247079720905881920396208188
02017012709202014105465079020905811960385199186
02017012709202014105514070519805071750332174158
02017012709202014110118071419105231830340177163
02017012709222012101185066517004951680327166161
02017012709222014101416066416504991650334171163
02017012709222014103120070017505251770348174174
02017012709222014104267068217305091690340173167
02017012709232010103556067416705071680339171168
02017012709232013103993069417105231840339171168
02017012709232014101545073720305341840350178172
02017012709242014100690070617405321800352176176
02017012709242014102738071817705411790362182180
02017012709242014103810070317605271760351176175
02017012709442013102938063315704761580318159159
02017012709452012104582063715804791670312161151
02017012709452013103993054714504021440258133125
02017012709462010103556063816004781570321159162
02017012709462010105893068717505121680344173171
02017012709462011104228064317104721630309152157
02017012709462012104257064216004821570325162163
02017012709462012105341067116805031660337173164
02017012709462013100404064216204801610319164155
02017012709462013104871066817404941670327163164
02017012709462013105531064016304771600317164153
02017012709462013105540063716304741560318161157
02017012709462013106111064116304781570321165156
02017012709462014100356069417905151710344173171
02017012709462014100723068817505131720341170171
02017012709462014100960063516504701610309160149
02017012709462014101247063516204731550318157161
02017012709462014101539062616604601580302156146
02017012709462014101825064616204841550329167162
02017012709462014103009069417805161770339170169
02017012709462014105251067517305021670335164171
02017012709462014105324064717304741610313158155
02017012709472009102606067316905041660338167171
02017012709472011100705069317705161730343173170
02017012709472011106544059816404341570277141136
02017012709472012101567066916905001670333163170
02017012709472013101578061415904551490306151155
02017012709472013103617068017205081680340169171
02017012709472013104884063916604731570316157159
02017012709472013105024066417204921570335165170
02017012709472014100062069717005271770350174176
02017012709472014100926063115904721530319157162
02017012709472014101906066717204951590336165171
02017012709472014102743066717104961600336167169
02017012709472014103323064116804731630310163147
02017012709472014105393066517204931610332165167
02017012709472014105402063516904661530313151162
02017012709472014109012067217304991650334166168
02017012709482012101246070318105221740348178170
02017012709482013100528069216805241750349173176
02017012709482013104779068917005191710348177171
02017012709482013105594069118305081700338168170
02017012709482014101945071717805391760363181182
02017012709482014102063069318205111700341170171
02017012709482014102150070219005121760336173163
02017012709482014102640077519505801930387191196
02017012709482014103346067617305031680335167168
02017012709482014103700068618005061740332166166
02017012709482014103887069718605111760335167168
02017012709482014104397068118005011700331164167
02017012709492012100691073318405491840365182183
02017012709492013103705069117805131740339171168
02017012709492013104145083721906182060412206206
02017012709492013104179075017905711810390195195
02017012709492014104194077819705811970384200184
02017012709492014105123068817805101750335172163
02017012709502010105871063916304761580318163155
02017012709502010110015069917105281750353177176
02017012709502012104337068317405091670342169173
02017012709502013105556074319605471840363185178
02017012709502014100144072118105401810359181178
02017012709502014100224069517305221660356176180
02017012709502014100484073519005451860359181178
02017012709502014100729071217505371730364182182
02017012709502014100898069317505181720346175171
02017012709502014101372070517205331800353180173
02017012709502014101619067616505111720339169170
02017012709502014101678070018505151720343168175
02017012709502014101879071318305301760354182172
02017012709502014102078072417605481770371185186
02017012709502014102313069717605211750346175171
02017012709502014102899068416905151720343167176
02017012709502014103192073919405451850360183177
02017012709502014103341071317405391770362181181
02017012709502014105483069017105191680351175176
02017012709512010100460067717305041710333168165
02017012709512011110102066516904961650331165166
02017012709512013102549065616904871630324162162
02017012709512013105933067018504851710314157157
02017012709512014100151068217205101730337170167
02017012709512014101278069117405171730344167177
02017012709512014104262066617004961640332164168
02017012709512014106169000000000000000000000000
02017012709522011102547069317305201710349175174
02017012709522012104538070118605151770338168170
02017012709522013103690066616205041610343167176
02017012709522013106128076019605641940370185185
02017012709522014101859067416605081670341180161
02017012709522014102493068017305071640343174169
02017012709522014105050065915105081570351169182
02017012709532009105779065216304891630326166160
02017012709532011104291069517605191720347171176
02017012709532013105451066717404931660327166161
02017012709532013105713069617705191700349175174
02017012709542012102178071718405331770356176180
02017012709542014100669072218205401780362177185
02017012709562012105206060516004451530292145147
02017012709562014100093071118505261710355183172
02017012709562014101903071117905321760356177179
02017012709562014103389068217405081660342167175
02017012709562014106493068517605091630346168178
02017012709572014103306069117205191670352178174
02017012709572014104282068417405101660344172172
02017012709582012102848078020705732000373192181
02017012709582014103138071919005291790350185165
02017012709582014103658078120705742000374192182
02017012709582014104900072919005391800359184175
02017012709592011105458063516704681610307155152
02017012709592013103379068818405041670337170167
02017012709592013104828067917805011720329171158
02017012710012010105893068317005131670346175171
02017012710012014104181082121006112080403202201
02017012710012014104812079020305871930394197197
02017012710012014106321082221006122090403201202
02017012710022011100705067217604961720324163161
02017012710022014104397069718205151720343168175
02017012710022014105251067717605011690332168164
02017012710032012101246065916704921660326164162
02017012710032013100528066016604941600334164170
02017012710032013105594065317504781590319157162
02017012710032014100200064416904751610314159155
02017012710032014100871063416604681590309154155
02017012710032014101727069417905151700345171174
02017012710032014102063066916905001660334171163
02017012710032014103700065917904801640316158158
02017012710032014105708067917505041670337170167
02017012710042012100287063416004741580316159157
02017012710042012101317063816104771590318159159
02017012710042012102094067417804961710325164161
02017012710042012104103063916104781570321159162
02017012710042013103973063616004761630313158155
02017012710042013105426063716204751580317158159
02017012710042013106398063616104751590316158158
02017012710042014100286068816805201710349175174
02017012710042014100682068617005161720344173171
02017012710052011103928068617505111710340171169
02017012710052013103427068517705081660342173169
02017012710052013104179069916705321690363179184
02017012710052014100087071218605261800346182164
02017012710052014100151067216905031710332166166
02017012710052014100401073818705511850366189177
02017012710052014101117068017605041720332169163
02017012710062010100460063315104821570325162163
02017012710062010105871064117004711600311158153
02017012710062013105106065317204811660315157158
02017012710062013105556069218705051740331172159
02017012710062014100224063915604831590324165159
02017012710062014103192070418005241800344180164
02017012710062014104461066418504791700309158151
02017012710072014102078067116105101660344173171
02017012710082012104538066017104891670322162160
02017012710082014102562072018805321790353174179
02017012710082014103119065216704851730312162150
02017012710082014103735072018905311770354176178
02017012710082014103924078019705831940389190199
02017012710092014102554082020906112070404201203
02017012710102014101751067018004901750315158157
02017012710122014103156066717704901680322167155
02017012710122014103389068818205061730333169164
02017012710122014106493069118005111730338168170
02017012710162014105347072920305261770349179170
02017012710162014105456071118605251770348177171
02017012710172014101727069318005131740339172167
02017012710192014104374066716804991620337169168
02017012710202014100694067316905041670337167170
02017012710202014103610071518005351790356180176
02017012710212013106131068215705251690356168188
02017012710212014105984068217805041700334168166
02017012710212014110115065315804951650330168162
02017012710222013104885075019305571910366185181
02017012710222014102119071217205401730367184183
02017012710232011104222064816704811630318165153
02017012710232013101912088620706792110468227241
02017012710232014102554084322306202150405202203
02017012710232014102562083621706191990420215205
02017012710232014102888066517704881720316166150
02017012710242014103156067517105041660338170168
02017012710282011103886068318704961760320164156
02017012710282013103885072518505401770363181182
02017012710322014101928073319905341800354179175
02017012710382012104750066315805051580347167180
02017012710382013105842063516104741550319158161
02017012710402014105347070516905361630373184189
02017012710402014105456067818304951640331163168
02017012710422013103885069418205121700342172170
02017012710432014109050072620205241860338174164
