12017012103572010104079066018804721660306154152
12017012103572014102132066120204591620297149148
12017012103572014102615060615304531490304149155
12017012103582012101801065818404741610313158155
12017012103582012104189072519505301830347175172
12017012103582013106447063718704501580292147145
12017012103582014100999068419204921720320160160
12017012103582014104454068118704941750319166153
12017012103582014104471065017704731630310158152
12017012103582014105143065619104651680297150147
12017012103582014105360065218104711570314157157
12017012103582014105749064718204651610304157147
12017012103582014105837068518704981760322159163
12017012103582014106128067417405001680332163169
12017012103582014110110067719404831690314155159
12017012103592011100544063418804461610285144141
12017012103592012101011066817004981750323164159
12017012103592013105606073720805291840345175170
12017012103592013105652063516604691590310152158
12017012103592013105804059515404411500291141150
12017012103592013106088064417204721600312154158
12017012103592013110057067617704991760323170153
12017012103592014101095059517204231450278137141
12017012103592014101976065917104881650323161162
12017012103592014102299065717704801760304154150
12017012103592014102710067717305041690335165170
12017012103592014105908074020905311860345174171
12017012103592014106335066318204811780303154149
12017012104002011106466075020405461850361178183
12017012104002012101006064017004701560314154160
12017012104002012101937068418604981690329165164
12017012104002012106377067118404871720315159156
12017012104002013101296054415203921480244124120
12017012104002013104088063017704531510302150152
12017012104002014102178061816904491580291150141
12017012104002014102860067218904831650318157161
12017012104002014103546074420705371810356179177
12017012104002014104345067417904951670328164164
12017012104002014104978065817704811740307162145
12017012104002014104982067918604931700323162161
12017012104002014105803073920505341800354184170
12017012104002014105850066718404831650318163155
12017012104002014106075066218304791630316163153
12017012104012008103173065618504711580313155158
12017012104012011103990068419004941740320164156
12017012104012012100627074019205481890359181178
12017012104012012106007068217605061750331164167
12017012104012013110126071319305201790341171170
12017012104012014100556071818405341740360181179
12017012104012014102137066318004831680315163152
12017012104012014103217073720405331840349181168
12017012104012014103357073820605321850347172175
12017012104012014105569069818305151740341169172
12017012104012014105836067217904931660327161166
12017012104012014106234069018505051740331164167
12017012104022007100624065716604911700321163158
12017012104022008103069071019205181780340170170
12017012104022012100276070920205071760331166165
12017012104022012103704069618805081770331172159
12017012104022013100488063217404581580300153147
12017012104022013101887071320005131750338162176
12017012104022013104793063716704701620308160148
12017012104022013105602061317804351490286139147
12017012104022014100805065618204741610313161152
12017012104022014101020068719404931670326169157
12017012104022014101972068819904891740315161154
12017012104022014105763066218504771610316155161
12017012104022014106206070519705081780330164166
12017012104032011102894077321205611910370179191
12017012104032011104022072522604991890310160150
12017012104032012103476074823805101830327175152
12017012104032013104489074223005121840328174154
12017012104032013105236073022805021890313161152
12017012104032014100161071419805161850331172159
12017012104032014100686066618504811700311155156
12017012104032014101208067518304921770315160155
12017012104032014103074066117004911650326163163
12017012104032014103682072819105371820355182173
12017012104032014103764069417805161720344165179
12017012104042011102929065616604901620328165163
12017012104042012101989064816304851660319158161
12017012104042012102467074222105211820339173166
12017012104042014101957067117404971620335165170
12017012104042014101993070618505211840337171166
12017012104042014105217069317505181680350178172
12017012104042014105520067017704931630330163167
12017012104052009102477065117304781590319158161
12017012104052011103812067917305061680338167171
12017012104052012106253066716405031580345169176
12017012104052013100401065817504831600323160163
12017012104052013103396062916204671470320155165
12017012104052013105828079221605762000376192184
12017012104052014100613077820305751990376191185
12017012104052014102522069419405001740326167159
12017012104052014102559062516204631500313156157
12017012104052014104841068417205121660346169177
12017012104052014105082062916204671500317152165
12017012104052014106256076620105651920373188185
12017012104062009102471067417904951680327161166
12017012104062011103758068419104931660327160167
12017012104062012105571067219704751640311159152
12017012104062012110001069519005051770328169159
12017012104062013101959065717704801660314165149
12017012104062013105791072220205201760344173171
12017012104062013110043067018504851740311159152
12017012104062014101948067418504891740315159156
12017012104062014101994061916404551540301150151
12017012104062014102155065518304721690303152151
12017012104062014104081076522605391920347175172
12017012104062014106059067218504871700317160157
12017012104072014100482067218904831680315154161
12017012104072014102363063016104691580311153158
12017012104072014103186063316404691540315155160
12017012104072014105789078321905641900374190184
12017012104072014106065063917404651670298156142
12017012104072014110103066717704901680322161161
12017012104082011105078064017104691660303153150
12017012104082012104724064917504741630311158153
12017012104082013101828062215704651520313155158
12017012104082013105521067617205041710333168165
12017012104082014100137066817504931600333167166
12017012104082014102385067716805091690340173167
12017012104082014103951066216604961700326162164
12017012104082014105517068718405031700333164169
12017012104082014106010065216004921580334167167
12017012104092008103265077220805641960368193175
12017012104092013104849064317204711490322153169
12017012104092014100709071819505231870336173163
12017012104092014103886066217204901670323167156
12017012104102010101956069919205071750332163169
12017012104102013102856067616605101610349173176
12017012104102013103489065517104841590325158167
12017012104102014101624075319505581940364182182
12017012104102014101636068318604971690328163165
12017012104102014102327069517905161760340168172
12017012104102014103424072418805361830353175178
12017012104102014103553068817605121700342169173
12017012104102014103577065717904781680310156154
12017012104112013102983075820205561880368185183
12017012104112014102561070217605261870339172167
12017012104112014106008064416304811530328162166
12017012104112014109037062716504621560306151155
12017012104122011103009070819505131780335168167
12017012104122012110038067217604961660330165165
12017012104122014102623064416704771630314161153
12017012104132014103114077420505691960373189184
12017012104142010104022063917304661610305154151
12017012104142013102190062317104521590293146147
12017012104142013105588074219905431890354180174
12017012104142013105902071018305271730354179175
12017012104142014100750069518705081740334163171
12017012104142014105435063615904771580319157162
12017012104152009100335077721705601950365183182
12017012104152013102575065719204651620303153150
12017012104152013105036067718704901650325162163
12017012104152013110068069518505101710339163176
12017012104152014101226069117905121740338166172
12017012104152014103897072819605321790353174179
12017012104152014104927080220106011940407204203
12017012104152014105441065617704791660313157156
12017012104152014109013074620105451840361178183
12017012104162011102616071219005221690353174179
12017012104162011103736067419104831720311159152
12017012104162012110113065117704741720302151151
12017012104162013103888072120205191800339171168
12017012104162013105595065418404701670303152151
12017012104162014100161070619505111770334167167
12017012104162014100686070819305151750340169171
12017012104162014100907072019605241720352171181
12017012104162014101947066018204781650313153160
12017012104162014103539069817205261820344177167
12017012104162014105752075119905521840368183185
12017012104162014106225066118804731730300155145
12017012104172010100109067918704921680324162162
12017012104172011100325069917905201780342170172
12017012104172013105828059217004221530269137132
12017012104172013105930063717004671560311153158
12017012104172014100182072720905181860332173159
12017012104172014103968067016805021640338166172
12017012104172014103983071419105231840339175164
12017012104182011105438063816304751670308159149
12017012104182012104519065317804751560319166153
12017012104192012103942067717804991660333166167
12017012104192013110127068717905081740334166168
12017012104192014100160068417605081710337171166
12017012104192014101081068318305001760324165159
12017012104192014105490071719205251740351173178
12017012104192014106131064917104781580320160160
12017012104212012101363073019405361840352178174
12017012104212014102190072021005101840326169157
12017012104212014105849070119205091730336169167
12017012104222013100057070819005181780340169171
12017012104222013105748064217104711560315157158
12017012104222014101011070218805141670347171176
12017012104222014102453066418004841650319157162
12017012104222014103363069317905141720342172170
12017012104232012103478070419905051770328168160
12017012104232013105917066017204881770311154157
12017012104232014100130062316604571510306154152
12017012104232014102919062316604571520305154151
12017012104232014103402066718204851680317158159
12017012104232014104954063516904661630303153150
12017012104232014105047070219205101870323167156
12017012104242014101563072619505311820349175174
12017012104242014103582070318605171780339169170
12017012104242014104731072318705361830353179174
12017012104242014105037070318705161770339169170
12017012104242014106272072519405311810350175175
12017012104242014106464067418104931690324162162
12017012104242014110038067418204921700322162160
12017012104262010104562074922505241790345168177
12017012104292013104055068317705061700336166170
12017012104292014105028068918905001700330165165
12017012104302010105872078120405771960381190191
12017012104302013101925072219405281760352176176
12017012104302014103366063716204751550320158162
12017012104302014105829065516804871660321163158
12017012104302014106197069020404861730313159154
12017012104312012104941068817805101710339166173
12017012104312014106132065317904741630311158153
12017012104322011103075101631806982420456228228
12017012104332013104980068419004941740320162158
12017012104342012104667068318005031730330169161
12017012104342013106118066419504691650304155149
12017012104342014103452068418105031650338167171
12017012104342014105681066717204951660329167162
12017012104352010104192065617004861640322160162
12017012104352010104510069516805271830344173171
12017012104352013105528068618804981630335164171
12017012104352013106365066316305001640336166170
12017012104352014102930066617804881620326160166
12017012104352014105385070519605091750334167167
12017012104352014106092066917004991620337163174
12017012104352014106248068017705031690334168166
12017012104362014100619067818604921640328161167
12017012104362014103087066718204851670318155163
12017012104362014103900064817304751530322162160
12017012104372013103582070019305071710336166170
12017012104382014101357076120205591920367183184
12017012104392011105914066317304901640326164162
12017012104402013106112067919604831670316156160
12017012104422012100619054916603831370246124122
12017012104422013101835065417104831630320160160
12017012104422014100575054515203931410252126126
12017012104422014102182072218505371790358178180
12017012104432010105872070718905181750343172171
12017012104432012103504068117005111680343171172
12017012104432013101925066817704911680323165158
12017012104442011104831068116605151680347172175
12017012104452014106210063616404721580314150164
12017012104462012100777074620805381800358182176
12017012104462012101890072118405371860351177174
12017012104492014100583070718605211760345172173
12017012104492014102261074020305371840353177176
12017012104492014102978072518505401760364185179
12017012104502012100560072417105531860367187180
12017012104502013102825071818905291760353173180
12017012104502014101554075219505571870370185185
12017012104502014103678071518305321860346178168
12017012104512013101387069118105101780332169163
12017012104512014105489065716604911670324166158
12017012104512014105646066317204911660325165160
12017012104522014104375064216104811580323158165
12017012104522014105119067817105071750332165167
12017012104532013102717066716605011650336169167
12017012104532013102878067918804911590332163169
12017012104532013103082067118704841620322157165
12017012104532014101269067617904971710326161165
12017012104532014103561073518805471850362181181
12017012104532014105434066718004871630324162162
12017012104542014103529062515904661560310157153
12017012104542014105676066517104941590335166169
12017012104552013103537065318504681630305152153
12017012104552014101588066718404831690314159155
12017012104552014102373066318404791630316157159
12017012104572014100503073519605391800359182177
12017012104572014100838067518904861670319160159
12017012104582013100511070318805151790336174162
12017012104582014104520069719105061680338163175
12017012104582014104564067717005071670340168172
12017012104582014106149067616305131720341168173
12017012104592012100531069119005011710330164166
12017012104592014101836071819105271770350178172
12017012104592014105197066017004901680322160162
12017012104592014105794065317104821610321159162
12017012105002012102095061516604491550294146148
12017012105002013106052064617104751610314160154
12017012105002014100131069819405041730331161170
12017012105002014101509065117504761620314156158
12017012105002014101913067218204901680322159163
12017012105012010104993068317905041720332166166
12017012105012012103286070721304941720322162160
12017012105022010103921072120205191810338171167
12017012105022012103376074819405541930361183178
12017012105022012105973070518605191800339174165
12017012105022014100363070517605291780351175176
12017012105022014100406068819404941760318160158
12017012105022014103175069218805041730331164167
12017012105032011101909069219005021720330167163
12017012105032012101683064120804331500283133150
12017012105032012109095067917405051780327168159
12017012105032013104977063816404741530321163158
12017012105032014103806069318705061880318161157
12017012105032014103885072520205231870336178158
12017012105032014104831069819605021720330170160
12017012105032014105271067018704831690314161153
12017012105032014105727071219905131820331171160
12017012105032014106054069518805071740333165168
12017012105042011105920066117004911650326164162
12017012105042012101483071518605291780351174177
12017012105042012110045062016104591490310158152
12017012105042013100640070319105121770335169166
12017012105042013102034066417004941650329162167
12017012105042014102603085924006192130406208198
12017012105042014103520072619705291810348175173
12017012105042014106093070018605141730341168173
12017012105052011100420069518905061810325165160
12017012105052014103352079021505751920383193190
12017012105052014104050079120505861940392193199
12017012105062014102673065117004811570324166158
12017012105062014105088064216804741610313149164
12017012105072009102195067117005011640337166171
12017012105072011104272061316204511520299149150
12017012105072014102125067918004991660333166167
12017012105072014103266065316704861640322157165
12017012105072014105471067917105081690339168171
12017012105072014106248068117205091720337170167
12017012105082010101478071519605191810338171167
12017012105082010102011068518604991730326168158
12017012105082011102353070518305221860336175161
12017012105082012101533061115404571560301147154
12017012105082013105707071819005281780350175175
12017012105082014101027068618205041680336169167
12017012105082014101933068218205001700330166164
12017012105082014103000066116804931580335165170
12017012105082014109167065419404601730287144143
12017012105092012101673069619704991730326167159
12017012105092012104648066417204921720320164156
12017012105092012106358064016704731590314157157
12017012105092014102706063117104601600300150150
12017012105092014103926063916604731580315157158
12017012105112012104503067418004941770317163154
12017012105112013100594080222305792050374189185
12017012105112014100968077821805601930367182185
12017012105112014103949069319404991670332167165
12017012105112014105832082022205982110387201186
12017012105112014106179078622005662160350175175
12017012105122012104563068117805031730330162168
12017012105122014100199066816405041700334169165
12017012105122014101272071918705321820350175175
12017012105132010104897068619304931650328158170
12017012105132014101932069418205121680344169175
12017012105132014103109074219205501850365181184
12017012105142013104544071118405271760351176175
12017012105142014100795065616704891600329166163
12017012105142014103173067917205071610346168178
12017012105152013104663073119405371890348181167
12017012105162011103445066517704881680320158162
12017012105172009100359062417004541580296152144
12017012105172011104013067616105151680347173174
12017012105172011105451066017404861620324162162
12017012105172011110062067817305051760329167162
12017012105172012101936065416504891640325162163
12017012105172014103068079719006072050402209193
12017012105172014103780069617705191740345167178
12017012105182012104806069319305001700330162168
12017012105182014103355070719005171820335169166
12017012105182014104204069718005171760341173168
12017012105182014105579069618805081720336166170
12017012105182014109054069919205071760331165166
12017012105192011105050063616904671660301157144
12017012105192012103730065316404891660323155168
12017012105192012105612071618305331760357176181
12017012105192012105890067619204841670317164153
12017012105192014102151062716904581600298152146
12017012105202012100162070217205301840346177169
12017012105202012104376068518505001700330166164
12017012105202012105451069518405111730338163175
12017012105202013104496071420205121800332168164
12017012105202014100440071618405321780354177177
12017012105202014100523071519805171880329166163
12017012105202014102616074320105421830359174185
12017012105202014103147075221005421810361183178
12017012105202014103676070819705111780333165168
12017012105202014104411067318504881750313159154
12017012105212012100528073319305401860354178176
12017012105212012105956068016905111710340171169
12017012105212014101770064919004591670292148144
12017012105212014103545066718004871650322162160
12017012105222010101025068018804921640328161167
12017012105222012101704061217404381530285138147
12017012105222013105776068218804941670327164163
12017012105222014102643072720405231870336176160
12017012105232009103182072119505261820344177167
12017012105232012100617069019005001730327167160
12017012105232012100849069819305051730332166166
12017012105232012101184066917804911690322162160
12017012105232012106435073219505371870350180170
12017012105232013102375068219304891730316156160
12017012105232014100407070120604951710324163161
12017012105232014102530069218505071690338174164
12017012105232014103241069218105111740337168169
12017012105232014103859071519405211790342171171
12017012105232014104222080822505832030380190190
12017012105232014106443068819704911740317158159
12017012105232014110029068518105041770327164163
12017012105242011106067064418204621550307151156
12017012105242012102466072019705231760347173174
12017012105242012105304074219905431790364181183
12017012105242014100529074218805541800374184190
12017012105242014101716065416004941600334167167
12017012105242014103215067018704831690314161153
12017012105242014104297069218505071690338162176
12017012105242014104759062617404521560296146150
12017012105242014105183073319405391810358179179
12017012105242014105286068318205011690332163169
12017012105242014105427063418104531610292146146
12017012105242014109149073318405491850364180184
12017012105242014110099064318004631660297151146
12017012105252012104083073220305291800349177172
12017012105252012105305065917204871680319160159
12017012105252012110091065617604801670313155158
12017012105252014100841067917305061740332169163
12017012105252014102753068817505131710342171171
12017012105252014105320070619105151730342169173
12017012105262010105860068418205021770325168157
12017012105262013102848068318404991710328161167
12017012105262013105800066117404871600327164163
12017012105262013106059067418704871630324162162
12017012105262014103743067117504961620334172162
12017012105262014105356071122004911740317158159
12017012105262014105592069318905041680336166170
12017012105262014105951077721705602010359186173
12017012105262014106067067218304891600329166163
12017012105262014109049069418905051720333166167
12017012105272012102411065517204831590324162162
12017012105272012104463070618605201800340173167
12017012105272012104748067518404911650326162164
12017012105272013100606068017905011700331167164
12017012105272013103387071620005161760340175165
12017012105272014101533069318605071700337165172
12017012105272014102735068717705101730337159178
12017012105272014104458068918305061700336167169
12017012105272014104647067517904961740322164158
12017012105272014105034070219105111730338173165
12017012105272014105036071518505301760354172182
12017012105272014105294066817304951680327165162
12017012105272014105759070318905141800334172162
12017012105282011103159072319005331880345170175
12017012105282012100233068017805021770325160165
12017012105282013102010071319105221770345169176
12017012105282013106403064717104761640312156156
12017012105282014100305073519705381840354175179
12017012105282014100439065317404791640315160155
12017012105282014104134065417404801600320161159
12017012105282014105830069418705071760331165166
12017012105282014110058072219605261890337171166
12017012105282014110066073019205381830355182173
12017012105292010110127069920004991700329166163
12017012105292011105000065617304831680315154161
12017012105292013104514068118204991600339172167
12017012105292013104971073720505321850347179168
12017012105302014106159075422505291830346173173
12017012105302014106241068418504991720327164163
12017012105302014110111067518004951670328165163
12017012105312008102251071818905291820347173174
12017012105312013104099068219504871720315152163
12017012105312013104161067616305131620351168183
12017012105322014100549074719305541870367185182
12017012105332012101515066817204961670329164165
12017012105332013105936067418704871700317162155
12017012105332013106129064016904711620309160149
12017012105332014100500065416704871590328160168
12017012105332014102506070218505171790338172166
12017012105332014102989064317104721630309157152
12017012105332014109136070719105161790337172165
12017012105342011100976065917304861630323164159
12017012105342014104208064716804791630316161155
12017012105352013104232071018105291860343173170
12017012105352014100607075019305571850372187185
12017012105352014102868070918905201650355174181
12017012105372014101632069620404921800312160152
12017012105402012103931064716404831540329162167
12017012105402012106279065616804881570331163168
12017012105402014101966064917004791660313158155
12017012105402014105768070419705071740333165168
12017012105412011104344076122205392000339178161
12017012105412011106002076622705391990340184156
12017012105412012105586067818604921600332166166
12017012105412013101765074422605181940324175149
12017012105412013104596074823405141900324169155
12017012105412014100963077923205471980349192157
12017012105412014105892075523105241920332174158
12017012105422012101961065818304751720303161142
12017012105422014100189067217504971650332164168
12017012105422014103525066816405041640340170170
12017012105422014105090070419205121740338168170
12017012105432012100162066616205041660338170168
12017012105432012100672079820805902010389195194
12017012105432014104411069615905371830354179175
12017012105442012100528069117505161740342171171
12017012105442014101615068017905011690332166166
12017012105442014102616069018205081740334167167
12017012105442014105663068017905011690332165167
12017012105452010102915066917804911700321159162
12017012105452012104943067717205051740331168163
12017012105462013103301067717904981650333162171
12017012105462014100597067318204911710320159161
12017012105462014103238074419105531820371190181
12017012105462014104788068118005011650336178158
12017012105462014106486074418805561810375185190
12017012105472010100531068218704951740321164157
12017012105472011105077068417605081750333173160
12017012105472012101830070719205151810334168166
12017012105472014105687066417804861650321161160
12017012105482014101597065917804811670314161153
12017012105482014104958071418405301790351174177
12017012105492013102430070619305131710342172170
12017012105502013105093070217605261720354174180
12017012105502014104573064916704821640318157161
12017012105512014100601070117705241740350170180
12017012105512014104410069217905131650348171177
12017012105512014104832070818605221770345172173
12017012105512014105221067618604901720318160158
12017012105522012104504070717705301720358176182
12017012105522014101343077719205851870398206192
12017012105522014103212073219105411760365177188
12017012105522014105348067416905051840321159162
12017012105542011105890072620705191710348173175
12017012105542014103163074218905531820371184187
12017012105552013103590072218305391720367180187
12017012105562014102682077620305731950378189189
12017012105562014103710066317304901620328161167
12017012105572014106448069019204981680330167163
12017012105582012104078066718404831680315156159
12017012105582014104641073721205251890336173163
12017012105592014103514070320704961790317160157
12017012105592014103896068617605101670343175168
12017012105592014105046068717705101760334170164
12017012106002013104825075919405651860379186193
12017012106002014101916075119505561850371188183
12017012106002014103284070619005161750341171170
12017012106002014106113075219805541840370189181
12017012106002014110052074619605501780372182190
12017012106002014110105074420205421790363183180
12017012106012010106256069319404991720327161166
12017012106012013105788067017604941660328162166
12017012106012013106426069819305051680337171166
12017012106012014100739073719105461900356182174
12017012106012014102918073119705341870347175172
12017012106012014103383069018005101720338169169
12017012106012014104352072821305151850330170160
12017012106012014105680067317205011690332166166
12017012106022013102307078522205631940369187182
12017012106022014106167072519505301830347180167
12017012106022014106313075420005541930361182179
12017012106022014110006074718905581990359180179
12017012106032011104283069117805131770336174162
12017012106032012102298070819905091780331167164
12017012106032013100991064115904821700312158154
12017012106042014102290065018604641590305153152
12017012106042014102777065816604921720320162158
12017012106042014103287067118604851610324157167
12017012106042014106278064918604631590304153151
12017012106052012104112082622006062000406205201
12017012106052013106221069716805291710358179179
12017012106052014104308066116105001730327168159
12017012106062012100436063817204661530313155158
12017012106072014105076068917605131730340170170
12017012106082014103492069518105141680346178168
12017012106092010100540069518005151790336173163
12017012106092012102456063214804841510333163170
12017012106092013103249072018805321830349181168
12017012106092013110132067917905001690331165166
12017012106092014101953067517604991680331165166
12017012106092014103359067117804931750318164154
12017012106092014103752067316105121680344172172
12017012106112014100904062716304641550309155154
12017012106112014101064068618105051680337170167
12017012106112014101964061915904601520308155153
12017012106112014102431066917704921690323163160
12017012106112014104091065517904761610315157158
12017012106112014105045062616304631550308155153
12017012106112014106242065418304711600311153158
12017012106142012103182069318505081750333168165
12017012106142014103330069718505121800332167165
12017012106152011101138072721405131860327171156
12017012106152011103673067916905101650345170175
12017012106152014100985069618105151690346171175
12017012106152014104724065116804831630320156164
12017012106152014109066000000000000000000170000
12017012106162011103443071619405221810341169172
12017012106162011103900069820604921800312163149
12017012106162012103200078321705661920374188186
12017012106162013110036074921505341900344176168
12017012106162014103309078721405732020371189182
12017012106162014106052068418604981760322166156
12017012106182011104139068517505101720338170168
12017012106182011105548064617004761620314158156
12017012106182012106262068318105021730329167162
12017012106182013103616070718905181750343171172
12017012106192013101678068418205021760326167159
12017012106192014104004069218105111740337168169
12017012106202012104549063518004551660289148141
12017012106202014100844070518105241790345171174
12017012106202014101030066917804911660325161164
12017012106202014101206069617805181760342172170
12017012106202014105245066817204961620334165169
12017012106202014106101066717104961660330164166
12017012106202014110008063115504761570319157162
12017012106212013101248072618305431800363180183
12017012106212014102627074120705341930341172169
12017012106232010104105065318204711650306148158
12017012106232011105322065516704881650323164159
12017012106232013105598068618305031720331169162
12017012106232013105918065517504801660314157157
12017012106242013105538065917504841590325159166
12017012106242014100490067819104871700317160157
12017012106242014100887067316205111680343168175
12017012106242014103774068718505021660336166170
12017012106252013104974069120104901730317159158
12017012106262010104551065416604881630325158167
12017012106272010104113069418305111680343168175
12017012106282010106550069918505141760338166172
12017012106282012101624068717605111680343170173
12017012106282014102133069318205111780333167166
12017012106282014104965065117504761610315156159
12017012106292011104111066116704941650329167162
12017012106292011104326061816504531560297152145
12017012106292014102897070118705141780336166170
12017012106292014106529064516104841640320158162
12017012106302012103929064616904771620315159156
12017012106302013103900073120905221770345174171
12017012106302013104334066917904901690321161160
12017012106302014104340067718604911680323161162
12017012106302014105642068518005051730332166166
12017012106312010100707069218705051750330162168
12017012106312012105129065217804741640310155155
12017012106312014103820065516804871570330160170
12017012106322009105421077221905532010352185167
12017012106322012102418072019405261790347170177
12017012106322012104742069519205031740329165164
12017012106322013100602073820405341840350177173
12017012106322013101739070319205111810330168162
12017012106322014100400067818904891730316166150
12017012106322014102157060916704421540288143145
12017012106322014103796065017104791630316158158
12017012106322014103863067518004951720323167156
12017012106322014105767070918905201770343170173
12017012106332013102171068420404801850295152143
12017012106332013105467070019105091770332165167
12017012106332014100098062917604531550298150148
12017012106332014103350066519304721670305149156
12017012106332014105323073820305351830352175177
12017012106522013100999067119504761660310156154
12017012106532012101974063817404641570307153154
12017012106532014102259065817704811680313157156
12017012106532014104705072519405311770354180174
12017012106532014105993061216704451460299146153
12017012106532014106411069719405031740329167162
12017012106532014106436065019104591630296153143
12017012106542008110131067318704861630323159164
12017012106542013100636068018804921760316158158
12017012106542013102598065217804741650309154155
12017012106542013105919062216804541570297156141
12017012106542013110102069220104911800311162149
12017012106542014102571068318704961740322159163
12017012106542014104772066319104721720300154146
12017012106542014105928062916704621580304154150
12017012106542014110010061216504471500297149148
12017012106542014110087066018504751720303155148
12017012106542014110124062316704561540302152150
12017012106552008103273065117004811640317157160
12017012106552010104287062817504531610292147145
12017012106552010104439063417404601600300148152
12017012106552011103722063016604641570307154153
12017012106552013103029064616304831510332156176
12017012106552013104590062416804561600296151145
12017012106552013105895069218505071740333168165
12017012106552013106474062315804651550310155155
12017012106552013110001065118304681650303149154
12017012106552014100066071919305261810345169176
12017012106552014101141062916304661590307151156
12017012106552014102255068919004991760323164159
12017012106552014103130066617504911680323159164
12017012106552014103276063616204741600314154160
12017012106552014103457063416504691610308160148
12017012106552014104234069218805041670337172165
12017012106552014105312071818905291780351177174
12017012106552014106204062616404621610301151150
12017012106552014110059073117905521890363185178
12017012106562011104284068917605131720341171170
12017012106562012100740068917505141760338167171
12017012106562012105689071220305091850324165159
12017012106562013105844066717504921690323164159
12017012106562014100359067718104961680328160168
12017012106562014100937069118005111740337169168
12017012106562014100973064016304771570320157163
12017012106562014105558065818004781690309156153
12017012106572013100364067718404931670326162164
12017012106572013105412067818504931730320160160
12017012106572014100171073619905371880349172177
12017012106572014100338067318304901660324160164
12017012106572014103166065016804821590323160163
12017012106572014103489066817504931750318160158
12017012106582013101763066518304821610321157164
12017012106582014100492066218704751680307158149
12017012106582014104836074421805261970329170159
12017012106582014105300066317004931640329166163
12017012106582014109151067818604921700322166156
12017012106592012104128065217504771700307156151
12017012106592013102849069219005021790323164159
12017012106592013105811065718204751670308158150
12017012106592013106099066017604841660318160158
12017012106592014101140065917504841680316162154
12017012106592014101617066718804791680311157154
12017012106592014102556069017605141750339174165
12017012106592014102693069718405131770336169167
12017012106592014102694068717805091810328169159
12017012106592014103270062816204661600306155151
12017012106592014103391068418005041730331164167
12017012106592014105263068718305041730331165166
12017012106592014105417063516404711630308157151
12017012106592014105748066017904811670314167147
12017012107002009105006077223505371860351176175
12017012107002010104837073721305241830341174167
12017012107002011102511061616704491560293147146
12017012107002012105200075520305521880364182182
12017012107002013100632065717504821690313158155
12017012107002013100720070018905111770334170164
12017012107002013103189070819805101830327164163
12017012107002013110080065717804791620317163154
12017012107002013110109065717304841720312156156
12017012107002014102005076620005661890377193184
12017012107002014105006067917505041750329168161
12017012107002014105059076121405471980349174175
12017012107002014106006064718704601600300149151
12017012107002014106424076618705792040375195180
12017012107012011100636078022705531930360185175
12017012107012014100420076819605721960376192184
12017012107012014100522070518205231760347176171
12017012107012014103508063916304761580318158160
12017012107012014106002069318605071770330168162
12017012107022011104056065917604831700313161152
12017012107022012104087065318304701630307155152
12017012107022013105140066817404941710323160163
12017012107022014102974070218705151720343169174
12017012107032012105237066917904901660324162162
12017012107032013100996070519505101780332168164
12017012107042010101475066717004971690328163165
12017012107042013102781065717604811610320155165
12017012107052012103724068518305021750327165162
12017012107082009101989069217705151570358170188
12017012107082011104284066116804931670326164162
12017012107092012100740069917605231730350175175
12017012107092014100359064816204861470339160179
12017012107102014102289065117004811640317155162
12017012107122010104886063615904771560321160161
12017012107122013104248069918705121710341170171
12017012107122013105479068918505041710333166167
12017012107122014104653065617904771590318158160
12017012107132012103997074820305451790366183183
12017012107132013105845072018405361820354178176
12017012107132014101376067318004931710322162160
12017012107152013103403064618504611580303149154
12017012107162011105960071518805271860341173168
12017012107162012100363063817804601710289152137
12017012107162012105205072018905311850346177169
12017012107162014101313064817104771600317158159
12017012107162014102156076320205611940367186181
12017012107162014103547070918205271850342173169
12017012107162014103873067015705131640349163186
12017012107162014104604073819505431850358179179
12017012107172010105786058916904201510269143126
12017012107172010106467068821604721720300149151
12017012107172012110058064616904771610316158158
12017012107182011103816068717805091680341169172
12017012107182011103993067118804831640319161158
12017012107182013100996066619304731580315143172
12017012107182014102604065618104751630312158154
12017012107182014104085063316504681580310155155
12017012107202013101145070618205241830341169172
12017012107202014100995067817805001690331168163
12017012107222014100608071619105251750350172178
12017012107222014105209070618305231740349171178
12017012107232011101188072319305301830347175172
12017012107232013102301072119405271790348175173
12017012107232014102890079122505662020364184180
12017012107242010102709069418705071710336169167
12017012107242012106376067818404941680326159167
12017012107242014102873074120205391840355183172
12017012107242014103035068117905021870315165150
12017012107242014103224067417205021720330167163
12017012107242014103365068417905051740331167164
12017012107242014106408065117804731640309156153
12017012107252014100075060916904401440296142154
12017012107262012106056061915604631560307152155
12017012107262014104024056715104161420274141133
12017012107272012102080071418505291750354173181
12017012107272014103095066017304871610326162164
12017012107272014104080063216304691580311155156
12017012107292012103997102928007492890460247213
12017012107302012104367069319604971690328167161
12017012107302014101910069218205101720338169169
12017012107322013101824062115804631490314153161
12017012107322014104036066217204901650325159166
12017012107322014105192064816404841580326163163
12017012107322014105900063415404801530327156171
12017012107322014109138076421905451860359181178
12017012107322014110017062715904681530315159156
12017012107332012100407067517904961680328164164
12017012107332014100591067417504991660333164169
12017012107332014104843067817705011690332167165
12017012107352013103611070418905151810334169165
12017012107352014105072071718105361800356181175
12017012107372014102951064917204771630314159155
12017012107372014103414068518505001740326165161
12017012107382012101540069118705041720332166166
12017012107382013110026064817004781570321161160
12017012107382014105941062515904661580308157151
12017012107392013105651071118705241820342173169
12017012107402013103232067518004951660329163166
12017012107402014103331063717404631640299149150
12017012107402014104862069317905141700344168176
12017012107412012105263069218405081710337170167
12017012107412013100731075220205501950355185170
12017012107412013102626070719805091770332172160
12017012107412014100147065416704871610326159167
12017012107432012101290067117804931650328168160
12017012107432012105787061416704471560291147144
12017012107432013101737064617104751600315160155
12017012107432014101193065416404901650325164161
12017012107432014102241064915704921630329162167
12017012107442014103831057215004221480274133141
12017012107452011105932063315704761570319157162
12017012107452012104882066116904921660326162164
12017012107452014100811068517305121740338169169
12017012107452014105720065516704881680320163157
12017012107462012102082071720005171760341169172
12017012107462014100454067616605101610349171178
12017012107462014101318072218805341770357182175
12017012107462014104298065516804871620325161164
12017012107472013101438063415304811540327156171
12017012107472013103256064516504801560324161163
12017012107472014100695063016304671530314154160
12017012107482014100223067617804981760322165157
12017012107482014102618066917304961720324166158
12017012107482014104381063916904701550315157158
12017012107482014106260067516405111640347173174
12017012107492011110097071520005151810334173161
12017012107492013110017071119305181740344173171
12017012107492014100584066516205031730330165165
12017012107492014105861067617904971660331164167
12017012107502011102236070320305001770323165158
12017012107512010103767068319004931720321164157
12017012107512011106193063016604641540310153157
12017012107512014102922070417605281750353174179
12017012107512014102933061917204471460301141160
12017012107522012105917063716504721570315156159
12017012107522013103801065717004871650322162160
12017012107522014101197068818105071700337168169
12017012107522014103818065917504841570327164163
12017012107522014103878065517304821630319160159
12017012107522014104158065916404951680327162165
12017012107522014104655068418005041690335167168
12017012107532012103426066318104821690313158155
12017012107532013103903065217304791590320154166
12017012107532014100424064616904771560321156165
12017012107532014100493065617304831620321163158
12017012107532014100905062116604551500305151154
12017012107532014110123065917404851620323163160
12017012107542013105192067416705071680339169170
12017012107542014100671063516404711580313156157
12017012107542014103176067716105161710345172173
12017012107552014100564068318305001700330167163
12017012107552014105335066515705081650343170173
12017012107552014105691066017004901690321165156
12017012107562014100466062015604641580306155151
12017012107562014103978068518205031660337172165
12017012107562014105277062817504531620291151140
12017012107562014106261069500000000000336168168
12017012107572011102545066517804871680319163156
12017012107572013106315063415604781590319161158
12017012107582014104735060015804421480294146148
12017012107592010100880069819605021740328163165
12017012107592010105445071718405331740359176183
12017012107592011100511070217705251730352175177
12017012107592011103479069719005071750332167165
12017012107592011106329070419105131760337169168
12017012107592012110034069519505001660334166168
12017012107592014105641066016804921650327168159
12017012108012009103165070118905121850327164163
12017012108012010104297071019605141800334168166
12017012108012011101042066416804961710325164161
12017012108012013101379066217404881650323163160
12017012108012013104651067518404911660325160165
12017012108012014100901069719105061700336169167
12017012108022012105613066517404911670324160164
12017012108022013100354071320705061770329167162
12017012108022013101513069818905091720337171166
12017012108022013101822072420505191770342170172
12017012108022013103526071619305231800343171172
12017012108022014100170066918004891720317159158
12017012108022014103321064617904671640303149154
12017012108022014105296070920605031740329164165
12017012108022014105873075020105491900359182177
12017012108022014106164073119605351810354177177
12017012108022014106165071518205331830350177173
12017012108022014106215074020105391820357181176
12017012108022014110117071819205261830343174169
12017012108032014103038068916505241640360172188
12017012108032014110032063015704731560317155162
12017012108042010100328067419604781770301159142
12017012108042014105598070320105021740328167161
12017012108052014103650068218205001550345166179
12017012108062011110090066817804901720318159159
12017012108062013101264063916204771530324160164
12017012108072010104068065917104881590329167162
12017012108072012100825065916404951620333165168
12017012108072014103733068118005011690332167165
12017012108072014106104068218005021690333167166
12017012108072014106212067117604951640331163168
12017012108082011100625067917505041720332167165
12017012108082011103695069319804951690326162164
12017012108082014105378065017804721590313153160
12017012108082014109148065617404821640318159159
12017012108092012101842069118505061720334167167
12017012108092014100656062516204631500313151162
12017012108092014100724066318004831630320156164
12017012108092014101827060314604571480309148161
12017012108092014105538063715704801600320163157
12017012108102011105223064517704681670301154147
12017012108102012105510067118504861670319160159
12017012108102013103773062316104621550307152155
12017012108102014100509060916204471540293145148
12017012108102014102162071119005211810340171169
12017012108102014105518065917504841670317160157
12017012108112012106074069218705051760329170159
12017012108112014102393067817405041760328169159
12017012108112014104636068018005001710329168161
12017012108132010102202064716104861520334162172
12017012108132014101748071518105341750359175184
12017012108142013103526069619505011750326173153
12017012108152014100166065416604881570331163168
12017012108152014100734065817904791730306160146
12017012108152014101497067317804951720323162161
12017012108152014105296068620004861810305162143
12017012108152014106215069620704891770312163149
12017012108162012104710066617404921650327165162
12017012108162013104643069018805021780324166158
12017012108162014104941064917304761640312157155
12017012108182012100079064217004721600312154158
12017012108182012100808073719605411980343173170
12017012108192011100511065716904881580330166164
12017012108192011106329069217505171680349169180
12017012108192014101553063115804731600313158155
12017012108192014105641065217604761610315162153
12017012108212010105445072419405301870343181162
12017012108222011103783063215304791630316160156
12017012108232013106245066716804991620337167170
12017012108232014102305068316805151670348167181
12017012108232014102555069518905061760330166164
12017012108272010102884066719204751670308156152
12017012108272013103772063916704721580314155159
12017012108272013104320070521104941700324161163
12017012108282010104412067617605001660334171163
12017012108282014104771067617505011670334164170
12017012108282014106158067918704921650327165162
12017012108292011103704066717604911730318160158
12017012108292012105828068517305121700342175167
12017012108292014104675066417504891670322163159
12017012108302014105703059816104371460291144147
12017012108352013103167066016804921660326163163
12017012108372013101713064416604781640314158156
12017012108372014100506064116404771600317158159
12017012108372014106461065116804831580325158167
12017012108382014102122063416304711590312156156
12017012108422013102460072418205421780364180184
12017012108422014102159069817905191780341171170
12017012108432011105898062715804691570312154158
12017012108462013104575062716604611600301153148
12017012108462014103254064516804771560321160161
12017012108462014103574065317904741630311153158
12017012108462014105779066219004721620310155155
12017012108472013105705069318305101750335170165
12017012108472014101530066418004841690315158157
12017012108472014101602067218104911710320160160
12017012108482014109068069817205261750351174177
12017012108492014101333067516905061700336168168
12017012108502012101502067918104981730325167158
12017012108502014100384067818004981680330163167
12017012108502014106279067617904971680329162167
12017012108502014109156067217704951680327167160
12017012108562010102459065817904791620317159158
12017012108562013101336068018904911750316157159
12017012108562013104317070520205031800323164159
12017012108572011106081065917904801630317150167
12017012108572012103185064616604801560324161163
12017012108572013102945065616904871630324159165
12017012108572014104278064816704811550326163163
12017012108592014103601071718305341850349178171
12017012109142010105554065116704841630321158163
12017012109142011101915063916504741630311160151
12017012109142012101505065317604771650312158154
12017012109142013106235066617604901670323161162
12017012109142014100428063416404701610309151158
12017012109142014100964067317504981620336170166
12017012109152012105910066717704901650325159166
12017012109152014101356064317304701650305155150
12017012109152014105440066116904921690323158165
12017012109172014101996080921105981980400197203
12017012109202011102128062016504551650290148142
12017012109212013100591068317605071720335169166
12017012109262011103048066815205161570359171188
12017012109402013104671066217504871700317158159
12017012109402014101781065518504701600310158152
12017012109412012105508069722104761820294154140
12017012109412013102691064015704831580325159166
12017012109412014100120063016104691560313155158
12017012109482014102727061115904521440308147161
12017012109492013104209062116504561560300150150
12017012110092010104916063717604611630298153145
12017012110102013101748063016404661600306155151
12017012110102014102599064517104741570317158159
12017012110122013103351075720505521830369187182
12017012110302012106023062116804531540299149150
12017012110312014103278073422405101820328165163
