12009011102592006104410066819104771760301155146
12009011103002002100978065317004831640319166153
12009011103002004100662057615904171460271144127
12009011103002006100866054614104051320273000000
12009011103002006103192055214004121320280133147
12009011103002006103753058316704161490267139128
12009011103012001102058056314804151400275134141
12009011103012004102753064917404751710304162142
12009011103012004102985062315704661540312154158
12009011103012004110033074221805241880336170166
12009011103012005105605062716204651480317160157
12009011103012006100396057914804311460285144141
12009011103012006101917069919405051880317165152
12009011103012006103675073719505420000000000173
12009011103022002106802078322605571920365191174
12009011103022002107008063917104681630305152153
12009011103022003100463067518104941720322171151
12009011103022003105699000000005051650340175165
12009011103022004100608063216304691690300152148
12009011103022004110096073817505631860377193184
12009011103022005100385068716705201740346179167
12009011103022005101233056616104051480257132125
12009011103022005102221060415704471500297145152
12009011103022006100539068518005051720333167166
12009011103022006101144059615604401490291146145
12009011103022006101197064116404771630314157157
12009011103022006101457065718404731650308157151
12009011103022006101893068919704921730319159160
12009011103022006102067066317904841640320159161
12009011103022006104972069818105171740343177166
12009011103032003100660069118005111710340171169
12009011103032005102910070018105191780341176165
12009011103032005109177069818205160000000000168
12009011103032006101899069619904971680329167162
12009011103032006103154059116704241510273141132
12009011103032006103335063316404691570312158154
12009011103032006104722058816604221500272140132
12009011103032006105521057716104161500266135131
12009011103042006102504073818505530000000000000
12009011103042006105848071716605511830368177191
12009011103052006101782059515004451460299147152
12009011103072006101773077520405711950376190186
12009011103072006104179065316304901680322160162
12009011103082004110038059015104391540285140145
12009011103082006100797074418805561900366186180
12009011103082006104316086222406382280410214196
12009011103082006106397059616704291520277141136
12009011103102006100764069118005111690342176166
12009011103102006104518073018505451730372182190
12009011103112003100945061517404411590282141141
12009011103112006101250064218604561530303149154
12009011103112006104939058617504111490262134128
12009011103112006105046070118605151760339175164
12009011103112006105047064018604541530301149152
12009011103112006110003073317105621820380189191
12009011103132006102060061117904321610271138133
12009011103132006103675066720304641800284150134
12009011103132006103982061418204321610271139132
12009011103142002106802059415004441500294145149
12009011103142004110033063117804531640289158131
12009011103142005102199072218205401800360179181
12009011103142006100391057916604131450268136132
12009011103142006100587072518605391840355178177
12009011103142006100618058616904171460271136135
12009011103142006102367072119605251790346172174
12009011103142006102948058416904151470268136132
12009011103142006103706073119205391790360181179
12009011103142006104083068719004971660331166165
12009011103142006104758058516504201470273138135
12009011103152004110096076619505711920379192187
12009011103152005102485086924606232160407208199
12009011103162005102924075118605651840381190191
12009011103162005109177071219705151760339173166
12009011103162006101956074919805511930358182176
12009011103172004102206067816605121710341174167
12009011103172006100223061816104571530304152152
12009011103172006101936062016304571530304151153
12009011103172006103169075520105541840370185185
12009011103172006105850061515504601530307152155
12009011103172006105917070317505281700358177181
12009011103182003106491064916504841600324160164
12009011103182004105936062517404511540297150147
12009011103192004105982072018905311900341171170
12009011103192006101528077320105721930379192187
12009011103192006101692075620005561840372181191
12009011103192006102575075519805571940363184179
12009011103192006102921074719505521850367186181
12009011103192006105282067718204951750320159161
12009011103202005105500066118404771670310153157
12009011103202006100797065417404801620318157161
12009011103202006101324058715604311440287143144
12009011103212006104316075218805641890375192183
12009011103232005100234074622905171900327174153
12009011103232005102529073822405141910323170153
12009011103232006100867073722405131910322172150
12009011103232006101225074622705191910328175153
12009011103232006106406073822605121920320168152
12009011103232006110019074622705191900329175154
12009011103242005100630061416804461560290147143
12009011103252004103114058715204351480287144143
12009011103252006103386076118905721820390186204
12009011103272004103588071319205211770344177167
12009011103272005100916058715404331470286141145
12009011103272006102591067416805061620344175169
12009011103272006102954071519505201800340177163
12009011103282002103453065717204851670318163155
12009011103282004100730069818705111780333165168
12009011103282004104992070819405141750339172167
12009011103282004110044061716204551540301149152
12009011103282004110234073619405421730369186183
12009011103282005100928061716204551550300151149
12009011103282006102967075519005651870378190188
12009011103282006104509074119805431830360182178
12009011103282006106732073518805471810366182184
12009011103282006106892067517904961730323166157
12009011103292005105195061617104451500295147148
12009011103292006104689070817405341710363181182
12009011103302005102459069018005101680342170172
12009011103302006101093062115904621540308155153
12009011103302006101450059215704351540281148133
12009011103302006103149057414704271400287143144
12009011103312006102974069017805121650347176171
12009011103312006104188071917205471790368180188
12009011103322006100004060215904431540289146143
12009011103322006101711060415904451550290147143
12009011103322006103810066821504531650288147141
12009011103322006104516060515604491460303152151
12009011103332003105781064617704691710298155143
12009011103342004102965071319705161780338169169
12009011103342006102545060815404541590295147148
12009011103362004105048065017704731680305152153
12009011103381999104764070817405341700364181183
12009011103382006106312060317704260000000000138
12009011103392004100262068417505091670342172170
12009011103392005100234057515704181420276137139
12009011103392005102529059515904361470289142147
12009011103392005106725069817305251730352178174
12009011103392006104802063916504741590315157158
12009011103392006110015065016204881590329160169
12009011103402004103405000022500001970000192000
12009011103402006100867056516304021390263131132
12009011103402006101225000017400001610000148000
12009011103402006102024079420105931930400201199
12009011103402006103897076720205651920373195178
12009011103402006106406057116804031410262130132
12009011103402006110019062517404511620289148141
12009011103412004103411079722505722000372191181
12009011103412005103213076520205631960367187180
12009011103412006100023076919205771960381192189
12009011103412006105163077220705651900375190185
12009011103422006101511078120105801980382195187
12009011103422006102055076219905631860377189188
12009011103442001104608073819505431850358179179
12009011103442002100705060400000000000286144142
12009011103442006100558065516304921630329167162
12009011103442006104736057216104111400271136135
12009011103442006106324059416104331520281144137
12009011103452006101034056115204091400269135134
12009011103452006103512078500000000000387198189
12009011103452006105520059415704371540283148135
12009011103452006106323071317605371750362184178
12009011103472005102927083520606292100419215204
12009011103472005106534062116104601520308153155
12009011103492004100739074617805681820386186200
12009011103492006104261062916604631620301148153
12009011103502004105217059215404381480290147143
12009011103502006101650082021106092120397209188
12009011103512005106915072919305361780358182176
12009011103512006100813075519705581800378187191
12009011103512006102522081321805952010394199195
12009011103522004100102055614904071390268132136
12009011103522005106089085422406302170413208205
12009011103522005106725068917105181740344172172
12009011103532005103427076920405651890376189187
12009011103532006101491071917905401850355181174
12009011103542003102784072118405371770360181179
12009011103542004102742080320805952010394196198
12009011103552003105673070017505251730352175177
12009011103562002105269072119705241800344174170
12009011103562004101502077621005661940372196176
12009011103562005103856073119405371830354178176
12009011103562005106720069018605041680336167169
12009011103562006104315060417804261470279137142
12009011103562006105468077618105951990396199197
12009011103562006110161075420205521950357182175
12009011103572004102949066417604881670321159162
12009011103572006102793060615204541540300152148
12009011103572006102988070617305331760357182175
12009011103582003101739076519105741920382194188
12009011103582006103315060715904481500298149149
12009011103592004104183073218905431830360184176
12009011103592004105074070919505141800334172162
12009011103592006100126073118005511800371184187
12009011103592006105013073018105491800369184185
12009011104002002105674072419405301820348180168
12009011104002006100105071418905251780347174173
12009011104002006101887060415404501520298150148
12009011104012005100920064618204641750289147142
12009011104012006103494070617705291770352182170
12009011104022004102878078719905881940394198196
12009011104022006101650063415604781690309159150
12009011104022006103163082219306292050424214210
12009011104032004106870083120506260000000000000
12009011104032006101933070418005241740350181169
12009011104032006102839060716004471550292146146
12009011104032006103187061016304471540293147146
12009011104032006103198059816604321520280145135
12009011104032006104422083121706142050409209200
12009011104032006104684069418105131700343173170
12009011104032006105140061616604501540296150146
12009011104032006105518066517304920000000000154
12009011104032006106639061616604501550295149146
12009011104042003102977071119205191750344175169
12009011104042004102987074919205571940363192171
12009011104042005106089073618105551850370187183
12009011104042006100813069317605171690348182166
12009011104042006102522066917904901630327169158
12009011104042006106567064417604681480320159161
12009011104052006104305065218004721680304156148
12009011104062005103427071017605341720362179183
12009011104062006101491068617005161730343176167
12009011104062006104113066017104891660323164159
12009011104072002102515070218405181740344173171
12009011104072004100972070718205251790346175171
12009011104072006102702056414504191370282136146
12009011104072006102856056414704171370280137143
12009011104082002105269069718605111730338175163
12009011104082003102784070917605331760357179178
12009011104082003104603074720305441880356181175
12009011104082004102742081721706002000400200200
12009011104082005102458077721605611990362184178
12009011104082006105468069717105261810345175170
12009011104092006101971068919204971770320166154
12009011104092006104757059615304431540289149140
12009011104092006110121060915304561530303150153
12009011104102006102043056813904291350294139155
12009011104102006102175066717504921710321164157
12009011104102006102939062416604581460312143169
12009011104102006106794070918305261770349174175
12009011104102006109157057013904311360295140155
12009011104112005102403060416104431520291145146
12009011104112006102061069517405211750346176170
12009011104112006106095071618305331820351178173
12009011104122004109264055015004001320268132136
12009011104122005106501064015404861580328162166
12009011104122006100105060316004431500293150143
12009011104122006101086071817605421850357188169
12009011104122006101767073018105491830366194172
12009011104132006105480069417505191700349171178
12009011104152006100339075918505741910383199184
12009011104162006100150074118505561850371181190
12009011104162006101479076319205711870384195189
12009011104162006102180073917405651810384190194
12009011104162006106787074317405691800389190199
12009011104182003102977073420005341840350179171
12009011104182004104345073018905411840357178179
12009011104192003106239056313904241320292140152
12009011104192006101512071918905301780352180172
12009011104192006103089058315204311460285146139
12009011104202004100611075321605371860351177174
12009011104202006106180075920005591920367182185
12009011104212005102458068117305081630345174171
12009011104212005105896075019605541930361184177
12009011104222004104092074018705531830370184186
12009011104222006102214079119505961990397198199
12009011104242001106157068416305211690352177175
12009011104242004101627073919405451850360183177
12009011104242006101116071919905201720348174174
12009011104242006102597071618605301790351178173
12009011104242006103455074218705551990356179177
12009011104242006106434071017905311710360179181
12009011104252004102030057215104211440277136141
12009011104252004104258063417504590000000000150
12009011104252005102426056415204121370275134141
12009011104252006104477070517505301720358177181
12009011104262002104982081221206000000000000000
12009011104262004100666061116404471490298147151
12009011104262004101497082422206022000402202200
12009011104262004110083072819405341820352179173
12009011104262005103851068917805111670344174170
12009011104262006104602068717105161780338172166
12009011104262006105696061016804421390303150153
12009011104262006110082000019800001760000183000
12009011104262006110083061317004431460297147150
12009011104272003103121066716605011580343161182
12009011104272004102884066017204881660322161161
12009011104272006100352069518305121790333170163
12009011104272006100851070118705141810333164169
12009011104272006101751056814904191420277139138
12009011104272006102905000000005211760345172173
12009011104272006103262056814904191420277138139
12009011104272006104670072419205321840348179169
12009011104272006105840069316705261720354177177
12009011104272006105996068316705161770339164175
12009011104282003102024067218604861750311162149
12009011104292002103460075819305651830382195187
12009011104292005105011071718605311760355181174
12009011104292006100820070917905301760354179175
12009011104292006103032056714904181380280139141
12009011104292006110006056514704181380280139141
12009011104302005110122067916805111620349174175
12009011104302006100021063817604621570305160145
12009011104302006100883056315404091420267132135
12009011104302006104747062315704661530313159154
12009011104302006109163061515404611570304160144
12009011104312003100265077519705782050373186187
12009011104312003104103074621805281850343178165
12009011104312004103806064517604691690300151149
12009011104322002100093000000005191750344176168
12009011104332004100611058215104311430288145143
12009011104332006101931066818804801630317159158
12009011104332006104787071118105301860344175169
12009011104342002103163068816605221670355176179
12009011104342002104438000020000001780000181000
12009011104342003101035061015904511440307151156
12009011104342005104762074419505491850364186178
12009011104342006101072072319205311810350183167
12009011104342006104349059215104411530288150138
12009011104342006105558059617004261490277140137
12009011104352002103895075520705481870361182179
12009011104352002110003056315204111390272134138
12009011104352003102530057415104231440279144135
12009011104352005105381060616604401560284141143
12009011104352006103170061917404451560289148141
12009011104362003103843069217905131730340176164
12009011104362003104531072018705331790354178176
12009011104362004104092066017104891630326159167
12009011104362005110011065915605031610342170172
12009011104362006100098071117005411770364181183
12009011104362006102214070818305251760349175174
12009011104362006104299000015100001520000156000
12009011104362006106393069517705181710347173174
12009011104372003104910060415404501510299149150
12009011104372004101804076819205761910385191194
12009011104372004104948067917505041650339172167
12009011104372005102105073217305591840375180195
12009011104372006103308059714804491450304150154
12009011104382002101015068117005111760335173162
12009011104382002102550070417505291740355180175
12009011104382005105360072918505441860358179179
12009011104382006101986070917905301870343175168
12009011104382006102533060816104471510296154142
12009011104382006103301073617405621860376187189
12009011104382006103389070118005211810340174166
12009011104382006104866069617005261710355178177
12009011104382006105490072119005311690362181181
12009011104392004101497060716104461520294150144
12009011104392006102232074118605551830372186186
12009011104402006102002074619005561900366185181
12009011104402006106529064916304861600326158168
12009011104402006109292059514604491430306150156
12009011104422005101066056315804051370268132136
12009011104422006105843070517405311770354187167
12009011104422006106512070417905251780347185162
12009011104441998106639070418305211780343172171
12009011104442002106896058614804381470291146145
12009011104442006101681065215904931640329171158
12009011104442006102957068617805081640344176168
12009011104452006104531080120505962050391196195
12009011104462005100547075421405401830357184173
12009011104462005104762071418505291780351175176
12009011104462005106424068617105151660349172177
12009011104472005102351074921105381860352184168
12009011104472005110211063117604551620293150143
12009011104482005105525076220405581870371187184
12009011104482006102627072417105531780375186189
12009011104482006104420074219405481840364186178
12009011104482006109155074720005471910356181175
12009011104492002100940071620105150000000000156
12009011104492002103163070717305341720362180182
12009011104492004109291059114604451450300148152
12009011104492005105366076920305662010365178187
12009011104492006100557073418405501830367181186
12009011104492006101216056515104141390275133142
12009011104492006103222068817305151640351173178
12009011104492006103488062916304661630303154149
12009011104492006105208058815704311520279140139
12009011104502004100833066816904991680331164167
12009011104502006100507071019205181730345173172
12009011104532006102331076519805671890378188190
12009011104532006102339076420005641900374188186
12009011104542006101262059114404471430304150154
12009011104552002103592068419304911770314000000
12009011104552003106085059316804251490276140136
12009011104552006100516060315304501550295148147
12009011104552006102785069600000000000339174165
12009011104552006103126069918105181780340173167
12009011104552006103218074320405391960343176167
12009011104552006106521061717104460000000000141
12009011104552006109083061517004451560289147142
12009011104562006104813074321205311880343177166
12009011104571998106639068019104891720317163154
12009011104572003106135069117905121720340174166
12009011104582006100015074218805541870367188179
12009011104582006103758071518305321790353175178
12009011104592001100651057915004291420287142145
12009011104592005103448055114004111330278135143
12009011104592006100013055214104111330278134144
12009011104592006100200056414404201400280137143
12009011104592006103413056814904191390280138142
12009011104592006104420074618805581820376192184
12009011105002002106774073617405621800382192190
12009011105002006102627072916705621830379192187
12009011105002006104885073817905591840375194181
12009011105012005101033070218905131710342171171
12009011105012005102307067717205050000000000164
12009011105012006101776072817605521780374183191
12009011105012006102582061215604561560300152148
12009011105012006104371060615304531530300156144
12009011105022002110221060815404541560298151147
12009011105022004103876061716904481530295144151
12009011105022004105639070517505301720358182176
12009011105022005105973081319706161990417207210
12009011105032004100044069900000000000336168168
12009011105032004101775060416804361510285146139
12009011105032005105890060216504371570280144136
12009011105032006102540071518505301770353182171
12009011105032006105229070318405191750344174170
12009011105042002104852063015204781440334146188
12009011105042004110206070118905121750337172165
12009011105042005110136071119505161780338176162
12009011105052003102309067517704981720326169157
12009011105052005106273058014804321440288140148
12009011105052006100966071516905461740372187185
12009011105062006101523072819805301820348177171
12009011105062006102148064017504651640301152149
12009011105062006103690069517505201680352172180
12009011105062006105807064317704661630303152151
12009011105062006106360068317405091710338168170
12009011105082006103009059915704421510291146145
12009011105091998102734058415604281490279141138
12009011105092005101851069417005241730351175176
12009011105112003103041072618605401740366183183
12009011105112006104930070318505181770341170171
12009011105122003103760074419605481840364185179
12009011105122005100226067218304891700319162157
12009011105122006101468070419305111750336171165
12009011105122006101642074519005551910364186178
12009011105122006102463074318605571840373186187
12009011105122006105786074619105551900365186179
12009011105122006105832080222905731990374189185
12009011105152005102669067917205071660341171170
12009011105152006103902069217005221750347174173
12009011105162005102387000000004351350300139161
12009011105171999100510066017304870000000000176
12009011105182002110041074620305431880355178177
12009011105182006101518074920105481830365185180
12009011105192004100675069118105101680342168174
12009011105192006102015000000004970000000000158
12009011105212002104849078122805532180335179156
12009011105212006105595064215604861550331160171
12009011105242005102837074018005601770383187196
12009011105242006106534070018105191740345176169
12009011105262003103760069118505060000000000174
12009011105262004104106071117605351740361177184
12009011105262006101468073320505281760352171181
12009011105262006101642074520605391760363179184
12009011105262006105786073920105381760362178184
12009011105262006105832074119805431820361179182
12009011105262006106459070118505161780338165173
12009011105282005101173071519205231850338178160
12009011105292004101935073920005391910348179169
12009011105292004103858057114204291390290141149
12009011105292006104622072318305401820358184174
12009011105292006105891056313704261380288141147
12009011105302006102923068316605171680349172177
12009011105302006105577069217205201720348171177
12009011105312000105020075919605631900373189184
12009011105312004100675068818105071670340169171
12009011105322005105438078016006201790441207234
12009011105332004102172068518505001780322166156
12009011105332004104086071018805221770345173172
12009011105332006101516072818105471820365185180
12009011105342002110065075820005581940364183181
12009011105342003102816069218305091710338168170
12009011105342005105958057816804101420268133135
12009011105342006100011059816804301470283138145
12009011105342006100545066716205051650340166174
12009011105342006102269059716704301470283137146
12009011105342006103640077320805651930372192180
12009011105342006104415080420905952020393200193
12009011105342006105070081321106022040398205193
12009011105342006105827069717905181730345167178
12009011105342006110025057800000000000267132135
12009011105352002104943000000005151720343176167
12009011105352004103096074723605111870324171153
12009011105352005100291073923205071910316168148
12009011105352006103277073823305051870318172146
12009011105362006102884070218005221750347173174
12009011105362006104661071518705281790349175174
12009011105562001107391058715304341520282142140
12009011105562004101010072621405121910321173148
12009011105562006102033065215904931610332172160
12009011105562006103891055214404081360272134138
12009011105562006104964056914404251370288141147
12009011105562006110057062017404461650281145136
12009011105572003105450000000005551860369182187
12009011105572003107137056414204221400282138144
12009011105572004101373056214704151320283139144
12009011105572005101799055314304101330277134143
12009011105572005102227066418904751670308157151
12009011105572005102433056815104171360281140141
12009011105572005104053071919205271780349173176
12009011105572005105912069118905021670335173162
12009011105572005109097073419405401810359179180
12009011105572006100598056915604131390274135139
12009011105572006100742055614704091380271136135
12009011105572006100987067816405141700344171173
12009011105572006101010066218904731710302147155
12009011105572006103028054613204141300284133151
12009011105572006103651055414704071300277132145
12009011105572006104071057614704291490280139141
12009011105572006105573060315804451550290145145
12009011105572006106309056814104271440283144139
12009011105572006106530061716404531540299153146
12009011105582003102922063016204681520316156160
12009011105582004101067065316504881700318000000
12009011105582004104556071519105241810343174169
12009011105582004110150065416004941690325165160
12009011105582005102188059114804431490294145149
12009011105582005105859057214704251430282137145
12009011105582006100870066117104901580332165167
12009011105582006101534053513404011270274131143
12009011105582006102735062616704591510308150158
12009011105582006102857060014804521480304147157
12009011105582006102944057815304251410284138146
12009011105582006104521071400000000000345000000
12009011105582006105043068219404881810307157150
12009011105582006105044068319404891830306155151
12009011105582006105709060115104501460304152152
12009011105582006106156077419805761900386187199
12009011105592002102876076319905641910373187186
12009011105592003102214055715004071360271131140
12009011105592003104485079921305862030383201182
12009011105592004101890070417705271730354170184
12009011105592004104018069519205031660337163174
12009011105592004105034076219805641820382201181
12009011105592004105612071517705381700368183185
12009011105592005100918066918004891580331161170
12009011105592005103381080220605962090387204183
12009011105592006101515059916204371500287145142
12009011105592006101527061717504421500292145147
12009011105592006102417060600000000000305157148
12009011105592006102656071918405351740361179182
12009011105592006102782058615504311460285142143
12009011105592006102816076718505822110371000000
12009011105592006102996080220006022120390202188
12009011105592006103186066217904831590324158166
12009011105592006103354063315904741580316155161
12009011105592006103422061215404581590299156143
12009011105592006103474069416705271720355174181
12009011105592006104681065617304831560327164163
12009011105592006104932058515404311450286143143
12009011105592006105579073619005461840362179183
12009011106002003101075067918004991740325167158
12009011106002004105766080320905942070387201186
12009011106002005100165071417505391820357183174
12009011106002005106070062917604531650288151137
12009011106002006104186064616804781510327159168
12009011106002006105842077819805801890391195196
12009011106012003110068069019304971590338174164
12009011106012004103043076221605462110335176159
12009011106012004103182066218004821690313159154
12009011106012004103198074721205351810354186168
12009011106012004109316059416204321520280141139
12009011106012005101446064915904901700320161159
12009011106012005102430068918605031740329170159
12009011106012005104045067116805031650338172166
12009011106012005110049068618205041790325164161
12009011106012006100812078220405781970381197184
12009011106012006103102068618605001730327167160
12009011106012006103226068718605011730328168160
12009011106012006103275065316604871630324164160
12009011106012006105031080720805992020397205192
12009011106012006105446065816704911690322169153
12009011106012006106603067518004951740321166155
12009011106022004101256076619505711980373185188
12009011106022004104892081120006112060405205200
12009011106022006100796070517805271740353176177
12009011106022006102149060116004411470294145149
12009011106022006102979064417004741630311157154
12009011106032005106458066117304881700318166152
12009011106042003104427067719404831710312157155
12009011106042005105828058016304171480269134135
12009011106042006103245066518404811710310159151
12009011106052006100245066717804891630326161165
12009011106052006103114069318005131740339176163
12009011106052006103742059214804441560288152136
12009011106062006102292071317605371750362184178
12009011106072003105386080622505811960385196189
12009011106082006100383074021405261830343172171
12009011106092003100634059116104301440286141145
12009011106092006100121073619205441820362183179
12009011106102003103338071000000000000338175163
12009011106102005101910070418305211750346175171
12009011106102006101148077120305681920376187189
12009011106102006104476077919605831880395193202
12009011106112003106503066618604800000000000155
12009011106112004100502059415304411470294145149
12009011106112005101747068418405001630337167170
12009011106112006104566061815404641560308155153
12009011106112006105977059415404401460294148146
12009011106112006110038059500000000000000000146
12009011106122003100427058816404241440280140140
12009011106122004100416078220005822010381198183
12009011106122004102986066018104791640315156159
12009011106122006104521000000000000000000000000
12009011106132003110033058115904221430279138141
12009011106132005100605067415805161530363173190
12009011106132006101912057614604301390291144147
12009011106132006105842069717805191720347172175
12009011106142004105766077619305831920391198193
12009011106142006104680063016404661620304153151
12009011106142006106031072817205561750381190191
12009011106152004101256064518504601770283148135
12009011106152006100812070517505301820348172176
12009011106162003105304069118905021690333166167
12009011106162003107140060915804511470304148156
12009011106162005110127074819605521860366185181
12009011106162006104973063716104761620314161153
12009011106162006110039074518905561870369187182
12009011106172006101011073018805421870355181174
12009011106172006101682062615904671630304155149
12009011106182002100485071819005281800348178170
12009011106182003103517077421205621940368193175
12009011106182006106430081921406052020403205198
12009011106192003105386073318805451650380182198
12009011106192006102292065016604841550329165164
12009011106202002100971076519505700000000000195
12009011106202004102859073317905541750379184195
12009011106202006100803070817905291770352173179
12009011106202006106002062616704591610298151147
12009011106222002107453063817604621670295149146
12009011106222004105865058115704241480276144132
12009011106222006106580072117405471820365186179
12009011106242004100416074119705441850359181178
12009011106262004102909057414804261390287139148
12009011106292002100485068318404991760323169154
12009011106292006106671072318205411800361183178
12009011106292006110062068817605121750337170167
12009011106302005106287073118405471850362182180
12009011106322006105080071818605321750357181176
12009011106322006106430076120205591900369187182
12009011106332003101066072318205411840357178179
12009011106332005104937076519105741990375193182
12009011106332006103467068217105111760335164171
12009011106332006103673063316104721580314159155
12009011106332006104317074218705551840371186185
12009011106372006100782088924006492190430215215
12009011106372006105141069718005171740343176167
12009011106382005106612072918805411820359184175
12009011106402006104716079919706021990403201202
12009011106402006105033076619605701880382195187
12009011106412004102859061916004591480311150161
12009011106412006102241074818905591840375187188
12009011106412006102863077920305761970379193186
12009011106412006103168083520706282070421210211
12009011106412006103225081519706181950423210213
12009011106412006103241083121806132080405204201
12009011106422002104719058815104371390298143155
12009011106422006102760095526206932430450229221
12009011106432005102570064816304851550330165165
12009011106452006105829070918805211760345171174
12009011106452006106311090524006652290436222214
12009011106452006109245076919605731870386192194
12009011106462005100910072217905431710372182190
12009011106462006100106074320105421770365186179
12009011106462006101789073418505491810368181187
12009011106462006102946059915804411430298145153
12009011106472004104023076018705731880385195190
12009011106472005100829067216305091660343173170
12009011106472006100024074317305701820388193195
12009011106472006100069060314804551490306150156
12009011106472006101317075618605701880382193189
12009011106472006101816073100000000000374187187
12009011106472006103740072619405321830349186163
12009011106472006106198057014004301400290144146
12009011106482005105784058115704241460278139139
12009011106482006100394081221905932040389195194
12009011106492000104369055415004041360268133135
12009011106492004102812055715204051380267131136
12009011106502003104873079628305131890324163161
12009011106502003107269071819705211760345175170
12009011106502006100314073319505381840354173181
12009011106502006100790072719005371850352178174
12009011106512003104387057100000000000278138140
12009011106522004102133074518705581810377186191
12009011106532002105565074420005441900354181173
12009011106532003102737071118605251860339176163
12009011106532004104143061716204551580297151146
12009011106532004104994059214604461500296149147
12009011106532005101146000000000000000315152163
12009011106532006105021073318405491830366184182
12009011106542004110056060816604421560286145141
12009011106542006102863061215704551540301153148
12009011106552001102223076321005531830370185185
12009011106552001103371073417605581820376189187
12009011106552004105779070618705191780341173168
12009011106552006102871073318205511820369185184
12009011106552006103176077520605691900379192187
12009011106552006103319067016805021630339171168
12009011106552006105118070717705301790351179172
12009011106562004102102068317405091660343168175
12009011106562006100022074919505541840370187183
12009011106562006100932070517805271760351175176
12009011106572002101195070719205151840331167164
12009011106572004103791000000000000000000000000
12009011106572006102087071418305311780353179174
12009011106572006102481068117005111760335168167
12009011106572006103003060715704501510299153146
12009011106572006103654068318404991690330164166
12009011106572006104589069118605051710334166168
12009011106572006106454071517505401790361182179
12009011106582003101046060317204311460285140145
12009011106582005103240069418005141680346175171
12009011106582006106311058814404441470297150147
12009011107002005100910066716804991610338167171
12009011107002006100106068718105061670339172167
12009011107002006100816061416804461550291150141
12009011107012005110148061915904601500310154156
12009011107022002100728068317605071710336166170
12009011107022002110227062315604671520315155160
12009011107022003100699063617104651570308150158
12009011107022004110016063516404711570314156158
12009011107022004110019067317305001700330172158
12009011107022004110143055600000000000279132147
12009011107022006100012063515804771570320164156
12009011107022006110149065615804981570341169172
12009011107032003107269071019205181750343174169
12009011107032006101411072418505391800359182177
12009011107032006102985072618105451780367185182
12009011107042003102838074118205591810378188190
12009011107042004103306069717605211640357170187
12009011107042006100285071817105471790368185183
12009011107042006102920065615704991680331167164
12009011107042006103346060315404491560293145148
12009011107062003103034061315604571470310151159
12009011107062004100257070416705371780359178181
12009011107062004101704057614104350000000000141
12009011107062006100774060214504571490308152156
12009011107062006103182057414604281460282140142
12009011107072004103583076919505741930381197184
12009011107072005101771066217004921670325167158
12009011107072006100281066916405051680337168169
12009011107072006101859059715704401490291143148
12009011107082004103154071420205121790333168165
12009011107082004104153060117104300000000000140
12009011107082005102369063717504621590303153150
12009011107082006101171058615404321420290138152
12009011107082006101435069316705261720354176178
12009011107082006103342078620805782010377188189
12009011107082006104160058516004251430282137145
12009011107082006110087067617105051690336168168
12009011107092006101074070217805241730351179172
12009011107092006102097066016104991670332171161
12009011107092006106075072619205341840350176174
12009011107092006106729060313604671410326156170
12009011107102002106778068917105181720346177169
12009011107102006101071067617704991700329167162
12009011107102006105695074718605611910370190180
12009011107102006105897074918305661840382190192
12009011107102006106099071717505421730369186183
12009011107102006109296063617904571680289150139
12009011107112006100147070018205181750343173170
12009011107112006100444067218404881770311164147
12009011107112006102004068719204951770318169149
12009011107112006103205071717805391840355185170
12009011107112006106621071318705261790347172175
12009011107112006110131070419105131770336170166
12009011107122005103350065119504561760280144136
12009011107122006100243081820606122040408205203
12009011107122006103055082520706182030415208207
12009011107122006106092077219005821950387197190
12009011107132003102223091925706622310431221210
12009011107142004102943055314304100000000000000
12009011107142006101879059915104481460302152150
12009011107152005103537056215004121380274134140
12009011107152006104744056615204141380276135141
12009011107162003103364073216905631790384196188
12009011107162006105071063417004641560308153155
12009011107172003102838066818004881710317161156
12009011107172006103062066017704831680315165150
12009011107172006104524057514804271480279142137
12009011107182004101427078220105811930388197191
12009011107182005102095070118605151700345174171
12009011107192006100559072519005351810354180174
12009011107192006101845070316605371740363184179
12009011107192006102413070316605371730364184180
12009011107192006103844062917904501500300150150
12009011107212006106075070318605171760341174167
12009011107222002106778061515404611540307155152
12009011107222004110238065116304881540334161173
12009011107222006101191070818905191630356178178
12009011107222006102183068817305151710344174170
12009011107222006105695063117904521610291145146
12009011107222006105897069719005071770330167163
12009011107222006106099061817704411570284142142
12009011107232005110172075120005511870364185179
12009011107232006105675062416404601560304154150
12009011107242006103919072618205441780366194172
12009011107242006106908070018005201750345175170
12009011107252004101367070519005151860329164165
12009011107262004110182058814304451490296151145
12009011107262006104012057215304191430276136140
12009011107272003102191078620205842040380194186
12009011107272005105907072719505321790353180173
12009011107272006105922075020305471830364182182
12009011107272006106391000019500001950000000000
12009011107282004102586065117104801640316159157
12009011107282005105410071518205331840349182167
12009011107282006103899068917305161710345176169
12009011107282006106743067917505041680336172164
12009011107292002107451057614604301390291137154
12009011107302004101427060015704431490294146148
12009011107302004110010067618404921820310158152
12009011107312004101069057414704271450282143139
12009011107322002100980061216004521500302151151
12009011107322003102836063417304610000000000143
12009011107322006103273060616004461540292151141
12009011107322006103317063517004651610304159145
12009011107332004100193065417004841590325163162
12009011107332005102454059815604421540288143145
12009011107332005105010068217805041660338170168
12009011107332006102860068117405071630344170174
12009011107332006104685067817205061630343169174
12009011107352006101041060016904311450286141145
12009011107382004110050060216604361480288141147
12009011107392003110020056514804171400277137140
12009011107392006100758065417504791560323155168
12009011107402003104257062415204721500322156166
12009011107412006102325066817504931680325166159
12009011107422005105814063617604601590301151150
12009011107422006101932071217205401720368189179
12009011107432006103435057514404311410290142148
12009011107432006109071058114404371420295144151
12009011107442004106628056413604281400288144144
12009011107442004110227056013404261380288145143
12009011107452002103025060815204561550301152149
12009011107452006104718060215504471560291154137
12009011107472004104912067718004971640333162171
12009011107492006100580066816605021740328173155
12009011107492006101304069416905251780347179168
12009011107492006106286000015300001500000147000
12009011107502006106267071717805391810358181177
12009011107512005105820058015504251450280140140
12009011107542006105596072418605381870351183168
12009011107552005101358075119005611890372184188
12009011107552006105011075518805671870380194186
12009011107562006103760070418905151670348172176
12009011108002005100459069717805191770342172170
12009011108012001104872088930105882270361200161
12009011108012006101126068216905131640349168181
12009011108012006101838077519705781920386199187
12009011108032006100241075318505681870381192189
12009011108042002107238064900000000000338163175
12009011108042004101356065216604861620324160164
12009011108042006100703071019305171790338173165
12009011108042006104087070518705181830335172163
12009011108042006110151071019205181800338172166
12009011108122005100459073319305401860354182172
12009011108122006100818064317804651610304153151
12009011108122006100868070917705321700362178184
12009011108132006104912069517605191750344177167
12009011108152001103975069618205141740340170170
12009011108182003103118072220005221790343173170
12009011108182006100689066514905161640352175177
12009011108182006105178065617104851730312159153
12009011108222004105009061615904571480309151158
12009011108262005101309057315404191460273137136
12009011108262006103491059314104521470305151154
12009011108302006100689065915405051590346170176
12009011108302006104283069417105231720351170181
12009011108352004104762066517004951630332164168
12009011108372002110076056314604171410276139137
12009011108392004104129062716104661620304155149
12009011108392005110176063015104791590320164156
12009011108412005109208073700000000000369188181
12009011108412006102203066516904961650331164167
12009011108412006106206066717304941620332165167
12009011108442004100592060015404461500296147149
12009011108452006101120068117905021730329164165
12009011108462005105632061816404541520302154148
12009011108472006103076066217804841670317162155
12009011108482003102936062617504511580293148145
12009011108482004105617063216104711500321153168
12009011108482005102310066517104941600334165169
12009011108482006101211064516104841640320160160
12009011108482006103083065516104941580336165171
12009011108482006105798068518005051720333168165
12009011108492003102959066618004861640322161161
12009011108512005105949067618304931640329164165
12009011108522006106091073518505501840366184182
12009011109022005105949068018204981620336165171
12009011109052003105704068116305181720346173173
12009011109052005100233069817705211770344173171
12009011109052006105944067817105071720335172163
12009011109062006106091068117005111680343171172
12009011109092005105110060117004311440287142145
12009011109202003105367063915904801540326162164
12009011109202006109283083621106252040421209212
12009011109222000103719073518505501780372183189
12009011109222006105482058414704371480289148141
12009011109252006106376061418604281510277140137
12009011109262006106457058315404291440285143142
12009011109352000103719067517604991660333162171
12009011109362006104707057615004261400286140146
12009011109362006104974059215604361420294144150
12009011109362006109283058916204271410286138148
12009011109432005102973073617805581840374184190
12009011109442005101574067917905001730327166161
12009011109452006102875067816805101700340173167
12009011109452006105575058115304281360292142150
12009011109472005100721060916904401500290143147
12009011109522006100157059316604271520275143132
12009011109542002107254062215104711520319160159
12009011109542005100752058415304311420289144145
12009011109542005103573055715204051420263130133
12009011109542006105290063415804761510325160165
12009011109552006105877057716304141400274137137
12009011109552006106343068216605161680348175173
12009011110002004110281062414504791520327171156
12009011110002005110051059215104411480293149144
12009011110012005110037066116604951610334164170
12009011110012006102951076519505701950375187188
12009011110012006110073061215404581520306155151
12009011110012006110150064715704901530337162175
12009011110042002103091071517805371730364183181
12009011110072005107028058215404281450283139144
12009011110092006102792068517005151710344175169
12009011110092006103018069617805181730345171174
12009011110102002100783069517205231730350176174
12009011110102005101060062316604571630294152142
12009011110152006100032078022905511930358179179
12009011110232004103984058515504301500280143137
12009011110282006100032062518704381650273146127
12009011110322004100693060817604320000000000144
