12016061803562010104079063219604361620274142132
12016061803572012103477058116104201420278139139
12016061803572013103671069018205081770331168163
12016061803572013106040067720604711620309151158
12016061803572013106163071920005191800339172167
12016061803572013110071058315804251440281138143
12016061803582008105524065617904771630314158156
12016061803582011104626067318204911660325161164
12016061803582013102878068119404871650322159163
12016061803582013103499079822205762030373195178
12016061803582013104962065416704871640323160163
12016061803582014101141063317104621530309151158
12016061803582014101629063015804721570315154161
12016061803582014103837074518805571920365182183
12016061803592009106127067719104861710315158157
12016061803592010101569066018104791700309155154
12016061803592012101801063817504631610302150152
12016061803592012110095070820205061780328165163
12016061803592012110101065618804681650303148155
12016061803592013105652064717504721640308155153
12016061803592013105954063317704561640292145147
12016061803592013110057064616904771640313160153
12016061803592014105073075720005571910366182184
12016061804002011101946064517704681690299154145
12016061804002012100245072420105231760347174173
12016061804002012104098065718004771700307156151
12016061804002012104105067218404881700318162156
12016061804002012110117072718705401790361179182
12016061804002013100616066918304861700316162154
12016061804002013101272069019604941730321162159
12016061804002013101829065918504741690305154151
12016061804002013102598066018204781740304154150
12016061804002013103488069218905031730330166164
12016061804002013104050074220705351840351177174
12016061804002013104788067317704961720324164160
12016061804002013104800070320604971750322161161
12016061804002013105413068017605041680336168168
12016061804002013105487070218505171680349172177
12016061804002013105637069619305031800323165158
12016061804002013105822068218404981780320168152
12016061804002013105948072920205271790348175173
12016061804002013106408066917904901660324163161
12016061804002013110003067718704901720318162156
12016061804002014100535068418604981710327163164
12016061804002014100583068719304941810313165148
12016061804002014101800076521705481870361180181
12016061804002014101911068518904961760320162158
12016061804002014102897061317604371630274142132
12016061804002014102972075419505591870372186186
12016061804002014103920072420005241730351174177
12016061804002014104746068519104941710323162161
12016061804002014104817068719404931780315165150
12016061804002014105271070219505071760331168163
12016061804002014105323073621005261810345175170
12016061804012008103069068619404921700322158164
12016061804012012104676071719605211860335172163
12016061804012013100331071818905291850344170174
12016061804012013101205070418905151700345168177
12016061804012013101238072422704971790318169149
12016061804012013102300066617404921670325163162
12016061804012013104371067918004991700329161168
12016061804012013104903065917304861650321163158
12016061804012013105366071018905211860335171164
12016061804012013105560066118504761700306155151
12016061804012013105588069419504991750324162162
12016061804012013105615075021105391830356178178
12016061804012013105977074421405301900340169171
12016061804012013106076069218305091740335170165
12016061804012013106373066417504891670322168154
12016061804012014100067068018204981680330162168
12016061804012014105605072519805271920335174161
12016061804012014106231063817104671550312155157
12016061804022011103443075022105291890340177163
12016061804022011104022068620804781700308154154
12016061804022011104470077523605392030336176160
12016061804022011104612076321205511870364183181
12016061804022012100260070420704971760321164157
12016061804022012102314075820005581910367185182
12016061804022012104104078423705472130334180154
12016061804022012104956067217804941680326160166
12016061804022013100386069720204951760319164155
12016061804022013100950065416904851620323163160
12016061804022013102307076720305641940370182188
12016061804022013102879070521204931690324166158
12016061804022013103349069118405071700337167170
12016061804022013104644070721304941730321166155
12016061804022013104793069119204991720327164163
12016061804022013105104067017604941730321166155
12016061804022013105227077323705362030333176157
12016061804022013105865076420505591940365182183
12016061804022013105974065817604821670315154161
12016061804022013109025075020705431910352179173
12016061804022013110090077121005612010360184176
12016061804022014101937068516805171700347172175
12016061804022014105038067918404951740321157164
12016061804022014106191068418504991740325165160
12016061804032012104167070320105021760326162164
12016061804032013103846068618605001710329166163
12016061804032013106052064317104721640308156152
12016061804032014101024069118005111690342170172
12016061804032014101226076020705531900363185178
12016061804032014101919076920105681920376190186
12016061804032014105830078021305671970370186184
12016061804032014106131071319005231790344174170
12016061804042010101760072719205351860349177172
12016061804042011100018062917004591600299152147
12016061804042012101974065417304811570324157167
12016061804042012104044074421005341930341170171
12016061804042012110038064316904741590315158157
12016061804042013100401065417104831620321155166
12016061804042013103956072520505201910329170159
12016061804042013106365069017205181750343172171
12016061804042014100230067718204951690326164162
12016061804042014100697068617305131770336164172
12016061804042014102604068018005001700330164166
12016061804042014105197066917704921600332166166
12016061804052010105904068217805041660338167171
12016061804052011104195065617804781640314155159
12016061804052012104491074721005371890348181167
12016061804052012104923065616404921660326163163
12016061804052013103469057616004161440272141131
12016061804052013103696064617004761590317158159
12016061804052013104498061416304511490302148154
12016061804052013104774076520605591900369187182
12016061804052013110014073519005451860359179180
12016061804052014104745067218704851660319160159
12016061804052014105520068917605131760337178159
12016061804052014106007069518705081760332165167
12016061804062008103400072118405371790358174184
12016061804062010101221069917605231790344176168
12016061804062010102640066418604781690309160149
12016061804062010104033065317804751710304152152
12016061804062011104231064518404611660295150145
12016061804062012102157066618104851660319161158
12016061804062012110090070318105221790343172171
12016061804062013101832064117604651640301155146
12016061804062013103580068918305061750331163168
12016061804062014105622066117804831680315161154
12016061804062014109040068517305121680344177167
12016061804062014109148069018005101680342169173
12016061804072012103376075919405651950370188182
12016061804072012104783066517504901630327161166
12016061804072013104521065517904761560320157163
12016061804072013105189070820005081790329168161
12016061804072013106477065116504861630323161162
12016061804072014102618072119205291810348180168
12016061804072014103739065615605001630337172165
12016061804072014106244075719805591890370185185
12016061804082009102912068018005001730327166161
12016061804082011102273071317905341850349172177
12016061804082011103108071820005181820336170166
12016061804082012104926068617205141660348170178
12016061804082013100554069719605011690332174158
12016061804082013103194065117004811650316162154
12016061804082013103497075319305601890371186185
12016061804082013103758069317505181770341169172
12016061804082013104473069018205081690339168171
12016061804082013110098065117004811650316161155
12016061804082014101948068117705041750329170159
12016061804082014106290068017705031760327167160
12016061804092013102455068417605081640344168176
12016061804092013105631067318404891640325161164
12016061804092014102698066018104791600319159160
12016061804102013103485066918204871640323161162
12016061804102013103489066117304881630325163162
12016061804102013103593067917405051720333169164
12016061804112012101502074319805451830362182180
12016061804112012102774070418505191730346173173
12016061804112013100845069817305251720353172181
12016061804112013103605076819505731920381190191
12016061804112013106405073518705481820366181185
12016061804112014101319076519305721850387193194
12016061804122011101278062916704621600302150152
12016061804122012105795068018404961690327162165
12016061804122013101838068219404881710317160157
12016061804122013103488067418304911720319162157
12016061804122014100613065717504821620320160160
12016061804122014100750069918305161740342172170
12016061804122014103519070519805071730334166168
12016061804122014109151072720505221780344170174
12016061804132012104572070721504921860306159147
12016061804132012104847059117304181480270137133
12016061804132012106023056815404141490265134131
12016061804132013103412062717904481620286143143
12016061804132014100986070118405171830334170164
12016061804132014101535067716605111710340168172
12016061804132014102472066317804851570328164164
12016061804132014102968068317205111710340168172
12016061804142010100330071919605231770346172174
12016061804142013100045069819405041750329170159
12016061804142013105880064117204691620307153154
12016061804152008102351071118705241780346173173
12016061804152010103602062217004521610291146145
12016061804152011103794062717104561630293147146
12016061804152011104306065617204841610323163160
12016061804152012100360069220404881700318158160
12016061804152012104061064918404651640301154147
12016061804152012104676066218104811640317158159
12016061804152012110050064316904741640310156154
12016061804152013101205070418305211750346172174
12016061804152013102197070019905011730328164164
12016061804152013105118071018605241790345175170
12016061804152013105341065317304801650315155160
12016061804152014101268069217105211710350174176
12016061804152014102683068718005071700337169168
12016061804152014109156070220105011770324164160
12016061804162012104906069518205131780335172163
12016061804162013104328069018405061710335169166
12016061804162013105588066918604831670316162154
12016061804162014101602068819804901700320164156
12016061804172011105525081320106122130399203196
12016061804172013100323074720605411910350180170
12016061804172013100356069419904951690326162164
12016061804172013100985080621505912020389192197
12016061804172013102026067918804911710320162158
12016061804172013103459068018204981700328167161
12016061804172014105094076619905671950372191181
12016061804182009106697068318704961720324161163
12016061804182011105438067818004981730325165160
12016061804182011105580068818305051750330169161
12016061804182012100363066218704751640311154157
12016061804182013103325077319505781900388201187
12016061804182013104030077120705641880376194182
12016061804182013105720065317804751730302152150
12016061804192011103917067818004981750323166157
12016061804192011104010066217104911600331166165
12016061804192011104071068218504971750322161161
12016061804192012100825069317705161750341172169
12016061804192012105696068418205021700332166166
12016061804192012105789069318105121730339170169
12016061804192013102188065818004781720306155151
12016061804192013104238069417905151700345168177
12016061804192013105320069818605121700342170172
12016061804202013104542076919905701940376190186
12016061804212011104284066918104881710317158159
12016061804212012100495073319705361850351173178
12016061804212012104182070719505121740338170168
12016061804212013101846057516104141320282143139
12016061804212014100490075219405581870371184187
12016061804212014104950074719005571880369186183
12016061804222009100598081724505722080364188176
12016061804222010102675075720605511900361182179
12016061804222010105872076620405621950367189178
12016061804222012104337067215905131660347166181
12016061804222013100468071219605161800336172164
12016061804222013101202065417504791680311155156
12016061804222013104881075319605571840373187186
12016061804222013105283079123205592010358181177
12016061804222013106059073720505321860346177169
12016061804222014100508074719205551860369184185
12016061804222014101775071818805301840346178168
12016061804222014103523072620005261770349177172
12016061804232010105445074320805351820353181172
12016061804232010200007070216705351740361180181
12016061804232011103385067818404941680326163163
12016061804232012102988069618805081760332166166
12016061804232012110016070418805161750341173168
12016061804232013101364072519605291750354172182
12016061804232013101633064415504891530336161175
12016061804232013104859074819205561850371182189
12016061804232013105044073618605501820368187181
12016061804232013105579068918705021740328167161
12016061804232014101032072118605351830352176176
12016061804232014102757072118605351850350175175
12016061804232014106177072520005251760349181168
12016061804242009104164065917704821600322162160
12016061804242011103203074120805331910342175167
12016061804242012100358074020705331810352179173
12016061804242012102082071418605281830345174171
12016061804242012104387065618204741600314156158
12016061804242013102704074420405401920348174174
12016061804242013105015073118805431780365181184
12016061804242014105941065217004821590323156167
12016061804252010104751074421505291900339174165
12016061804252010104870073219505371810356176180
12016061804252011100372073020405261790347176171
12016061804252012100517069720704901780312159153
12016061804252012102729075320305501900360184176
12016061804252012105838072519205331790354177177
12016061804252013100297074019505451860359184175
12016061804252013101844072120405171890328173155
12016061804252013102478071418905251770348175173
12016061804252013103338069418005141770337173164
12016061804252013110062070619105151790336174162
12016061804252014104829075421305411890352180172
12016061804252014105043075121105401900350180170
12016061804262009105023067518904861650321159162
12016061804262011102556071619505211870334171163
12016061804262011106532065617604801710309157152
12016061804262012102006065917704821650317161156
12016061804262013100521069419005041760328168160
12016061804262013102583070818205261810345177168
12016061804262013104077068418405001710329165164
12016061804262013105839069917805211750346171175
12016061804272008103264068918905001760324167157
12016061804272010105167075421105431940349176173
12016061804272011103788064317404691610308153155
12016061804272012104082071118705241810343168175
12016061804272012106056062216304591540305149156
12016061804272013100463063015004801610319157162
12016061804272014100422078519905861960390200190
12016061804272014103596077320805651910374189185
12016061804272014103886065515505001590341171170
12016061804282011101031071118805231860337176161
12016061804282012104637072119305281840344172172
12016061804282013102766071220405081820326163163
12016061804292010100457068017305071630344171173
12016061804292013104055072820305251870338171167
12016061804302013106118062416204621540308157151
12016061804302014102385066418904751650310153157
12016061804312010100590071320205111850326167159
12016061804312010102884068117505061690337167170
12016061804312014103186069519005051680337172165
12016061804312014105795069719205051680337168169
12016061804312014106132070319405091700339170169
12016061804322011110099064517404711640307156151
12016061804322012101528071719205251780347176171
12016061804322013100898070619405121730339168171
12016061804322013102839070420005041680336164172
12016061804322013105491074420805361840352177175
12016061804332010102111070020005001740326161165
12016061804342009102663064918204671690298147151
12016061804342011106065067418504891690320164156
12016061804342013102900070119305081720336169167
12016061804342013103749067518504901670323164159
12016061804342014103833069518305121760336175161
12016061804352013101400069819205061700336164172
12016061804352013105467073720705301920338167171
12016061804362012105400072020405161730343169174
12016061804372011103741068219104911740317165152
12016061804382012101422073319005431770366179187
12016061804392013100550069918705121730339171168
12016061804392013105968070617805281790349177172
12016061804402011105053078020305771970380193187
12016061804412008104798068218804941730321160161
12016061804412011105425067118304881730315163152
12016061804412014100470069018105091770332168164
12016061804412014100575067518004951640331163168
12016061804422011103620060715604511490302148154
12016061804422011103783069318505081770331161170
12016061804422012102052067918404951730322163159
12016061804422013105664067820004781680310158152
12016061804422014103774068318904941700324163161
12016061804422014103967067418204921720320162158
12016061804422014104139067518404911680323166157
12016061804432012105836068419404901720318162156
12016061804442011106424069917605231770346171175
12016061804442013102812076418105831930390194196
12016061804452013104522067817605021790323167156
12016061804462013101736072719705301880342171171
12016061804462014100597077821105672030364189175
12016061804462014104788069718605111720339177162
12016061804462014106343071419105231830340171169
12016061804492011103704069117605151750340170170
12016061804502012104376071919405251820343175168
12016061804502013100369072718305441850359179180
12016061804512011104536071020005101740336170166
12016061804512013106247066917104981610337170167
12016061804512013106294069218505071750332164168
12016061804522011100420070918805211790342173169
12016061804522012101282077119105801950385192193
12016061804522013102430071018405261780348180168
12016061804522013103217074020805321940338171167
12016061804522013103754075417705771950382192190
12016061804522014104149076518705781950383194189
12016061804532013104775069217305191720347177170
12016061804532013105197066817804901680322163159
12016061804532013109145066516804971690328164164
12016061804542009101989069918105181670351170181
12016061804542013100063073120105301900340174166
12016061804552013106102067717305041670337162175
12016061804562008101012068917305161740342172170
12016061804562012100636067818604921650327161166
12016061804562012100777063615104851610324169155
12016061804562013100304069418405101700340166174
12016061804562013101658061915504641530311152159
12016061804562013104088068617005161800336164172
12016061804562014102918069818205161770339166173
12016061804562014109132070518805171760341171170
12016061804572010100155069115905321740358177181
12016061804572013102536071718505321720360176184
12016061804572014104297072120505161780338167171
12016061804582014105365066417404901640326166160
12016061804582014105833066416904951690326167159
12016061805012013105270064516904761620314157157
12016061805022013110017070919305161720344165179
12016061805032013104148076120705541950359185174
12016061805032013104197075919905601930367183184
12016061805042013101118069119105001830317167150
12016061805042013101727069917405251760349176173
12016061805042013104167068918205071800327172155
12016061805052010102015064217504671680299150149
12016061805052011101046070618405221800342172170
12016061805052013102492068917805111770334166168
12016061805052013103363074319505481920356183173
12016061805052013104595071918305361860350181169
12016061805052014104134056515004151380277138139
12016061805052014104855073320005331810352181171
12016061805052014105621067216205101650345168177
12016061805062008104835070319605071860321166155
12016061805062012100869080623305732000373192181
12016061805062012100891055415204021350267129138
12016061805062012104112079720205952020393189204
12016061805062012104493067017904911700321161160
12016061805062013103130067217105011820319161158
12016061805062013104102061717104461580288142146
12016061805072012103768079920605931980395196199
12016061805072013100523071018605241790345174171
12016061805072013103189076219905631960367186181
12016061805072013103886073919405451810364183181
12016061805072014101344077319705761960380190190
12016061805082011102353071119405171780339178161
12016061805082012105033065517404811700311156155
12016061805082012105263070118505161790337174163
12016061805082013101762071518805271780349171178
12016061805082014104587069917905201730347172175
12016061805092010102569065616104951630332164168
12016061805092011104371062617104551560299151148
12016061805092012106365072818505431810362183179
12016061805092013103003069418505091790330167163
12016061805092014103034068818505031730330165165
12016061805102011105044072820805201950325173152
12016061805102013100904068218005021730329168161
12016061805102013103857066317104921720320165155
12016061805102013105776069118405071820325162163
12016061805112013101402053814303951290266126140
12016061805112013101518067617804981680330167163
12016061805112013102748062815404741530321155166
12016061805112013103298070619605101760334172162
12016061805112014109153072119205291840345174171
12016061805122010103543070217705251800345177168
12016061805122013102021066616305031720331168163
12016061805122013103200066017604841640320161159
12016061805122013103243065115904921660326166160
12016061805132013100916064416204821580324156168
12016061805132013103675068617905071750332169163
12016061805132013104671071219505171800337170167
12016061805132014103661069818005181770341172169
12016061805132014103710063615804781580320160160
12016061805132014104161069318405091710338171167
12016061805132014104653069518605091750334169165
12016061805132014105090069318005131740339174165
12016061805132014105901070118605151740341176165
12016061805142012104943067917605031730330166164
12016061805142013105775071419005241780346172174
12016061805162010100895065417204821670315162153
12016061805172013101748069316705261720354176178
12016061805182011104855072619505311770354175179
12016061805182013105472074321005331870346175171
12016061805192013103018065717504821650317159158
12016061805192013110073065317304801680312159153
12016061805192014100160065617004861640322159163
12016061805192014102243065317304801680312159153
12016061805202010104439061716604511590292147145
12016061805202013102298064718104661700296151145
12016061805202013104781065217904731650308157151
12016061805202014104766065216504871630324161163
12016061805212008105592065716804891640325164161
12016061805212012105351064415804861560330161169
12016061805212012105828068717205151720343175168
12016061805212013102809070919105181760342172170
12016061805222012104776067518004951690326166160
12016061805222014103704069517705181670351170181
12016061805222014104666071117805331730360174186
12016061805242012104463064916604831660317164153
12016061805242013100518067918104981710327165162
12016061805242013103034063617304631570306155151
12016061805242013103949063417204621560306150156
12016061805242013105931070318605171850332170162
12016061805242013105952064115604851580327160167
12016061805242013106323066316305001570343169174
12016061805252011104075067018304871670320163157
12016061805252012104614067317904941730321160161
12016061805252013104818065518504701600310150160
12016061805252013104939068418604981730325161164
12016061805262011101081068617405121790333172161
12016061805272012100662069020604841720312155157
12016061805272012102824075220905431890354181173
12016061805272013106313066419004741710303156147
12016061805282013105908067018904811710310157153
12016061805292012104264067718404931700323165158
12016061805292013100831066617804881680320165155
12016061805312012104484068917905101730337172165
12016061805312013100538071018705231840339169170
12016061805312013102096069317905141710343170173
12016061805332011106568074419705471880359177182
12016061805342014105728069118705041830321168153
12016061805352013100359063416004741600314158156
12016061805352014103507064317104721530319152167
12016061805372012100406064115304881680320162158
12016061805372013103434061116104501500300142158
12016061805372013103962065416504891660323163160
12016061805442010101478070018005201750345176169
12016061805442010102597065816004981640334167167
12016061805442013104020074420205421840358181177
12016061805442014101357066016504951790316160156
12016061805462014102613066818404841690315164151
12016061805482011103789071518405311800351175176
12016061805482013100035070117905221820340169171
12016061805482013101994064916904801630317158159
12016061805502013103042069817705211720349177172
12016061805512012104144070717705301780352173179
12016061805512012106160065917104881700318158160
12016061805522012101073069917905201710349169180
12016061805522013103930067519704781690309154155
12016061805542013102883070318405191740345167178
12016061805542013105741066117004911710320162158
12016061805542014106056065717404831680315158157
12016061805552009100921065917804811660315157158
12016061805552012101382061716104561570299146153
12016061805552012101386063917604631590304151153
12016061805552013106011064916904801620318155163
12016061805552013110018066917204971690328161167
12016061805552014104800071518205331790354175179
12016061805562011105223066417804861660320163157
12016061805562014103709070217305291690360179181
12016061805572012101055069320104921700322157165
12016061805592011100364071721005071860321171150
12016061805592013102997071120305081880320175145
12016061805592013104329071921105081890319171148
12016061805592013105530071020105091860323171152
12016061805592014102613067117904921720320163157
12016061806002012103200073820105371860351178173
12016061806002013101822075320705461970349182167
12016061806002013102444074720605411950346177169
12016061806002013106177073820205361850351178173
12016061806002014105342071719205251820343175168
12016061806002014106086074219505471910356175181
12016061806042012102456066816705011630338166172
12016061806052014101021069918105181710347172175
12016061806052014101516068717405131650348171177
12016061806062013103737064216204801610319160159
12016061806072010100338065116804831600323162161
12016061806072013102905065216504871620325160165
12016061806072013103199064515904861620324163161
12016061806072014102127065815805001630337166171
12016061806072014105533063716304741570317158159
12016061806082013103755066617404921680324162162
12016061806152013102710064916504841580326163163
12016061806152013103801067518504901690321163158
12016061806152013104317071119805131900323170153
12016061806152014106300071919805211840337167170
12016061806152014109143071417905351840351175176
12016061806162011102872069018205081770331174157
12016061806172012104645074819105571840373189184
12016061806172013103520067116605051660339169170
12016061806182011103129061615604601520308157151
12016061806182011110069064716704801630317159158
12016061806182013101634066818304851710314160154
12016061806182013103133065516504901680322162160
12016061806192010105781064516004851630322165157
12016061806192013103263071518505301790351175176
12016061806192013104330072019305271800347177170
12016061806192014106101072919305361820354176178
12016061806222012105115069218605061710335169166
12016061806222013101446067718704901710319161158
12016061806232011100482066918604831700313156157
12016061806232013100405073220105311830348174174
12016061806232013100664069017605141710343172171
12016061806232013105999070718905181800338175163
12016061806252010102260062116504561620294151143
12016061806252013104227063716504721690303154149
12016061806272010103880069318305101730337176161
12016061806272010104486063217404581650293148145
12016061806272011100790069319404991750324171153
12016061806272013102884071519905161770339173166
12016061806272013106024070019305071760331168163
12016061806272014104381069218605061760330168162
12016061806272014105848069618905071780329168161
12016061806282010101326069818905091700339166173
12016061806282011101565070719205151790336171165
12016061806282011103673066815805101680342172170
12016061806282012105261066616704991610338166172
12016061806282013100982069618605101740336166170
12016061806282014100838063817104671600307157150
12016061806282014106005064717104761660310157153
12016061806292011101777065217804741640310159151
12016061806292012105362060915604531550298150148
12016061806292013103748063117104601570303150153
12016061806292013104560064716804791640315155160
12016061806292013104814069316905241770347173174
12016061806292013105628066717704901630327160167
12016061806292014100510067618204941690325164161
12016061806302009105834065016804821700312156156
12016061806302010104221065317104821630319159160
12016061806302011101395062817504531570296143153
12016061806302012101690063017004601600300151149
12016061806302012102418066117104901640326157169
12016061806302012104153063917304661630303151152
12016061806302012104742066917904901680322162160
12016061806302012106007062317404491540295146149
12016061806302013100611063515804771620315156159
12016061806302013100637066817004981740324159165
12016061806302013101392063116004711560315157158
12016061806302013105875068118005011680333163170
12016061806302013105985064117504661610305152153
12016061806312013103784066517104941690325163162
12016061806312014103086071219105211780343171172
12016061806532010106337056716004071510256129127
12016061806542010106160068917005191700349177172
12016061806542011105704066117304881670321161160
12016061806542011106377057315804151470268135133
12016061806542013103445066216404981620336167169
12016061806542013104506057015704131460267134133
12016061806542014105498063817404641580306151155
12016061806542014105673063917304661590307152155
12016061806552008103273067917905001720328162166
12016061806552010101930071918405351810354178176
12016061806552010104298062416904551630292145147
12016061806552012101194067418004941560338166172
12016061806552013101730062917204571580299154145
12016061806552013102310070619405121760336174162
12016061806552013102427066118104801590321152169
12016061806552013102837064116404771660311154157
12016061806552013103663064415904851580327159168
12016061806552013105412064916704821680314158156
12016061806552014100820068416705171680349174175
12016061806552014103135070918505241830341168173
12016061806552014103330069116705241750349170179
12016061806552014103622068216605161690347172175
12016061806562008103192067318004931750318164154
12016061806562010102514064417704671710296148148
12016061806562012101175051713403831310252125127
12016061806562012104551063717904581600298152146
12016061806562012105596062618004461540292145147
12016061806562012105956066616105051710334166168
12016061806562013100390065618204741560318159159
12016061806562013101671067217105011710330163167
12016061806562013102009068917905101720338170168
12016061806562013103207066118204791730306160146
12016061806562013105595065317804751740301149152
12016061806562013105646065518404711600311167144
12016061806562014102878064318604571610296156140
12016061806562014103951062817304551570298149149
12016061806562014106140064718604611600301157144
12016061806562014106225064817604721760296147149
12016061806562014110061065217004821610321154167
12016061806562014110066067216805041690335170165
12016061806572011103612067017804921690323163160
12016061806572011104176067017904911750316159157
12016061806572011104340066117604851710314160154
12016061806572011104665068119404871750312159153
12016061806572012100740067217704951670328162166
12016061806572012101421064117204691620307157150
12016061806572012102956068718105061710335167168
12016061806572013104602067918004991760323161162
12016061806572014101146066616605001650335166169
12016061806572014103978071519105241770347176171
12016061806572014104637071819305251760349177172
12016061806572014105927068718105061720334168166
12016061806582010104111064316004831560327162165
12016061806582011100540066817304951650330165165
12016061806582011101390065317504781670311156155
12016061806582011105057066217904831640319157162
12016061806582012102747067617704991750324165159
12016061806582012102753068018704931810312159153
12016061806582013100340065417004841610323158165
12016061806582013100786063717404631530310151159
12016061806582013102364061016804421530289139150
12016061806582013103592063116204691590310157153
12016061806582013105280064717504721620310157153
12016061806582013105348062616204641550309152157
12016061806582013106426067218604861710315156159
12016061806582014100525069318105121750337168169
12016061806582014103484082422106032110392195197
12016061806582014104345068018304971690328166162
12016061806592010105845066516904961600336158178
12016061806592012103484073119905321890343177166
12016061806592012105538067418404901670323167156
12016061806592013109012070018905111790332168164
12016061806592014101389065417504791690310157153
12016061806592014104922065317304801690311158153
12016061806592014105681064016504751640311160151
12016061806592014106010063916304761660310159151
12016061806592014106092068317605071710336167169
12016061806592014110034068717805091710338167171
12016061807002011102525061615704591570302150152
12016061807002012101961065917504841670317157160
12016061807002013101378066717504921680324161163
12016061807002013102065070917905301730357172185
12016061807012011102260071119205191750344171173
12016061807012011105000062615804681590309154155
12016061807012013100988066116904921620330163167
12016061807012013102579071719505221750347172175
12016061807012013103208065916804911670324157167
12016061807012013103426076219605661910375189186
12016061807012013103431067818204961730323164159
12016061807012013104811067818004981650333163170
12016061807012013106028069618505111720339168171
12016061807012014103000066416904951610334162172
12016061807012014109146068717205151760339169170
12016061807022008105887062716304641570307155152
12016061807022012100289062817104571580299152147
12016061807022012101438066418004841680316160156
12016061807022013105474064416304811590322161161
12016061807022013105508066317504881690319156163
12016061807022014101193065216004921600332164168
12016061807022014103002071217505371810356177179
12016061807032011110096066317204911640327167160
12016061807032012101285064816204861690317159158
12016061807032013101802067018104891790310152158
12016061807032013103622069117805131730340169171
12016061807032013104101067918704921760316160156
12016061807032013105033066917404951720323161162
12016061807032014103861066416105031630340169171
12016061807032014105584068617705091700339170169
12016061807042009105122066317504881650323163160
12016061807042009105977064816404841620322163159
12016061807042013100601065618204741660308155153
12016061807042013101778065716404931700323164159
12016061807042013101811063517104641600304151153
12016061807042013103772066216904931600333168165
12016061807042013103844060616404421540288152136
12016061807042013103903065116704841560328160168
12016061807042013104737062817104571560301154147
12016061807042014102902065816504931690324165159
12016061807052011103993065017304771640313157156
12016061807052012100407066818004881660322161161
12016061807052012105112066716005071590348170178
12016061807062010100517065018504651680297149148
12016061807062011105806065217804741670307156151
12016061807062012104679064716504821580324161163
12016061807062014102088067216605061740332169163
12016061807072013101438063316304701520318155163
12016061807072013105493066017504851630322160162
12016061807072013105663066017604841630321160161
12016061807072013106082066617704891590330163167
12016061807072013106168066516704981590339168171
12016061807072014100958067416405101760334166168
12016061807072014101220071318105321820350174176
12016061807072014103751066617604901600330163167
12016061807082007103215067517305021690333167166
12016061807082008103192064918104681660302154148
12016061807082014101084070918205271710356180176
12016061807092012105305062416604581570301148153
12016061807092013105241067216805041700334168166
12016061807092013106107061016004501500300151149
12016061807092014110025068919004991770322161161
12016061807102011100930068119804831760307164143
12016061807102013102310071719805191910328167161
12016061807102014104739088524406412320409214195
12016061807112011102225066717804891670322163159
12016061807112011103569061716304541590295148147
12016061807112012100740068718105061820324165159
12016061807112013101836067217504971710326163163
12016061807112014105783067117704941710323164159
12016061807122011103485067517105041720332167165
12016061807122012106055063916404751580317156161
12016061807122013106204065616804881570331162169
12016061807122014100948064016804721600312158154
12016061807132013106037059116104301490281141140
12016061807132014106261068917305161670349170179
12016061807152013103611066619204741640310155155
12016061807152014102064065816804901610329161168
12016061807152014102627065616004961660330164166
12016061807162008103165065518204731620311156155
12016061807162013102914065316804851690316162154
12016061807162013103969063215604761630313171142
12016061807162013105855069519505001810319165154
12016061807172013100705067117204991730326162164
12016061807182011103854065117704741710303158145
12016061807182012101555064917104781730305158147
12016061807182012102773067318204911760315165150
12016061807182013100017067817904991770322165157
12016061807182014103979070419605081840324169155
12016061807182014106138070519605091850324168156
12016061807192013100832068717705101760334168166
12016061807192014100116065218004721650307157150
12016061807192014100832066417804861660320170150
12016061807192014103173072118205391780361177184
12016061807192014105209067917105081690339170169
12016061807202011104831065115904921570335165170
12016061807202013100556066917004991700329165164
12016061807212013103834065716804891610328161167
12016061807222008103469070918805211740347169178
12016061807222014101912069518405111750336165171
12016061807222014102922066517104941650329160169
12016061807222014103178064216304791540325159166
12016061807222014104372066016304971610336166170
12016061807242011105072063617004661610305155150
12016061807242012104759067417804961700326163163
12016061807252012101339062917404551610294148146
12016061807252013101701071719505221780344172172
12016061807252013101747067118104901710319161158
12016061807252013105573069618005161770339171168
12016061807262013102148064817004781590319158161
12016061807272011100693052514703781380240122118
12016061807272011101479065017404761590317156161
12016061807292014100531066917304961720324162162
12016061807292014105348066817304951700325162163
12016061807292014105512067017404961700326163163
12016061807332013100649067517205031710332170162
12016061807332014104393067917605031710332170162
12016061807342012100560069319005031640339174165
12016061807362012100599073320005331840349176173
12016061807372013100338067017204981670331168163
12016061807382013104827071519005251750350177173
12016061807412009106109065717104861720314160154
12016061807412013101076065817904791690310157153
12016061807412013102518063916904701580312156156
12016061807412013104651068317905041740330173157
12016061807422010104897065916904901700320163157
12016061807422012103405075721905381910347176171
12016061807422013103691070416905351750360179181
12016061807422013103774065616804881600328157171
12016061807422014106366066416904951700325164161
12016061807432011105916068517105141690345174171
12016061807442013101737066017504851690316163153
12016061807442013104977067217205001730327167160
12016061807452012101842063919204471630284144140
12016061807452012102422068318305001700330167163
12016061807452012106079059915604431430300145155
12016061807452013102712066016704931600333165168
12016061807452013103043069218705051730332169163
12016061807462012106040069018805021830319163156
12016061807462013102178072420105231820341169172
12016061807462013104314069118205091720337168169
12016061807462014100998075520505501850365184181
12016061807462014103184066517804871710316159157
12016061807462014104927073319805351880347177170
12016061807472012104135061415004641600304149155
12016061807492008101549065417204821640318164154
12016061807492010105787064717704701580312155157
12016061807492013100015066118204791690310173137
12016061807492013103979065517504801680312165147
12016061807502014101569069417805161720344176168
12016061807502014103085072219805241810343174169
12016061807502014106144072219905231850338170168
12016061807522014100941067517704981740324163161
12016061807522014102133068517605091750334171163
12016061807562009106331066918604831680315159156
12016061807562012103119071619905171800337165172
12016061807562013105109071119405171780339168171
12016061807572012106262067117604951670328161167
12016061807582011103159072219605261800346174172
12016061807592013101031065717304841630321155166
12016061808002011106135067818904891720317163154
12016061808002012100617071018805221830339173166
12016061808002012106042061715704601520308149159
12016061808002014100098070317805251850340173167
12016061808022014103299069217605161740342170172
12016061808022014103310065817004881620326161165
12016061808032010101555069618305131820331168163
12016061808032010104297067217304991670332165167
12016061808032013105779064216404781610317156161
12016061808032014103095069017905111790332165167
12016061808032014104156068617705091720337167170
12016061808042013104253071619905171700347154193
12016061808042013105913073319105421900352178174
12016061808052013104461066517104941640330161169
12016061808092012101363069418305111730338169169
12016061808092012103439070018505151660349174175
12016061808092013103568070320704961710325164161
12016061808112012105337080121205891980391196195
12016061808132012104222064717704701690301160141
12016061808162012100481064517804671630304153151
12016061808162013103621066018304771670310156154
12016061808162014109170069617505211760345174171
12016061808192008102219070218405181790339176163
12016061808202013103070081222005922070385197188
12016061808252011104056067418604881710317162155
12016061808262010104983067916805111590352174178
12016061808462013100731066917704921640328160168
12016061808462013103167067517305021680334161173
12016061808462014104702066217104911630328161167
12016061808532012101757061517104441530291145146
12016061808532013102351063315904741610313160153
12016061808532013104365062016204581560302152150
12016061808532014102208062715404731600313160153
12016061808542010104113067117504961730323165158
12016061808542012103916067817705011720329168161
12016061808542012104369064917504741630311158153
12016061808542013100887067517704981740324164160
12016061808542014105389066516405011740327165162
12016061808552013105293063015904711570314156158
12016061808552013105475065117204791630316159157
12016061808572007101798064617004761550321154167
12016061808572009106344065016304871630324161163
12016061808572013105879069017505151750340172168
12016061808582010103767086824406242160408206202
12016061808592010103540077520205731940379191188
12016061809102012101646068618405021750327165162
12016061809222012101646068719204951690326161165
