12005071504572002101796079320805852010384198186
12005071504582002100699067318604871700317163154
12005071504582002100787066619604701570313157156
12005071504582002104784066518404811690312160152
12005071504592000105134073619505411790362184178
12005071504592001103725069718505121750337172165
12005071504592001105393075420205521840368188180
12005071504592002100558084120606352040431216215
12005071504592002100949070718705201740346000000
12005071504592002102126073719005471810366182184
12005071504592002102299067518604891750314156158
12005071504592002103921072818405441710373181192
12005071504592002104193085122906222070415205210
12005071504592002104384078220505771950382190192
12005071504592002106189067618104951720323166157
12005071504592002109032076020405561890367185182
12005071504592002110008072218505371850352180172
12005071504592003105904066817904891700319165154
12005071504592003106682075620705491890360180180
12005071504592003110018077620005762000376196180
12005071505001999104111074119105501830367182185
12005071505002001105253076221405481890359184175
12005071505002002100829072419205321820350177173
12005071505002002103615000000004951590336164172
12005071505002002105202079619805981980400203197
12005071505002002107283070317405291720357178179
12005071505002003100549074219205501810369186183
12005071505002003101184073918405551810374193181
12005071505002003107038070417705271760351180171
12005071505012001105942076620105651920373187186
12005071505012002100778068318604971680329165164
12005071505012002100948068317505081650343176167
12005071505012002106129077819305852010384188196
12005071505012003107214066515305121620350172178
12005071505022000102044078720105861920394197197
12005071505022001103847070517805271730354181173
12005071505022002100291077121805531970356182174
12005071505022002106403088922706622190443229214
12005071505022002106404075919805611860375189186
12005071505022002106612073019405361790357175182
12005071505022002106620074719205551880367185182
12005071505022002110207066417104931590334159175
12005071505022003100648075120905421870355181174
12005071505022003100654074920805411900351180171
12005071505022003100656074519105541880366185181
12005071505022003103835075121205391840355181174
12005071505022003104910065016204881590329162167
12005071505022003105910059515804371490288144144
12005071505031997103730069017005201710349176173
12005071505031998106924075400000000000372187185
12005071505032002102937070617905271670360178182
12005071505032002107238075020005501860364184180
12005071505032003102820067117704941620332167165
12005071505032003102982068418504991690330163167
12005071505041997105089074618805581830375188187
12005071505041998103205053414603881330255126129
12005071505042000101413071618605301790351177174
12005071505042000101466077420905651820383187196
12005071505042000103018074120005411840357179178
12005071505042001107192078119705841950389197192
12005071505042001110268052714703801320248122126
12005071505042002101614073219905331780355182173
12005071505042002104091076018305771880389195194
12005071505042002110201055615404021420260129131
12005071505042003102519055814504131410272136136
12005071505042003102863055714504121410271135136
12005071505042003104692068117005111730338170168
12005071505051999110010053915003891320257127130
12005071505052000110041052314103821250257126131
12005071505052001103035073919705421840358183175
12005071505052001103146053614203940000000000134
12005071505052001110214052614903771280249122127
12005071505052003101149064116804731490324157167
12005071505052003102837078421305711990372191181
12005071505052003104935072717805491720377183194
12005071505052003105961072218805341670367178189
12005071505061998101804071019705131800333176157
12005071505062000105804072718505421770365185180
12005071505062001106188068219404881670321166155
12005071505062001106649068818405041690335167168
12005071505062001110256067817904991770322160162
12005071505062002100940067117804931650328164164
12005071505062002100997076322005431870356187169
12005071505062002104463068619104951770318158160
12005071505062002104617069617905171750342175167
12005071505062002104869069917805211790342175167
12005071505062002105315068717605111760335169166
12005071505062002110149070619205141750339173166
12005071505072001100086071719605211740347170177
12005071505072001102858067016305071650342168174
12005071505072001103366063114804831490334158176
12005071505072002100293066817304951630332168164
12005071505072002104370066619004761720304153151
12005071505072002106893066316604971610336167169
12005071505081999102020000021400001970000207000
12005071505082000106032070317605271730354176178
12005071505082001100415066917104981670331169162
12005071505082001100668069219704951590336167169
12005071505082002102445070818105271740353175178
12005071505082003100895070419005141740340176164
12005071505082003101493067017604941650329165164
12005071505082003103262070318705161720344175169
12005071505082003106501070418905151750340176164
12005071505092000107271057617204041420262129133
12005071505092001102019090124206592300429220209
12005071505092001103739068818005081720336170166
12005071505092001106657075119505561840372184188
12005071505092001110032070617805281680360173187
12005071505092002100574071218905231700353177176
12005071505092002102105074119005511830368000000
12005071505092002104744074319105521890363184179
12005071505092003101555071718405331830350177173
12005071505092003104610069919405051700335168167
12005071505101998102551077820105770000000000178
12005071505102000102051075619805581870371183188
12005071505102000105123055615304031470256133123
12005071505102000106894065616704891610328160168
12005071505102000110130077221505571880369188181
12005071505102002101657074221005321780354177177
12005071505102002102668082526705582190339183156
12005071505102002105981071018505251770348171177
12005071505102002107172071118705241790345175170
12005071505102003106745070719105161810335172163
12005071505111999100759066717504921650327165162
12005071505111999105449072418605381790359180179
12005071505112001100699072817405541780376186190
12005071505112001101415073719405431770366183183
12005071505112001103609074519805471780369183186
12005071505112002100501076519205731880385192193
12005071505112002101712066619304731660307158149
12005071505112002101796066116005011620339170169
12005071505112002103118069700000000000000000169
12005071505112002103638069618005161700346173173
12005071505112002105426066016704931650328165163
12005071505122000101394066217204901600330166164
12005071505122000102884074619805481840364177187
12005071505122000110263000020200001840000156000
12005071505122002102207079623405622000362187175
12005071505122002106778068917505141710343176167
12005071505132001101563068018104991630336167169
12005071505132002102126070718705201750345173172
12005071505132002105000073819805401780362183179
12005071505132002110008072919005391810358181177
12005071505132003101184072019505251770348175173
12005071505132003102375071718505321750357177180
12005071505132003102446069917905201760344173171
12005071505132003104602071518705281750353172181
12005071505132003106682069618605101750335168167
12005071505132003110018070518505201750345173172
12005071505142000104202070818605221790343173170
12005071505142001100751073818505530000000000184
12005071505142001105942066218004821610321161160
12005071505142001106696073619405421740368184184
12005071505142001110143052813903891290260130130
12005071505142002100291077120405671970370188182
12005071505142002100955064518304621580304000000
12005071505142002103615065616904871560331163168
12005071505142002107283070017705231770346175171
12005071505152000103002069117005211630358176182
12005071505152002102675074018305571810376188188
12005071505152002103056066917204971580339160179
12005071505152002103070069117005211690352175177
12005071505152002104841066116504961640332166166
12005071505152002106403062115904621530309155154
12005071505152002106412071518805271710356178178
12005071505152002107314072218905331800353176177
12005071505162002105202079619306031950408209199
12005071505171998106924073319105421790363182181
12005071505172000101413067617305031660337170167
12005071505172002102805070218805141720342170172
12005071505172002104064087923806412170424218206
12005071505172002104091072218305391890350178172
12005071505172002106695074018105591680391189202
12005071505172002107238073419905351800355178177
12005071505172003100559087924006392140425220205
12005071505172003101750072116605551810374188186
12005071505172003102192072016405561780378188190
12005071505181998101514070318405191740345175170
12005071505182002102252076319705661930373187186
12005071505182002103049070119205091690340171169
12005071505191999102020078200000000000000000217
12005071505192001107508078520105841970387194193
12005071505192002104767066920204671620305150155
12005071505202000101466069918005191770342171171
12005071505202003105399078820105872020385196189
12005071505202003106776076720205651850380191189
12005071505212002103399087123006412200421214207
12005071505212003100084078121805631990364172192
12005071505212003101654068117305081660342167175
12005071505212003101809068217405081660342167175
12005071505212003104769056215104111460265132133
12005071505222000106032069617305231760347176171
12005071505222001100086056514304221480274142132
12005071505222003103531076118805731940379195184
12005071505232001101415067917805011640337166171
12005071505232002101041069216905231750348182166
12005071505232002101270075521905361790357185172
12005071505232003106239068117905021690333168165
12005071505242000110130070118705141740340172168
12005071505242001102858065416304911610330164166
12005071505242002102445070517405311800351174177
12005071505242002102857068617605101680342164178
12005071505242003102093069317305201670353170183
12005071505242003103514063415504791530326154172
12005071505252001105103084020606342060428216212
12005071505252002102172074718605611800381189192
12005071505252002110187075720205551850370188182
12005071505252003107181074920005491830366186180
12005071505262000100672080420805961990397197200
12005071505262000105106067517804971730324163161
12005071505262001100699064715604911580333165168
12005071505262001104263070618905171680349170179
12005071505262002103304069118505061670339165174
12005071505262002106778071300000000000360183177
12005071505272000107582071118905221780344173171
12005071505272001100839067219104811700311157154
12005071505272002106077071518605291730356179177
12005071505282001106243078720605810000000000189
12005071505282002100922074519305521830369188181
12005071505282002104223051813903791280251124127
12005071505282002105253071017505351690366180186
12005071505291998101821077821805601970363181182
12005071505292002103538067616505111630348170178
12005071505292002106412068816805201730347179168
12005071505292003102307071417705371770360180180
12005071505302002101303058516004251460279138141
12005071505302002102674078020805721910381195186
12005071505302003100839058616004261470279138141
12005071505312002102252074820205461900356182174
12005071505312002103249070217705251710354175179
12005071505322001106298089525006452310414217197
12005071505322001107508073619505411820359180179
12005071505322003105399055314404090000000000141
12005071505332001101762072217705451760369185184
12005071505332002103203070618005261760350177173
12005071505332002109038077320705661940372192180
12005071505341999102316063914904901450345164181
12005071505342000107304070321004931660327171156
12005071505342001102864076319305701880382189193
12005071505342002106140068716605211690352172180
12005071505342002107214067316405091670342168174
12005071505352000101833075720705501820368182186
12005071505352002102292064117204691560313151162
12005071505352002104742072318805351790356180176
12005071505352003104023076020305571840373187186
12005071505352003105328075820105571840373187186
12005071505361997110064068618005061640342169173
12005071505361999101704067418304911630328166162
12005071505362001100212068716705201670353177176
12005071505362001101503071618505311760355176179
12005071505362001102216069919305061740332170162
12005071505362002102022069418505091680341172169
12005071505372002100782073119105401850355183172
12005071505372002102574073419705371840353180173
12005071505372002102813075020705431810362176186
12005071505372003100385064616804781570321159162
12005071505372003102704058915804311430288145143
12005071505372003106698070718205251710354177177
12005071505382002100093070119005111750336165171
12005071505392000100672075418505691860383190193
12005071505392002102278073719605411860355179176
12005071505392003101971084622306232130410201209
12005071505392003102403081121805932100383196187
12005071505392003104100070019805021750327164163
12005071505392003105692071619705191840335167168
12005071505392003106148085223406182170401201200
12005071505402001101275070218405181730345174171
12005071505402002102172073218205501830367185182
12005071505402002102284070518805171710346172174
12005071505402002105356075619005661890377192185
12005071505402002105598074318705561790377186191
12005071505402002107581075118805631870376196180
12005071505412000101691076119205691920377188189
12005071505412001102448079021105791960383192191
12005071505412002102488073719105461810365186179
12005071505422002105155078021005701970373190183
12005071505431999102300067717705001680332168164
12005071505441999109284070917505341750359180179
12005071505442000106787077720405731850388194194
12005071505442002104376059015404361430293147146
12005071505442002105513072120505161810335177158
12005071505442003102257077320305701910379192187
12005071505442003105084075319205611880373188185
12005071505442003109122077820305751930382192190
12005071505452000103719000000005031670336170166
12005071505452002103203069318105121690343170173
12005071505452002103784065117804731580315157158
12005071505472002105381076420005641910373188185
12005071505482002103902070418405201740346177169
12005071505482003101489076318805751870388200188
12005071505482003104191091621107052200485245240
12005071505492000110163075319805551870368184184
12005071505492001101503061316104521490303151152
12005071505492001103090073019505351810354180174
12005071505492002100281075619505611880373188185
12005071505492002103123075919605631880375189186
12005071505492002105363068016505151670348172176
12005071505492002106738071418405301720358176182
12005071505502003104791073420005341910343169174
12005071505502003105386072520205231820341168173
12005071505512001102389063915904801510329160169
12005071505512002106391066917404951620333172161
12005071505531997105426074320205411970344183161
12005071505532002100060084423106132020411212199
12005071505532002104603074520205431840359181178
12005071505532003102372074520105441850359181178
12005071505541999102300065716104961640332167165
12005071505542002102218053514603891300259125134
12005071505542003102205069316705261700356177179
12005071505542003102542066916005091540355174181
12005071505562002101729074318705561890367184183
12005071505572001104543063717804591650294154140
12005071505581998106798078424305411860355177178
12005071505582000106787053314203911260265126139
12005071505592002105565066216904931620331162169
12005071506002002105381060016104391460293144149
12005071506002003102257067216705051770328166162
12005071506002003109122067716905081750333170163
12005071506022001105506072318905341790355178177
12005071506022001105832072218605361800356179177
12005071506032002100281070517605291730356180176
12005071506032002103123070517605291740355180175
12005071506032003107148063916804711610310165145
12005071506072000101500068118105001600340173167
12005071506072002103204063716504721510321159162
12005071506122001100778080920806012030398200198
12005071506151997102548053414103931290264129135
12005071506152001105832070117705241810343174169
12005071506152002107308072519505301810349174175
12005071506212000104159069718905081680340171169
12005071506242002102052077118705841980386195191
12005071506252001100778075219205601830377195182
12005071506332000110142072619005361710365183182
12005071506332002100605067616605101610349175174
12005071506492002102693066616505011620339172167
12005071506501999103691073320205311780353178175
12005071506502000104309070819705111800331170161
12005071506502000105379073018805421730369182187
12005071506502002104234060115504461450301149152
12005071506502003106601068316105221640358175183
12005071506512001100420078621305731940379189190
12005071506512002102174071019005201750345173172
12005071506512002104236066316604971620335168167
12005071506512003102466071018605241770347173174
12005071506512003110009069117805131660347171176
12005071506521997110086060417304311490282144138
12005071506532002100589062815304751460329163166
12005071506532003101902069317305201740346172174
12005071506552003100905086722306442260418220198
12005071506562003105052073519305421790363184179
12005071506582003100265074118305581760382188194
12005071506582003101749055515304021380264132132
12005071506582003104473075517305821870395199196
12005071506582003105031075218505671770390194196
12005071507002002103149077219205801930387199188
12005071507002002103905000018600001630000164000
12005071507002002104177000000005031610342168174
12005071507002003102185064716404831590324160164
12005071507002003102276065816504931670326165161
12005071507012002100554067317504981740324169155
12005071507012003102957066716305041630341168173
12005071507012003103628066916605031620341168173
12005071507012003106166068517505101780332174158
12005071507021998100689076319805651840381187194
12005071507022002102334070019405061820324172152
12005071507022002102827071517705381800358182176
12005071507022002110015070718105261740352178174
12005071507032003100643071418605281770351178173
12005071507041999103691070719105161750341175166
12005071507042001104336071719905181750343173170
12005071507042003101737072218805341810353178175
12005071507052001102102064818304651610304152152
12005071507071998102919068116805131710342172170
12005071507072002100057068318404991650334167167
12005071507072002106784070917105381680370184186
12005071507082002103592065416904851580327166161
12005071507082003101745064515104941540340168172
12005071507092001101878068016905111690342167175
12005071507092002101819070017905211720349176173
12005071507092002106416063915804811540327159168
12005071507102001103738069018105091700339169170
12005071507102001106642082620706192090410210200
12005071507102002103865070218205201780342173169
12005071507102002104666076119205691930376190186
12005071507102003109311070500000000000351176175
12005071507112000110113093425206822300452231221
12005071507121998101851064318704561620294152142
12005071507122003102425075820205561900366187179
12005071507122003107294072419105331800353177176
12005071507141998100689070417205321700362180182
12005071507142002105673074218005621870375187188
12005071507142003102740067617605001720328169159
12005071507142003104330068518205031730330169161
12005071507142003109129065017304771630314159155
12005071507152002102738067816805101620348170178
12005071507152002110068064816404841610323164159
12005071507152003104577064116104801610319162157
12005071507162002102827071317805351690366176190
12005071507162002110015066617304931680325163162
12005071507162003104879065016204881590329166163
12005071507172002109018061416204521480304153151
12005071507172003101679075820205561810375187188
12005071507172003101744067500000000000343170173
12005071507181998102919064517104741510323159164
12005071507182000104369070120105001750325161164
12005071507182001105321073317905541810373190183
12005071507182003100643070718105261780348182166
12005071507182003100915066617104951590336164172
12005071507192001100427057115204191410278145133
12005071507192002100904076219305691930376186190
12005071507202000102742074619005561860370189181
12005071507202001107574071019205181700348173175
12005071507202001110196077721605611960365185180
12005071507202003104869070317705261720354176178
12005071507202003106290073918005591780381185196
12005071507212001106646068119004911650326165161
12005071507212001107536068516805171640353175178
12005071507232003100585078421105731960377193184
12005071507232003101038069917305261660360178182
12005071507242000101545077620705691910378191187
12005071507242000110113085222006322160416214202
12005071507242001101878066717704901650325153172
12005071507242001106642074218905531880365183182
12005071507242002100499066717504921680324169155
12005071507242002102505072118505361830353180173
12005071507242002107522070918005291750354187167
12005071507242003100912072919805311800351175176
12005071507252001102128065716804891570332164168
12005071507252002104666071518305321780354177177
12005071507252003101046067117704941640330164166
12005071507262001104603071518205331730360181179
12005071507262001104608069518205131710342168174
12005071507262002104182054614604001360264132132
12005071507272000100165068716905181670351178173
12005071507272002102279065617004861600326157169
12005071507272002102569066517104941640330165165
12005071507272002107093073318405491790370189181
12005071507272002107407075621205441790365183182
12005071507272003101466078420105831960387194193
12005071507272003102091078420105831950388195193
12005071507272003106497074219905431740369182187
12005071507282000105073073019405361820354183171
12005071507282000106614068118504961690327165162
12005071507282001105310069818505131670346170176
12005071507282002100668074720405431870356183173
12005071507282003100093073319705361820354183171
12005071507292000100299065119104601590301154147
12005071507292002100853070118205191700349172177
12005071507292002107124068517705081710337170167
12005071507302002105689068718405031680335171164
12005071507302002110050069918305161790337172165
12005071507311999100418075722305342030331169162
12005071507312000102742070418005241760348172176
12005071507312002100485077419605781940384192192
12005071507312002103307068917405151710344174170
12005071507321998100080060514804571380319146173
12005071507322001106935069817905191750344166178
12005071507322002106834067317105021700332170162
12005071507322003101743000016900001480000183000
12005071507331999106842069617705191770342174168
12005071507332001105321064316604771540323153170
12005071507332002101490067014905211580363180183
12005071507332002101892073719505421820360182178
12005071507332002104443070019305071670340167173
12005071507342002100840068817805101770333174159
12005071507342002101898065018204681490319149170
12005071507342002102869072617905471770370185185
12005071507342002103242074519905461910355184171
12005071507342003102024075918705721850387193194
12005071507342003103034072217705451830362181181
12005071507342003107047067816605121560356165191
12005071507352002103601054314403991310268134134
12005071507352003107164069016405261730353184169
12005071507372002103361071717705401720368185183
12005071507372003101741071817805401720368184184
12005071507372003102640069415405401720368183185
12005071507372003103482070618205241700354172182
12005071507372003104320070918405251710354173181
12005071507382001103335072119505261770349173176
12005071507382002102505069817905191780341177164
12005071507421999102619066417704871670320162158
12005071507422002101906066218004821630319160159
12005071507422002102625075619605601870373188185
12005071507422003105077073417905551830372184188
12005071507422003106109073617905571850372184188
12005071507432000103616085523706182120406208198
12005071507432001100849090130605952000395201194
12005071507432002102879064818004681560312156156
12005071507432002103019078617506111850426206220
12005071507432003105975079320605872030384189195
12005071507442000105073075921105481900358179179
12005071507442002100668075720905481900358179179
12005071507442002105689068417805061690337173164
12005071507442003102053076420805561860370184186
12005071507442003102299073118505461790367184183
12005071507442003105304076520805571870370184186
12005071507442003105529081921906002040396198198
12005071507442003106872073318505481820366184182
12005071507452002103503073819005481860362181181
12005071507452003101197063315904741580316160156
12005071507452003102212063215804741570317161156
12005071507471999106842071217705351790356177179
12005071507472000105141069118705041720332168164
12005071507472001110042077520805671920375189186
12005071507472002100671072820905191790340176164
12005071507472002102869073819005481880360184176
12005071507472002105260072320905141780336172164
12005071507502001100958071318405291740355176179
12005071507502001103232067821204661750291148143
12005071507502002107342074219705451820363186177
12005071507502003101336068716605211630358173185
12005071507512001101279069317705161700346173173
12005071507512001104731068416605181710347175172
12005071507512003103147072720405231820341172169
12005071507512003103747072720505221810341173168
12005071507522002105228073018705431790364185179
12005071507522003101706070217205301750355175180
12005071507522003104204071117005411700371184187
12005071507531999106711067617105051710334171163
12005071507532001103396069300000000000324167157
12005071507532001107681066216704951630332165167
12005071507532002100503065516304921590333166167
12005071507532002102861088124606352370398209189
12005071507532002105180074519505501770373191182
12005071507532003105367077420505691930376194182
12005071507532003105752067417804961650331165166
12005071507542002101087068416905151700345177168
12005071507552002102291075120605451730372182190
12005071507552002103205066315505081580350171179
12005071507552002106408083122206092090400201199
12005071507552003101753063316604671490318155163
12005071507562001106161069016905211700351178173
12005071507562002100646065415504991570342170172
12005071507562002102120072118105401750365184181
12005071507562002103130080220805942000394200194
12005071507562003101096071918305361710365174191
12005071507562003102784076019405661850381190191
12005071507562003106142075919405651850380190190
12005071507562003109161071918205371710366174192
12005071507571999104643063616104751530322158164
12005071507572001100261063516004751530322158164
12005071507572001106448065517704781640314160154
12005071507572002100987070419105131710342176166
12005071507572002106338063715704801580322161161
12005071507572002109296068818005081680340175165
12005071507572003104342065916904901650325165160
12005071507572003106559066117004911650326164162
12005071507581999103092064917704721600312156156
12005071507582001103477062116204591520307155152
12005071507582002102593068016805121640348170178
12005071507592001102677083320506282140414214200
12005071508002002102175071920205171740343177166
12005071508012002100671083023905912060385198187
12005071508012002103102066617504911670324163161
12005071508021998102834066717204951640331165166
12005071508022002102271069618405121710341171170
12005071508022002103503068518305021650337165172
12005071508022003100586069718405131710342171171
12005071508052003105752065916904901650325160165
12005071508062001103454073719205451780367180187
12005071508071998107103079622305732020371190181
12005071508072001107681069718005171740343172171
12005071508072002100503071218705251710354171183
12005071508072002106408075200000000000363184179
12005071508072002106615073819205461810365185180
12005071508081999110009071118805231740349176173
12005071508082001103396071118905221650357181176
12005071508092000105531068219604861560330000000
12005071508112001106161071117805331720361176185
12005071508121999105955068617105151660349000000
12005071508122003101027080919506141970417209208
12005071508122003101835080919706121960416209207
12005071508132003100719069717405231640359178181
12005071508132003110059070217805241650359178181
12005071508142002103267071118405271790348178170
12005071508142003100386071018305271800347178169
12005071508152003100417070718705201700350173177
12005071508152003104283070918605231730350175175
12005071508242002107512077221105611950366186180
12005071508251998101404077221105611960365187178
12005071508251999101463068117205091590350168182
12005071508281997103423073618905471810366189177
12005071508282001103289068019404861640322164158
12005071508282002101648075419705571860371187184
12005071508282002106832073519205431740369185184
