12005072804582002106129053215103811270254123131
12005072804582002106877070117805231680355177178
12005072804582003105904055415603981420256129127
12005072804592000103686079820805902000390199191
12005072804592002100470056615204141420272137135
12005072804592002102174073718305541800374189185
12005072804592002102869073119105401790361180181
12005072804592002103025074119405471790368188180
12005072804592002110068070917805311750356176180
12005072804592002110086054816203861310255123132
12005072804592002110113055716903881330255123132
12005072804592002110254070519205131750338169169
12005072804592003101493069017105191740345171174
12005072804592003101541070219005121750337168169
12005072804592003102943056615204141420272137135
12005072805002000110121067616905071660341176165
12005072805002001105393076419305711890382192190
12005072805002001106642080921205972030394200194
12005072805002002101352074900000000000366186180
12005072805002002102676055015203981370261133128
12005072805002002103921060217104311500281143138
12005072805002003103793072018605341810353178175
12005072805002003105442072619105351780357180177
12005072805002003107003072519005351790356180176
12005072805002003107048072517105541830371186185
12005072805002003107389054915203971380259132127
12005072805012002100281086822606422160426214212
12005072805012002102827075518805671770390195195
12005072805012003100637078518605992040395201194
12005072805012003102020075319405591830376191185
12005072805012003105693070916805411730368181187
12005072805022001100778074920105481860362186176
12005072805022001105942058616404221470275141134
12005072805022001110076071019205181760342178164
12005072805022002102202059415804361470289138151
12005072805022002102223078619805881950393198195
12005072805022002102281077820205761940382192190
12005072805022002105947065417504791640315158157
12005072805022002107095075319105621820380190190
12005072805022002107238071019205181750343172171
12005072805022003109131058416404201480272140132
12005072805032000101479055216303891310258124134
12005072805032001103335057214904231420281140141
12005072805032001107392072118505361790357182175
12005072805032002100240062016504551470308155153
12005072805032002105689072619405321810351000000
12005072805032002110207071719705201780342168174
12005072805041997103423070918005291680361180181
12005072805042001100668077319805751790396196200
12005072805042001105832074619205541920362185177
12005072805042002107172069619505011750326165161
12005072805042003101751068618305031740329166163
12005072805042003101753068400000000000356173183
12005072805042003102982073218905431810362184178
12005072805052000110163086122806332090424212212
12005072805052001103812060717004370000000000137
12005072805052002101009073520005351780357174183
12005072805052002101736058416304211520269139130
12005072805052002102937070517305321720360178182
12005072805052002107124067318204911780313163150
12005072805052003104935076019105691880381193188
12005072805052003105961077419705771900387197190
12005072805062001101523092123106902260464245219
12005072805062001106298054014903911350256129127
12005072805062002103895068218404981680330163167
12005072805062003102720071519305221740348174174
12005072805071998101683082321906042120392204188
12005072805072001106211080120505961990397199198
12005072805072002100291077120905621920370188182
12005072805082001102858053414103930000000000132
12005072805082001103396076320505581950363182181
12005072805082001106657070918405251760349175174
12005072805082001107681053514203931330260128132
12005072805082002102606067117504961660330166164
12005072805082002103205069117505161680348176172
12005072805082002106550075318805651880377189188
12005072805082003103122068114705341640370186184
12005072805091996110148056116303981410257129128
12005072805091998102528061216504471510296148148
12005072805092000101614073217905531840369183186
12005072805092000106614052514403811300251126125
12005072805092001103725058615304331350298143155
12005072805092001107417053715403831330250123127
12005072805092002101892055415204021400262133129
12005072805092002102105074518605591850374186188
12005072805092002102445067816405141720342177165
12005072805092002104617072119305281740354182172
12005072805101999102020080020905911970394197197
12005072805102002101041056415804061450261135126
12005072805102002105276069618605101720338000000
12005072805102003102375071018305271710356177179
12005072805102003104330069617905171720345173172
12005072805112001101294078119505861880398200198
12005072805112001103189064417004741580316158158
12005072805112001110168083000000000000406205201
12005072805112002100566066117204891680321164157
12005072805112002100571065615505011610340170170
12005072805112002102574077720605711910380189191
12005072805112002102675067418804861540332169163
12005072805112002106343071018605241810343172171
12005072805112002106457063516804671480319153166
12005072805112002110227066016204981650333162171
12005072805112003101859075021805321820350178172
12005072805112003106497080521605891990390197193
12005072805122000101773051413003841200264128136
12005072805122000106471074819905491880361187174
12005072805122001100958075220005521860366187179
12005072805122001102128068918505041690335168167
12005072805122001104617069816905291770352180172
12005072805122001107542066117604851640321165156
12005072805122002103409071718105361820354182172
12005072805122003104023075019905511850366186180
12005072805132000106533055715404031420261135126
12005072805132000110259068217205101680342173169
12005072805132001107360056414804161410275138137
12005072805132002101905067217205001640336171165
12005072805132002102869058015704231460277142135
12005072805132002103242072019405261810345174171
12005072805132002107581067417305011650336165171
12005072805132003101156070218105211730348177171
12005072805132003103935070018305171770340172168
12005072805132003104832055914804111400271138133
12005072805132003106586071018505251630362181181
12005072805132003109318069718305141750339174165
12005072805141997105089074318605571740383194189
12005072805142001103334070118405171710346173173
12005072805142001105393065716504921610331166165
12005072805142001106642059215304391470292142150
12005072805142002100766068517405111680343169174
12005072805142002102207074521405311800351000000
12005072805142002107082079020205881930395194201
12005072805142002110071059916504341520282145137
12005072805142003106239067417205021620340168172
12005072805152000100285094926906802430437225212
12005072805152001102426077622605501860364188176
12005072805152002100281056314704161370279136143
12005072805152002102505073518705481770371184187
12005072805152002102811056116403971430254128126
12005072805152002103777055916103981430255127128
12005072805162000106787072119905220000000000178
12005072805162001100699072720005271710356178178
12005072805162002101863076820405641920372187185
12005072805162002102223074018105591850374187187
12005072805162002102272053414903851330252127125
12005072805162002102847069917105281690359173186
12005072805162002104212067317804951670328163165
12005072805162002106778068317905041650339174165
12005072805162003100255069217005221680354175179
12005072805162003103476069416905251640361177184
12005072805171998110088000000004151520263129134
12005072805172000110142074419305511920359191168
12005072805172001101563068919004991670332167165
12005072805172001107057072919405351770358186172
12005072805172001109258078322805551970358192166
12005072805172002102281061018204281410287142145
12005072805172002107095061018104291420287142145
12005072805172003101096068217805041750329174155
12005072805172003109161068317405091700339168171
12005072805182001101269065518104741570317158159
12005072805182001103843068317505081680340177163
12005072805182001107392068616805181710347172175
12005072805182002100605065318304701610309158151
12005072805182002102876063416904651540311157154
12005072805182002105689070718205250000000000000
12005072805182003106745058115504261530273137136
12005072805192001105103077820505731950378192186
12005072805192001107508080521405911960395199196
12005072805192002105565062817704511550296150146
12005072805192003100258080520506002050395197198
12005072805192003102024080520506002050395197198
12005072805202002104194054314004031280275132143
12005072805202003104601055314804051350270129141
12005072805202003104880054713904081280280132148
12005072805202003105647053113603951300265127138
12005072805211999104088072519105341730361181180
12005072805212000110263072218505371820355181174
12005072805212002102516074619005561760380191189
12005072805212003105031072419105331770356179177
12005072805222002104857074919205571860371189182
12005072805232002100955072219305291820347185162
12005072805232003102053059916304361500286144142
12005072805232003102375062717204551560299153146
12005072805232003105304060116504361490287146141
12005072805242002101174073419905351780357176181
12005072805242002103538072519705281770351176175
12005072805242003100586072520105241770347175172
12005072805242003101750072420105231780345174171
12005072805242003104320073218205501750375184191
12005072805251999100298058415204321430289144145
12005072805252002100778055913804211310290139151
12005072805252002102670055514004151340281137144
12005072805252002105155084423606082120396201195
12005072805252002105202083721106262060420210210
12005072805252003102093069115205391710368182186
12005072805252003102863055414004141340280137143
12005072805262000106471060600000000000290146144
12005072805262001100757055215403981390259128131
12005072805262002102207071420105131740339170169
12005072805262002104370066718104861660320161159
12005072805262003101958071918705321840348173175
12005072805262003102192055415503991390260129131
12005072805272001106448071317205411650376186190
12005072805272002105495085022106292110418210208
12005072805282002102292070718005271720355179176
12005072805282003101854072719305341780356179177
12005072805282003104084072719205351780357179178
12005072805302003102542072919405351810354176178
12005072805302003109311072719205351810354176178
12005072805311997103521066816705011630338171167
12005072805312001104306070118405171750342172170
12005072805312003104412066116105001620338170168
12005072805322002102946082122305982170381199182
12005072805322003102024075619305631870376187189
12005072805322003110009071717305441730371185186
12005072805342001102438076321105521910361187174
12005072805342002100501074818405641820382188194
12005072805342002101657069718505121680344169175
12005072805342002103638071818605321710361182179
12005072805342002104603070117305281740354177177
12005072805342003105692071819105271820345175170
12005072805352000107306067917605031660337171166
12005072805352001103847065615704991540345174171
12005072805352002102516058217304091410268137131
12005072805352002106059066820604621810281141140
12005072805372002103902073617505611870374185189
12005072805372002104857056015604041410263134129
12005072805372003105910070917305361690367176191
12005072805382002101174068817705111660345169176
12005072805392002103615063916004791570322157165
12005072805392003104970069617905171710346174172
12005072805392003105752066917004991670332168164
12005072805401998106924075518205731850388194194
12005072805402000102752056216603961330263128135
12005072805402002102879077620405721980374192182
12005072805402002106089056316903941340260126134
12005072805412001102080073318205511800371188183
12005072805412002102292069017505151690346170176
12005072805422001100412067816405141630351173178
12005072805422001107550066216504971640333168165
12005072805422002102935083221406182100408214194
12005072805431998104781070517405311740357177180
12005072805432003101184067917205071720335171164
12005072805432003102466077021705532130340175165
12005072805432003107068067817105071720335172163
12005072805442001106649069619305031660337168169
12005072805452002103102071218505271690358175183
12005072805452002103307065016104891550334165169
12005072805452002107522064816804801580322161161
12005072805452003101027081920406151950420207213
12005072805452003101835084622006262050421205216
12005072805461999106137079320805851950390195195
12005072805462002102813078021105691950374189185
12005072805462002103311064716404831560327164163
12005072805472001102389073419805361800356178178
12005072805472001103289095225606962370459233226
12005072805481999104111072318105421800362182180
12005072805482000101833074919905501830367182185
12005072805482002103130078919905901980392198194
12005072805482002105363064916804811610320164156
12005072805482002106620074119305481850363184179
12005072805482003105328073317905541870367186181
12005072805482003106257070318205211730348176172
12005072805492001101415070618905171730344172172
12005072805492002103123077819405841940390196194
12005072805492003102070066216205001570343171172
12005072805492003107294069417405201740346176170
12005072805502000103719074319505481870361186175
12005072805502002103503076019705631880375188187
12005072805502003100712080621705892040385189196
12005072805502003102135071618405321780354181173
12005072805502003104191076019905611940367184183
12005072805502003105558081020106092000409205204
12005072805502003105910072718105461800366187179
12005072805522001100731055716203951400255127128
12005072805522003100119068018404961610335168167
12005072805522003105084067417804961620334166168
12005072805532000106111069617405221690353175178
12005072805532001110042073018305471730374187187
12005072805532002105260074420805361830353180173
12005072805532003100559074220605361830353180173
12005072805542001103479073320105321780354174180
12005072805542001105301072717505521850367184183
12005072805542002103615067817405041680336171165
12005072805542003105205071017405361770359179180
12005072805542003105752067317604971650332166166
12005072805542003109440071017405361750361181180
12005072805551998106924057914704321410291143148
12005072805552002106408073400000000000354176178
12005072805562002103267070718705201720348174174
12005072805562003100386069918005191730346172174
12005072805562003100802069917905201730347173174
12005072805562003102740068317405091680341169172
12005072805572001106643054713904081330275135140
12005072805582002107643074320205411910350175175
12005072805592001107774066916905001550345165180
12005072805592002100093080121005912000391199192
12005072805592002103361053714403931270266129137
12005072805592002103399055714404131270286132154
12005072805592003100839073818505531780375186189
12005072806002002102813070819105171770340170170
12005072806002003101825066717304941630331165166
12005072806002003105529060715904481480300148152
12005072806031998107103082620906172090408211197
12005072806031999104536069618505111660345172173
12005072806032003100712075719805591830376184192
12005072806032003102135075520005551820373191182
12005072806212002102488059016804221450277147130
12005072806222002102252072418905351810354180174
12005072806232000101718069917605231750348175173
12005072806242001105995067717904981680330167163
12005072806252002102400064716604811570324161163
12005072806252003102276063016304671560311156155
12005072806282001105107070620205041700334172162
12005072806352000105804068817005181680350178172
12005072806352002101490000000005381710367185182
12005072806362001105995064800000000000314159155
12005072806382000110199075120305481850363185178
12005072806392001102102062217304491540295149146
12005072806392002102271057816504131470266134132
12005072806392002106886073318705461830363177186
12005072806432001105796082121706042030401202199
12005072806432003109047073118105501800370188182
12005072806451998101851056115104101380272133139
12005072806452003100218072716205651730392189203
12005072806482003100912076221205501890361185176
12005072806512002102825066417004941620332163169
12005072806532002104487077320105721940378192186
12005072806542002110200072118305381770361180181
12005072806562002102753086124506162280388204184
12005072806582002100948054214104011320269131138
12005072806582003102957073018605441790365189176
12005072806582003103628072918505441790365189176
12005072806582003106166065516904861640322161161
12005072807002001101746071018005301780352178174
12005072807002001106369071817605421770365183182
12005072807002003105195078118705941980396203193
12005072807002003105366072918805411860355182173
12005072807002003105368072918805411850356183173
12005072807012002100485081521206032090394200194
12005072807012002103878070118505161740342175167
12005072807012002104014083922106182040414209205
12005072807022001100109071818705311770354176178
12005072807022002103829072518605391840355176179
12005072807022003106601073419505391830356175181
12005072807032001102864082520206232070416208208
12005072807032001103609069317505181710347178169
12005072807032002103853070320404991740325166159
12005072807042000102044073319105421850357185172
12005072807052002103163061116304481490299146153
12005072807052003103760078421505691920377186191
12005072807052003103762078421505691920377186191
12005072807061998100689071300000000000360183177
12005072807072002106740065717804791590320158162
12005072807082001103739076420705571930364186178
12005072807082002102753052014303771240253124129
12005072807092000102923067517405011610340168172
12005072807102001110002066618004861670319164155
12005072807102002100722058814604421390303147156
12005072807102002104666083619806382040434217217
12005072807102003102398076319605671950372191181
12005072807111997110086068618904971710326172154
12005072807112002106416067217904931610332161171
12005072807121999107166000000005021610341167174
12005072807122002106784070317405291650364178186
12005072807122003101694060515104541480306153153
12005072807122003102910068817005181660352173179
12005072807152000107264066417504891640325166159
12005072807152001103780068416905151670348173175
12005072807152001105321068017205081570351174177
12005072807152003101046068517205131650348175173
12005072807162001106369070717405331720361178183
12005072807162003102684073019105391740365182183
12005072807162003104577077219505771860391196195
12005072807172001102864076618405821900392192200
12005072807192000102044071418905251790346178168
12005072807201997107091068317105121680344172172
12005072807202002107509078919905902000390203187
12005072807202003101038068817305151700345175170
12005072807202003105972070118605151700345176169
12005072807212002100474069718105161740342171171
12005072807221997103730052713403931280265130135
12005072807232000100165066917504941680326167159
12005072807242002106403088421906652230442226216
12005072807422001101279051913403851260259127132
12005072807422001102532072719305341810353180173
12005072807422002106140052213703851260259127132
12005072807431999109284066317204911570334165169
12005072807432002103347071518705281800348179169
12005072807432002104371065017104791580321162159
12005072807432002105069075521005451800365181184
12005072807432003101046065917204871600327164163
12005072807432003109129070418105231760347178169
12005072807432003109464070317705261780348180168
12005072807442000110081073519505401850355185170
12005072807442002100737087922906502240426218208
12005072807442002100871073121205191810338166172
12005072807442002102593070817505331720361178183
12005072807442003100261072218005421790363178185
12005072807442003102257074419305511810370189181
12005072807442003104602071918005391700369177192
12005072807442003109122074819005581820376190186
12005072807451999100643071218305291760353177176
12005072807452000104214064417004741530321158163
12005072807452000105565069718205151720343176167
12005072807452001106103075520705481900358184174
12005072807452001106425075700000000000373188185
12005072807452002100645068917405151680347174173
12005072807452002102291070418405201790341172169
12005072807452002109296068117705041660338171167
12005072807452003105122070818705211720349175174
12005072807452003105798070718605211720349175174
12005072807462001100347056016203981390259134125
12005072807462001103477061915404651480317157160
12005072807462002100471072618905371800357183174
12005072807462002107407053713704001310269131138
12005072807472000105073072118705341810353182171
12005072807472001103167063815404841580326167159
12005072807472001103456066617004961570339166173
12005072807472002101341059916504341600274140134
12005072807472003100093072118705341810353182171
12005072807472003103709070516805371730364183181
12005072807482001104608069518105141630351173178
12005072807482002103909000000005280000000000000
12005072807492001101623072918905401810359176183
12005072807492003102299075619805581830375180195
12005072807492003106872075619805581810377180197
12005072807502002102887064015504851530332164168
12005072807502003100412054314304001300270129141
12005072807502003107002054314204011300271129142
12005072807511999106703068718205051660339172167
12005072807512002101729066016005001640336162174
12005072807522001107678054315003931340259128131
12005072807532000110113075419405601880372188184
12005072807532002105381072418805361750361182179
12005072807542002106511067217005021620340167173
12005072807562000101545070117305281640364176188
12005072807562002102893056515504101460264134130
12005072807562003100261067616805081620346172174
12005072807572001100261064916504841630321158163
12005072807572002100575067117804931650328168160
12005072807572002100656052814103871300257127130
12005072807572002101429068017705031640339176163
12005072807572002103171053114203891290260127133
12005072807572002107153066117404871590328159169
12005072807572003104342055014804021290273132141
12005072807572003106559055114904021300272131141
12005072807582001101711066616405021570345174171
12005072807582001102677074620105451860359182177
12005072807582002100613053914403951350260129131
12005072807582003101466056614604201330287137150
12005072807582003102091056514704181330285135150
12005072807591999103092052414403801220258125133
12005072807592000101497065216404881620326164162
12005072807592002100737080320505982010397203194
12005072808001998102919068817205161670349175174
12005072808002001101878067416005141620352181171
12005072808002003100093069817305251780347177170
12005072808012001101623069318705061710335169166
12005072808012002103909000000000000000000185000
12005072808022003100583071316305501740376184192
12005072808022003103121071817205461750371185186
12005072808022003106603072617805481760372184188
12005072808032001103454079119805931910402202200
12005072808042002103784053013903911290262126136
12005072808052002102096055314004131360277134143
12005072808062001101745069919405051740331169162
12005072808062001105205072120005211830338171167
12005072808062002106077074721705301810349177172
12005072808062003105367072718405431780365186179
12005072808062003105533072918505441780366186180
12005072808082002109116083724405932100383195188
12005072808092001102677061217004421610281144137
12005072808121999101852057715504221400282138144
12005072808141998102919051213103811200261124137
12005072808142001101878051114103701210249122127
12005072808151998101514063116304681540314157157
12005072808272002100809057814104371450292149143
12005072808282001102398074000000000000374188186
12005072808282003106549072317005531840369185184
12005072808362001103040063118004511510300148152
