12009111403572006103691076719105761950381182199
12009111403582004103185065117604751640311157154
12009111403582005102426062415604680000000000161
12009111403582006103082063916404751560319157162
12009111403582006103675075721105461920354181173
12009111403582007100152072018705331800353176177
12009111403582007102702065817004881610327160167
12009111403582007102744064516904761600316154162
12009111403582007102923064717704701620308154154
12009111403592003100463063517804571570300150150
12009111403592004102759067718504921710321161160
12009111403592005102221067617505011640337166171
12009111403592005102430067018504851710314161153
12009111403592005104694072418005441790365182183
12009111403592006102067067117504961640332163169
12009111403592006103226066917604931660327163164
12009111403592006103616066217404881680320159161
12009111403592006106453068417805061620344169175
12009111403592006106794070117705241710353179174
12009111403592007101644069218305091650344167177
12009111403592007102999067718504921580334164170
12009111403592007103326067417804961640332166166
12009111403592007103388068118904921680324165159
12009111403592007104701066318504781640314159155
12009111403592007105516069017205181730345171174
12009111403592007109322071617905371760361181180
12009111403592007110052065617104851690316157159
12009111404002002100485077419405801970383196187
12009111404002005100459072719405331750358180178
12009111404002006104888000018100001690000000000
12009111404002007100396078219905831910392193199
12009111404002007100753073717805591700389188201
12009111404002007102819069817005281690359175184
12009111404002007103329078520005851920393192201
12009111404002007103444071818505331730360179181
12009111404002007103702070917905301730357178179
12009111404002007104745080921505942030391203188
12009111404002007105104072419205321730359179180
12009111404002007105646080320505981930405204201
12009111404002007105858067416205121640348172176
12009111404012004101880068317105121680344178166
12009111404012004104433082323205912010390192198
12009111404012004104556073919305461840362179183
12009111404012004110096074219505471850362185177
12009111404012005106459082522106041990405200205
12009111404012006103319065918204771640313163150
12009111404012006104792080120405971890408193215
12009111404012007100156100327807252550470242228
12009111404012007100157100828407242550469240229
12009111404012007102341069317305201670353170183
12009111404012007102380067117204991660333167166
12009111404012007103008072018105391840355176179
12009111404012007103392073319405391850354175179
12009111404012007104684069618905071670340167173
12009111404012007109163077120605651910374181193
12009111404022003101035069418805061580348165183
12009111404022005102655071020705031860317168149
12009111404022005103133071821205061860320170150
12009111404022005103381065517104841590325160165
12009111404022006103216072421205121850327171156
12009111404022006103277071320905041860318169149
12009111404022007100804074821105371860351180171
12009111404022007102167074519805471810366183183
12009111404022007102275074318405591850374186188
12009111404022007102658069317205211640357174183
12009111404022007103343071921105081910317168149
12009111404022007103572073517605591830376185191
12009111404022007104326074119505461810365183182
12009111404022007105161067816205161610355174181
12009111404022007106321083521206232040419211208
12009111404032007100301077318805851840401195206
12009111404032007101256077318905841840400193207
12009111404032007104775075318305701750395191204
12009111404052004101764074418905551840371182189
12009111404052004105025067018704831650318154164
12009111404052007100580073219605361820354177177
12009111404052007101428068215905231670356174182
12009111404062005102201065916704921510341160181
12009111404062005103497074518905561880368194174
12009111404062005105102073018605441740370184186
12009111404062005106346069618005161650351172179
12009111404062006104949067317205011620339167172
12009111404062007103518082421906051940411207204
12009111404062007104355075218105711750396191205
12009111404072004102857066316105021680334171163
12009111404072005104980072517805471720375187188
12009111404072005106458070117905221700352178174
12009111404072005106955071019005201730347173174
12009111404072006103258068018704931710322160162
12009111404072007101798067816805101650345171174
12009111404072007105955070919505141730341169172
12009111404082005105665070718005271770350177173
12009111404082006102717067717105061600346166180
12009111404082007102247065016604841520332157175
12009111404082007104852079121805731940379190189
12009111404082007104922068816105271580369180189
12009111404082007105550077421305611920369181188
12009111404082007105898077320005731820391193198
12009111404092005106488070118005211700351173178
12009111404092006100622073019205381800358176182
12009111404092006103675070420604981760322166156
12009111404092007101293066716705001680332165167
12009111404092007106363072318105421740368177191
12009111404102006103290072519405311770354182172
12009111404112006100106070118605151670348173175
12009111404112006102974076318705761840392202190
12009111404112007103259070919205171660351174177
12009111404112007105301070619005161650351173178
12009111404122001104608066918304861680318159159
12009111404122007102120070720005071740333166167
12009111404132007109163074219005521750377181196
12009111404142006104725066116904921430349165184
12009111404152005102432071419105231760347171176
12009111404162004104285065615804981630335000000
12009111404162005100963063216504671550312151161
12009111404162007101434076018905711890382190192
12009111404162007102167074219505471820365178187
12009111404162007104326074119505461820364178186
12009111404202002102876077720505721880384189195
12009111404202006102243073218705451860359179180
12009111404212005102837070717205351650370178192
12009111404212006105020076520005651890376189187
12009111404212007100267078519005951850410206204
12009111404212007101280073818205561800376182194
12009111404212007104835074521005351880347172175
12009111404212007105064081520806072010406204202
12009111404222003100179071117005411740367000000
12009111404232006102849068117605051570348168180
12009111404232007100125000000005391780361178183
12009111404242005103851069717805191750344169175
12009111404242006105747070319005131710342170172
12009111404242007101002075718105761780398194204
12009111404242007104346068616905171710346169177
12009111404242007104489069418305111650346168178
12009111404242007104689080722205851990386202184
12009111404252002105263071218505271730354170184
12009111404252004103187065116004911600331164167
12009111404252006106484069819005081750333166167
12009111404252007100847068819204961670329169160
12009111404252007101456071117805331670366179187
12009111404252007102873067716405131610352170182
12009111404252007102883069517205231640359176183
12009111404252007103060071818305351750360176184
12009111404262001104077072318005431760367180187
12009111404262003102640076921705521900362185177
12009111404262003102816070718505221750347173174
12009111404262004102297069517805171670350168182
12009111404262004109291074818705611840377185192
12009111404262005106506070516905361720364179185
12009111404262007102120070019805021690333165168
12009111404262007102920070418105231710352173179
12009111404262007103582075818705711860385195190
12009111404262007106129071417905351680367178189
12009111404272004100544077221005621880374193181
12009111404272004102986066618904771550322162160
12009111404272004103588075521205431840359176183
12009111404282005104137073518705481810367183184
12009111404292006101093072618105451840361181180
12009111404292007101416070917905301710359178181
12009111404302005102793070818205261730353176177
12009111404302006103470072700000000000000000186
12009111404312005100916066917204971620335165170
12009111404312007100848068216805141660348175173
12009111404312007102526068616505211680353176177
12009111404312007103019069918105181690349174175
12009111404312007103690073117905521740378184194
12009111404312007106443069918105181690349174175
12009111404322004100543071217305391740365177188
12009111404322005104155071017705331740359179180
12009111404322005105184068018404961640332163169
12009111404322007103071071317905341680366177189
12009111404332002104866073119605351730362174188
12009111404332004102714074119105501840366183183
12009111404332006104371070520105041740330165165
12009111404332007100862070018005201670353170183
12009111404332007105247073021005201860334171163
12009111404332007106554071518105341710363173190
12009111404332007110036074619305531840369186183
12009111404342007101663070218605161780338171167
12009111404342007104782071318605271780349175174
12009111404352006100471066717504921560336163173
12009111404352007103116072217505471800367181186
12009111404352007105728073719005471760371186185
12009111404352007106276073319405391780361182179
12009111404362007102665075520605491790370180190
12009111404372002107453068317205111680343170173
12009111404372006101392071918205371740363179184
12009111404382006103493069816905291700359175184
12009111404382007101160073119005411770364184180
12009111404382007101670070418605181680350171179
12009111404382007103888073018305471830364182182
12009111404382007106759071618905271790348172176
12009111404422005100882084322406192100409207202
12009111404422007101960075319805551800375186189
12009111404422007105604070617805281760352175177
12009111404422007105860083622406122090403203200
12009111404422007106132064716004871470340164176
12009111404432007105690080123605651770388184204
12009111404442004104254071818005381780360176184
12009111404442007105601073120105301820348173175
12009111404452004102001074818305651830382188194
12009111404462005105333071617205441700374192182
12009111404462006100376072119905221790343168175
12009111404462006104420071617905371680369177192
12009111404462007100983079221605761940382183199
12009111404462007103255069918805111730338172166
12009111404462007103596073819705411760365176189
12009111404472005100206064816104871460341164177
12009111404472007104783079521105841880396196200
12009111404472007105143067817105071600347166181
12009111404492006101207073819705411750366180186
12009111404492006101392065916804911630328164164
12009111404492006103963076020005601860374188186
12009111404492006106414076420505591850374186188
12009111404492006106743072319605271710356180176
12009111404492007103506067517305021550347159188
12009111404492007103640071718705301770353174179
12009111404492007109232071718705301760354175179
12009111404502006103602068517405111710340174166
12009111404502007103593066316704961640332166166
12009111404512005100565072318305401760364176188
12009111404512005105913077420405701860384187197
12009111404512007102669070517905261700356177179
12009111404512007102807070518805171700347168179
12009111404512007105557065818004781610317157160
12009111404522001103435073619605401820358183175
12009111404522004101704070317005331660367188179
12009111404522004102874073920405351800355177178
12009111404522005104548087522606492250424212212
12009111404522007102760073920105381700368173195
12009111404522007105773071917405451720373179194
12009111404532003101046069518805071910316172144
12009111404532003107285072618305431780365176189
12009111404532005105360068617805081730335171164
12009111404532007101506073618205541750379183196
12009111404532007102421078221505671980369186183
12009111404532007106323074618505611850376181195
12009111404542004101627095524507102470463237226
12009111404542004103879067817205061640342168174
12009111404542005106287071417705371770360179181
12009111404552005110225077019305771910386196190
12009111404552006100405070417205321650367177190
12009111404552006102985071318405291720357177180
12009111404552006104661074919205571890368186182
12009111404552007100978076018905711900381191190
12009111404552007101785076619605701890381190191
12009111404552007102123077418605881850403196207
12009111404552007109114082523605892050384193191
12009111404562000103344070618105251710354175179
12009111404562004110165079021805721900382188194
12009111404562005104762076020605541860368183185
12009111404562006104724078322705560000000000189
12009111404562007101052075221205401810359179180
12009111404562007101442074919605531890364181183
12009111404562007102008077120605651950370188182
12009111404562007102214078421505691900379188191
12009111404562007103438059317204211510270142128
12009111404562007104281071619405221760346174172
12009111404562007105836078421705671910376190186
12009111404562007110059077121305581900368186182
12009111404562007110064061018004301550275141134
12009111404572005101771077221505571880369185184
12009111404572006100710062815704711500321154167
12009111404572007102110073418905451750370178192
12009111404572007102503067817005081610347167180
12009111404582003100652079721705802060374191183
12009111404582003102667068517305121710341172169
12009111404582007102183077419505792040375193182
12009111404582007103863077319305802050375193182
12009111404592007105863062915704721540318154164
12009111404592007105866076721205551870368180188
12009111405022007101565068718305041570347163184
12009111405032007101286069217105211640357176181
12009111405032007102105068416205221670355176179
12009111405032007106704000000005781810397198199
12009111405032007109036075517705781800398199199
12009111405042007100692069717505221670355000000
12009111405042007101396070818405241670357173184
12009111405052006105649071618705291780351177174
12009111405062002102727074419705471810366178188
12009111405062004101627096925207172290488243245
12009111405062004106810088822506632260437224213
12009111405062006110105073719705401870353178175
12009111405062007102267071719105261750351176175
12009111405062007104164079120505861950391196195
12009111405062007105574075919905601900370188182
12009111405062007109095073719105461800366183183
12009111405072007102191073417905551790376185191
12009111405072007105942072517205531740379186193
12009111405112000104369070219605061670339166173
12009111405112003102905070715105560000000000000
12009111405112005106546072719205351780357180177
12009111405112007103101073717905581770381182199
12009111405112007106130075318005731810392191201
12009111405122003100996073218305491810368180188
12009111405122005106934074818905591800379188191
12009111405122006102237072817905491790370000000
12009111405142007104262067217604961630333166167
12009111405152006101450074319805451840361177184
12009111405152007104612077620305731990374197177
12009111405162001100686078819505931900403198205
12009111405162005104078076120705541910363180183
12009111405172006100820080922205872060381191190
12009111405182007102663090523606692170452216236
12009111405182007103091078421905651880377185192
12009111405192002102727068617605101730337166171
12009111405202004105708072818605421800362180182
12009111405202005105110067615805181540364000000
12009111405202005106468062316804551560299150149
12009111405212003104387076818305851800405195210
12009111405212004100926073318005531790374185189
12009111405212006101416076920905601870373187186
12009111405222005100508068118204991690330167163
12009111405232004104258069819005081700338168170
12009111405232005102453067718204951690326167159
12009111405242004101213079620105951940401196205
12009111405242007101314074018805521840368182186
12009111405242007106130071717905381720366179187
12009111405252007101071076418905751870388196192
12009111405252007101157073719005471770370179191
12009111405252007105584070719605111750336165171
12009111405262007104688066917604931630330163167
12009111405272006102309078221205701910379192187
12009111405272007100279070717305341670367180187
12009111405272007101654074417605681760392186206
12009111405272007101834075118105701760394191203
12009111405272007101888075018805621820380192188
12009111405272007103171070616505411710370000000
12009111405272007103404072118105401750365181184
12009111405282006102301068318005031640339169170
12009111405292005102197070917905301700360176184
12009111405292007106490070918005291770352176176
12009111405302005105554069317305201690351163188
12009111405302006102719078419505891970392199193
12009111405312003102542072318705361840352179173
12009111405312004110234073818305551890366192174
12009111405322003102176071618205341680366179187
12009111405332002102505068416505191600359177182
12009111405382005106181076018905711810390187203
12009111405392005103291072120505161740342171171
12009111405392007103519085624406122090403204199
12009111405402006100024073019805321720360173187
12009111405402007102671079521405811980383195188
12009111405412007104897075318105721910381190191
12009111405452006105485069316405291630366178188
12009111405452007103892072419705271730354180174
12009111405462005101194074519405511870364183181
12009111405492007101596087828205962230373198175
12009111405502005105379069519105041710333163170
12009111405502006110006074417905651810384190194
12009111405502007104753071716805491720377185192
12009111405512004104183074318805551850370189181
12009111405512006104744069817405241720352176176
12009111405512006105565066315905041590345168177
12009111405512007100825074918405651860379189190
12009111405512007105321068016705131630350172178
12009111405532006101225076722405431950348181167
12009111405532007100213076622305431960347179168
12009111405532007102712076722305441950349180169
12009111405552007101517076419505691830386192194
12009111405552007105855076619705691830386192194
12009111405562004102830073319605371790358176182
12009111405562005103698071118105301770353178175
12009111405562006109274071719105261790347168179
12009111405562007100813069817705211690352170182
12009111405562007103052069819505031710332165167
12009111405562007103852000000005031700333166167
12009111405562007106531079619905971970400201199
12009111405572005109004069918005191740345170175
12009111405592007101967070117805231720351170181
12009111405592007103892071417405401750365179186
12009111406002007110072072318005431750368177191
12009111406012006100781080121405871970390195195
12009111406012007102435072918205471800367182185
12009111406012007109201070717205351710364179185
12009111406032007101596081324205711910380182198
12009111406042005101648074000000000000000000000
12009111406052005106385066916805011580343164179
12009111406052005106572072418605381820356179177
12009111406052006105228070117705241720352174178
12009111406052007104516077220205701860384184200
12009111406062004105196071618405321780354176178
12009111406072007100420077419805761900386188198
12009111406072007101028074519505501840366183183
12009111406092007103932070716105461680378179199
12009111406112007101198080419406101940416202214
12009111406122007105215071019405161690347172175
12009111406132004102495070017005301690361175186
12009111406132007100358072715705701630407184223
12009111406132007102178080821105971920405197208
12009111406132007103860083421706171940423202221
12009111406142002107516077720005771840393193200
12009111406142003105304072719105361650371177194
12009111406142006102905072218705351780357179178
12009111406142007106697077720105761810395203192
12009111406152006102923069417705171690348174174
12009111406162005102570067916605131640349170179
12009111406172004102841074019105491850364185179
12009111406172006103754000000004990000000000000
12009111406182005102417069516005351700365177188
12009111406182007103839068115505261610365172193
12009111406182007103867058715904281460282138144
12009111406182007106499071217805341730361176185
12009111406192007105508078119605851940391193198
12009111406202003100496067017104991690330167163
12009111406202006103025075018905611780383184199
12009111406202007103182075018905611830378185193
12009111406202007103838074019705431880355179176
12009111406212006102006071719205251720353173180
12009111406232004103283064917804711550316155161
12009111406232005106172074620205441890355178177
12009111406232007100870074519705481840364179185
12009111406232007102315076319805651790386186200
12009111406232007104295071218005321720360178182
12009111406232007105330074219505471840363178185
12009111406242005106714067617105051660339166173
12009111406242006106412073518905461790367179188
12009111406242007100869074218805541840370184186
12009111406242007105602074218905531850368182186
12009111406252006103114068418704971710326161165
12009111406262004103003000000000000000316000000
12009111406262006103422070619205141730341168173
12009111406262007100395074419505491890360185175
12009111406262007103377000000005241670357173184
12009111406262007103380069518105141670347165182
12009111406262007103386069117105201630357166191
12009111406282007101795080820206061990407200207
12009111406282007101893080520106041980406200206
12009111406302001106201077520205731920381191190
12009111406322003104006074120105401850355178177
12009111406332005103327067619804781650313152161
12009111406332007102264069319205011720329164165
12009111406332007102955077520005751930382190192
12009111406332007105594072318805351830352181171
12009111406332007105859068918705021730329165164
12009111406332007105868067216205101690341171170
12009111406532005101597068418405001680332167165
12009111406532006102913064817604721660306155151
12009111406532007102033064316904741550319155164
12009111406532007103123068718405031730330165165
12009111406532007103381065618004761650311158153
12009111406532007104802066017504851630322156166
12009111406532007105437072919105381840354179175
12009111406532007105560058616104250000000000139
12009111406532007106265058915904301450285139146
12009111406542002101711073720805291840345175170
12009111406542002103453067818204961670329165164
12009111406542004100933073517905561840372184188
12009111406542004104975079522505701920378189189
12009111406542005106184076318805751800395184211
12009111406542006106459068717605111690342171171
12009111406542007100030069318205111770334170164
12009111406542007100298071819305251770348176172
12009111406542007100575071318205311720359173186
12009111406542007100822070918905201760344172172
12009111406542007101213071718305341810353173180
12009111406542007101370070618405221720350176174
12009111406542007102443072218905331770356177179
12009111406542007104099073320105321770355180175
12009111406542007105729071018605241750349171178
12009111406542007105788073019405361790357175182
12009111406542007106211068518005051700335169166
12009111406542007109144072819905291820347179168
12009111406552004101338075119905521860366184182
12009111406552004102607069117905121700342166176
12009111406552004102748059217304191490270135135
12009111406552004105766072117505461820364181183
12009111406552004200009062800000000000313149164
12009111406552005102879000017800001570000161000
12009111406552005106722074418405601810379186193
12009111406552006103324068018604941680326164162
12009111406552006104518072718505421740368180188
12009111406552006106016068517405111670344169175
12009111406552007100328068117905021660336153183
12009111406552007101373065017604741670307156151
12009111406552007102949068200000000000000000165
12009111406552007103368073017905511810370187183
12009111406552007104300075520205531880365186179
12009111406552007104841067218204901680322159163
12009111406552007106169063016004701500320155165
12009111406552007110023067318204911680323159164
12009111406562004101775070917905301680362176186
12009111406562004103616072218705351820353170183
12009111406562004107139066317504881700318161157
12009111406562005106365070016605341580376000000
12009111406562006109260077319305801890391195196
12009111406562007101987072118605351770358182176
12009111406562007102399075018805621820380186194
12009111406562007103556071218605261730353176177
12009111406562007103600069316405291700359175184
12009111406562007104197065116404871540333164169
12009111406562007105537072318505381870351172179
12009111406562007106435083620606301960434209225
12009111406562007106604075720205551850370184186
12009111406572005101222069318105121790333161172
12009111406572005102252072719705301810349176173
12009111406572005106215068418305011630338168170
12009111406572006110132073220605261870339172167
12009111406572007100122074018205581790379184195
12009111406572007100206065516404911650326167159
12009111406572007100469069717905181780340173167
12009111406572007101744068819104971680329159170
12009111406572007101807073319405391860353173180
12009111406572007103337071217105411730368180188
12009111406572007104426071419005241780346173173
12009111406572007104746073719405431750368183185
12009111406572007106006073919705421750367179188
12009111406572007106391074320405391840355177178
12009111406582002105559065816304951550340162178
12009111406582004103249064418504591530306152154
12009111406582007101232069717005271790348178170
12009111406582007103629067316405091650344174170
12009111406592003104103071120505061760330168162
12009111406592006103160064417304711560315158157
12009111406592006103208064815804901580332168164
12009111406592006104713000018200001730000171000
12009111406592007100971070316805351730362177185
12009111406592007101730070117505261760350175175
12009111406592007102985069817505231740349173176
12009111406592007103124069119604951640331164167
12009111406592007103246065916404951620333164169
12009111407002004103466064400000000000324160164
12009111407002004104973069917005291720357172185
12009111407002005103453063015204781520326167159
12009111407002006103116071019005201690351167184
12009111407002006104292067715305241680356171185
12009111407002007103264066116204991620337167170
12009111407002007105548076719905680000000000200
12009111407012003110106064616704791570322158164
12009111407012007100566069917405251680357181176
12009111407012007102524070519005151690346175171
12009111407012007102983069517305221690353172181
12009111407012007103835071419205221740348173175
12009111407012007103843069718905081720336173163
12009111407012007105099068816305251640361173188
12009111407012007106760066615505111600351173178
12009111407022002102706071119705141780336167169
12009111407022002110227065016504851620323165158
12009111407022004102912056914104281330295143152
12009111407022004110019067817705011630338164174
12009111407022006100017066417804861580328163165
12009111407022006101534000000004871640323164159
12009111407022006103077071017505351740361180181
12009111407022007102861066117104901610329164165
12009111407022007105910078018905911860405195210
12009111407032005103576070517805271710356172184
12009111407032006104819068817405141690345168177
12009111407032007102134068316705161590357173184
12009111407032007103676073618005561810375189186
12009111407032007105730070117605251680357179178
12009111407032007106222074518905561860370178192
12009111407032007110030080120905922030389196193
12009111407042004105217078120205791890390193197
12009111407042004106985068116905121660346167179
12009111407042007101342069317505181660352169183
12009111407042007101833070817405341700364174190
12009111407042007104509074620805381760362178184
12009111407052001103452064517204731550318154164
12009111407052006103192068018404961700326165161
12009111407052006105502061916204571540303000000
12009111407052007100554069519105041700334167167
12009111407052007102721064216604761620314156158
12009111407052007103345069619305031670336170166
12009111407052007105504067017704931640329164165
12009111407052007110024069917405251740351176175
12009111407062005105600064217104711600311000000
12009111407062005110024068318604971640333164169
12009111407062005110107075821605421940348178170
12009111407062006103743065917804811610320161159
12009111407062007100791067116005111630348176172
12009111407062007102940067516705081690339168171
12009111407062007103125066917804911690322164158
12009111407072005101630077019405761890387190197
12009111407072006101993072019005301760354176178
12009111407072007102949056715604111430268136132
12009111407082006100530070918705221860336170166
12009111407092005102588066017104890000000000165
12009111407092006102270082521606091960413204209
12009111407092007101054081021205981950403199204
12009111407092007102152076618905771860391191200
12009111407092007102154082221506071960411198213
12009111407092007105069066116105001580342167175
12009111407092007105275078018905911980393194199
12009111407092007105820073417905551780377184193
12009111407102004110047071920505141810333171162
12009111407102005105426071018905211740347173174
12009111407112005100233070519005151820333170163
12009111407112005102095073319105421830359186173
12009111407112006104311069816805301670363171192
12009111407112007103022072120005211840337173164
12009111407112007106571072919105381730365173192
12009111407122004100671073519205431860357181176
12009111407122005106384068217705051710334166168
12009111407122006101544074119705441860358176182
12009111407122007101554070817805301750355175180
12009111407122007105004069617705191740345174171
12009111407142005100700076918905801870393191202
12009111407142007109071070319005131790334168166
12009111407152003100663072318805351820353180173
12009111407152003104590065816804901620328162166
12009111407152005102199072319105321740358171187
12009111407152006104463062216904530000000000000
12009111407152007104248078820605821870395198197
12009111407162005104534068516105241680356178178
12009111407162007100476071418905251720353175178
12009111407162007101380071418905251720353175178
12009111407162007101884071417705371720365176189
12009111407162007104768072519005351770358177181
12009111407162007105116070216505371780359179180
12009111407162007105910075518405711800391187204
12009111407162007106147068316905141720342164178
12009111407172006110134069518605091730336165171
12009111407172007100155071818405341720362178184
12009111407172007104289073119705341760358177181
12009111407172007104826070718805191790340175165
12009111407182002109410000000005081620346173173
12009111407182005105894065618504711600311156155
12009111407182005106599072118805331760357177180
12009111407182006106892067518504901700320162158
12009111407182007104219072318705361810355179176
12009111407192005101102071118705241740350175175
12009111407192006102843067218104911610330162168
12009111407202005106608070917005391710368176192
12009111407202006103018068718005071690338165173
12009111407202006105892067317404991620337159178
12009111407202007102934069917805211730348171177
12009111407202007103000072118505361800356182174
12009111407202007106389069118405071670340173167
12009111407212002100877062615904671570310154156
12009111407212003102680064617404721580314155159
12009111407222000103352072719805291780351175176
12009111407242002100518073619305431750368180188
12009111407242005105769072417905451790366180186
12009111407242007104458071818305351730362176186
12009111407242007104764074618405621820380181199
12009111407242007105166073319205411720369187182
12009111407242007106501074718705601790381190191
12009111407262004102929070200000000000345175170
12009111407262006101667071417005441820362175187
12009111407262006104339071618405321730359176183
12009111407262007100015067818304951650330164166
12009111407262007100022063117004611570304155149
12009111407262007109100072719005371730364176188
12009111407272006104867068317905041800324166158
12009111407272007101578070717105361690367176191
12009111407272007103610072719805291910338177161
12009111407282006101586056715504121380274133141
12009111407282006101907062716204651530312152160
12009111407282007101554073517805571780379183196
12009111407292003101066071918205371820355182173
12009111407292004102909070219505071720335171164
12009111407302005100472072819005381820356181175
12009111407302007104889072919005391790360175185
12009111407302007105909071118305281780350174176
12009111407302007106230073120105301780352173179
12009111407312004106590067117904921640328168160
12009111407312005102278067700000000000000000156
12009111407312006102924065716904881550333160173
12009111407312006103280066700000000000000000170
12009111407312007105616071617105451810364000000
12009111407312007106387072217605461820364181183
12009111407322005107068069717005271590368177191
12009111407322007104373066416005041570347167180
12009111407332006104348074421605281820346173173
12009111407332007105058077620305731870386188198
12009111407342006103310071717805391800359180179
12009111407352005104928073920705321760356175181
12009111407372003110087068516905161650351172179
12009111407372005100165068717405131700343174169
12009111407392005102350066517904861630323161162
12009111407412006103498080619506111910420198222
12009111407422006103897070917305360000000000198
12009111407452007105570071018505251700355178177
12009111407492005101457072517805470000000000176
12009111407492005106940067917105081610347164183
12009111407492006104312066816705011540347168179
12009111407492007101537069218205101680342165177
12009111407492007104367069218205101680342165177
12009111407492007104434073219905331670366175191
12009111407502004103204071217805341790355175180
12009111407502006102879070617605301740356179177
12009111407502007102697076619905671840383186197
12009111407512007100774073419105431790364182182
12009111407512007101645070017405261720354174180
12009111407512007102347072018405361740362182180
12009111407522007105741066316504981680330173157
12009111407542004102253073417705571760381185196
12009111407572002103460068219104911740317158159
12009111407572005100726067016705031660337168169
12009111408022004103991075418705671760391185206
12009111408022006103057067916705121620350168182
12009111408022006106430000000005510000000000000
12009111408032002102252067917105081660342168174
12009111408032004102943072820805201760344167177
12009111408032006100013066716705001640336165171
12009111408032007103402066916305061580348172176
12009111408032007105904067917105081690339169170
12009111408052007110101068318404991670332164168
12009111408062003104168069317505181680350174176
12009111408082004101356068418105031660337166171
12009111408122007105847073319805351780357174183
12009111408132004103991076219405681780390189201
12009111408182007102050073219905331780355174181
12009111408252005105455068818105071640343164179
12009111408252005106598075719505621810381182199
12009111408252007101450069816505331650368184184
12009111408252007102982070818205261680358173185
12009111408252007103338068416605181590359169190
12009111408272005102911087122806432120431211220
12009111408272007106477069518105141640350167183
12009111408302007100932074319105521760376181195
12009111408312007101540067717605011670334163171
12009111408312007103300068716905181670351175176
12009111408322004103218074018405561810375185190
12009111408322007105744077021505551840371183188
12009111408352007101413070818605221820340169171
12009111408362002100705064600000000000000000000
12009111408362006102738071217105411680373182191
12009111408432006102311072119405271810346176170
12009111408432007104879067117304981630335166169
12009111408452007105744073720605311810350180170
12009111408462006101556071218805241760348172176
12009111408502003102784066816705011680333169164
12009111408502007100553072018705331780355176179
12009111408502007101648072018805321770355177178
12009111408502007106795071618505311750356175181
12009111408512005110211071720705101720338163175
12009111408552004105865071018505251760349168181
12009111409032004110164070017405261680358176182
12009111409042003100590067717705001690331165166
12009111409042003102836071318905240000000000000
12009111409042004104994066815605121550357169188
12009111409042007100390000000000000000000173000
12009111409042007103188000000000000000000000000
12009111409052004100592061115404570000000000157
12009111409052007102752065514905061550351000000
12009111409052007104401070417605281680360171189
12009111409062003103860066817204961640332166166
12009111409062003105386066017104891600329162167
12009111409062005100413063417804561540302152150
12009111409062005106372065516204931690324166158
12009111409062006110130065817204860000000000161
12009111409062007102125062016204581470311154157
12009111409072002100471060415304511450306149157
12009111409072003106685073419705371770360180180
12009111409102007102794066016005001630337166171
12009111409102007105903067516505101610349169180
12009111409112003100386070418605181700348175173
12009111409152004110220070116605351670368179189
12009111409172005106690070919205171770340000000
12009111409222007102058066915605131620351165186
12009111409232007100158067617804981650333165168
12009111409232007101557076417305911850406198208
12009111409232007101574065317004831550328156172
12009111409232007103937067317005031690334170164
12009111409232007105273071518105341770357175182
12009111409232007105696071518205331770356175181
12009111409232007106288069116405271710356172184
12009111409262002100659070019905011680333164169
12009111409312006106413074618905571800377181196
12009111409402006105732081320306101990411199212
12009111409402007103247066716605011620339165174
12009111409402007103286076419205721860386184202
12009111409402007105156078720005871930394201193
12009111409402007105681078319705861940392200192
12009111409412005103296062415604681560312152160
12009111409412006104476079723005671980369183186
12009111409412007103151076720605611940367180187
12009111409412007103679065816404941660328163165
12009111409442006102951059414704471440303151152
12009111409452007105913066617804881620326161165
12009111409452007106527065416804861610325161164
12009111409452007110079070318705161700346171175
12009111409472006102920063416604681530315155160
12009111409482004101365067917205071680339165174
12009111409482005101281067517604991690330165165
12009111409482006100292072018905311840347168179
12009111409482007104508069618205141740340166174
12009111409482007105117069417105231780345173172
12009111409492007103018066816904991640335167168
12009111409502007103298065516804871560331160171
12009111409502007106606062300000000000000000155
12009111409512003102936070718105261770349175174
12009111409542004105817075420305511880363185178
12009111409562006103740070218605161760340176164
12009111409572004103413069717705201660354000000
12009111409582002104666061317204411600281141140
12009111409582006102487071418805261730353176177
12009111410032003103513060916404451500295147148
12009111410032004103163060615804481560292149143
12009111410042004103232072818905391820357175182
12009111410042006110045074518205631880375188187
12009111410062007100440072719205351790356180176
12009111410062007100446073619805381710367178189
12009111410062007106046072519105341780356180176
12009111410072005104040063217204601540306155151
12009111410072005105482068117905021680334164170
12009111410072006103391062116904521510301151150
12009111410072007106388068217705051690336169167
12009111410082007102009063115504761460330160170
12009111410082007102758060515504501460304150154
12009111410082007103094066417004941640330165165
12009111410082007103215062916104681550313156157
12009111410112006101034073300000000000386186200
12009111410112006101148076918705821860396190206
12009111410112007106724077219505771830394192202
12009111410152003106311068017205081590349165184
12009111410232006100157075820005581860372184188
