12017033006562012100568058216804141480266137129
12017033006572012100245052614703791300249123126
12017033006572012105612053914203971390258131127
12017033006572013102399054915903901370253129124
12017033006572013102606059316604271550272138134
12017033006572013102691054515003951420253131122
12017033006572013103671051513703781300248124124
12017033006572013105214053115403771310246122124
12017033006572013105554052915303761310245123122
12017033006572013105721058715904281490279147132
12017033006572013110127056315504081420266140126
12017033006572014101099058115904221470275141134
12017033006572014101390058615904271470280142138
12017033006572014103298054915203971420255132123
12017033006572014104272052213903831310252126126
12017033006572014110060063816304751540321158163
12017033006582010102884051714403731280245120125
12017033006582011104326056015504051440261134127
12017033006582012101006053615103851340251126125
12017033006582012104061053414803861340252131121
12017033006582012104706056115604051440261134127
12017033006582013104369055015004001410259135124
12017033006582013104699057215804141480266127139
12017033006582014101109052414403801300250122128
12017033006582014101229052414503791300249122127
12017033006582014101649054515203931420251127124
12017033006582014102472053714603911390252130122
12017033006582014102978053714803891350254128126
12017033006582014103457062716304641560308154154
12017033006582014104788054514104041420262133129
12017033006582014105360053914703921370255132123
12017033006582014105479056015404061370269139130
12017033006582014106158054615303931420251127124
12017033006582014110105057115804131470266128138
12017033006592011104195058715304341490285146139
12017033006592012102747074019405461850361182179
12017033006592013103582070019905011740327165162
12017033006592013105318054315503881360252128124
12017033006592013105948055215303991420257132125
12017033006592014100805067417504991680331168163
12017033006592014101089063116304681580310154156
12017033006592014102973057816004181450273140133
12017033006592014106052067417504991660333169164
12017033006592014106366066917104981690329168161
12017033007002011104306065818004781660312155157
12017033007002012110042054014903911360255126129
12017033007002013100379058715004371500287146141
12017033007002014100892054714803991400259132127
12017033007002014102137064716804791660313160153
12017033007002014102676066516205031620341164177
12017033007002014105739055815104071440263132131
12017033007002014105821064717004771700307154153
12017033007002014110052068416805161720344174170
12017033007012010101161054914704021390263130133
12017033007012010102603073221105211890332176156
12017033007012011103554066017204881630325161164
12017033007012011104366064717504721610311155156
12017033007012011106002072520905161870329176153
12017033007012012102955064116604751580317158159
12017033007012012102958058615004361480288143145
12017033007012012103191065917004891640325164161
12017033007012013101023053314603871320255124131
12017033007012013101765072220705151820333180153
12017033007012014100963072721105161880328178150
12017033007012014101135056215704051450260134126
12017033007012014102143054214703951340261132129
12017033007012014102393065717204851550330160170
12017033007012014106094062417404501570293147146
12017033007022011103072056316104021460256136120
12017033007022011103111056116203991480251130121
12017033007022011104991053114703841340250126124
12017033007022012104858068216005221780344177167
12017033007022013105629058615704291460283140143
12017033007022013106088066317404891690320158162
12017033007022014100514066317804851650320161159
12017033007022014100515060416004441550289150139
12017033007022014103519052914503841350249124125
12017033007022014104522068917405151750340177163
12017033007022014105399069219105011800321164157
12017033007022014105595052414303811320249123126
12017033007022014106035073620405321890343177166
12017033007032012100511067717705001650335168167
12017033007032012106436064717404731570316166150
12017033007032014100556064217104711600311156155
12017033007032014100661053714603911380253127126
12017033007032014102231069519505001690331169162
12017033007032014103462064617004761620314159155
12017033007032014105265070219205101730337172165
12017033007032014105349063617504611540307151156
12017033007042012101205074319405491920357183174
12017033007042012105360057115004211510270138132
12017033007042013100724069319804951810314162152
12017033007042013103613072219405281740354177177
12017033007042013106321059517304221570265135130
12017033007042013106472076019905611920369186183
12017033007042014102015072118005411830358179179
12017033007042014104208071819105271770350181169
12017033007042014105660069217605161710345169176
12017033007042014106005073121405171920325172153
12017033007042014106501071319305201700350174176
12017033007052011100856056415004141450269141128
12017033007052013106011063816504731630310156154
12017033007052013106188065217904731590314155159
12017033007052014100535070319805051750330167163
12017033007052014102149055814904091430266135131
12017033007052014102868053114503861300256124132
12017033007052014103646052614003861370249132117
12017033007052014103798055316203911330258129129
12017033007052014105584064517104741540320156164
12017033007052014106529065717704801530327155172
12017033007062010102709074021105291830346174172
12017033007062010104888057812604521360316157159
12017033007062011103307065916204971660331169162
12017033007062012101586064517104741640310157153
12017033007062012101797067718304941690325165160
12017033007062012104778053615103851380247125122
12017033007062013100991073018505451850360182178
12017033007062014101616066818004881590329159170
12017033007062014103941070417705271750352178174
12017033007062014104075054715403931400253128125
12017033007062014105619064716104861560330161169
12017033007062014106049067219004821690313160153
12017033007062014110034063315504781560322158164
12017033007062014110041054215303891370252129123
12017033007072013102193073019305371800357180177
12017033007072013106473067517904961670329164165
12017033007072014100905065217904731590314156158
12017033007072014102211063616104751570318158160
12017033007072014103524069217405181700348172176
12017033007072014103566064917904701630307154153
12017033007072014103872063116504661620304153151
12017033007072014105361067317504981700328164164
12017033007082008103265071019105191840335169166
12017033007082010110127065918104781650313160153
12017033007082011104627072419605281760352171181
12017033007082012101055069618805081800328167161
12017033007082012104125065017204781620316158158
12017033007082013102912065017304771630314160154
12017033007082013103590074920305461830363183180
12017033007082013105521067517405011630338167171
12017033007082014100695070819805101730337171166
12017033007082014101804055615104051400265138127
12017033007082014103170074419605481800368184184
12017033007092013101145072619705291850344174170
12017033007092013103217073820605321780354183171
12017033007092014101357070418005241780346175171
12017033007092014104745070020104991730326166160
12017033007092014109052066217304891590330161169
12017033007102013105538065517304821590323157166
12017033007102014105002053514703881320256127129
12017033007112010102597057215504171450272139133
12017033007112012103426066518104841680316160156
12017033007112014102024066817704911680323165158
12017033007112014103577068218904931760317161156
12017033007122013104663072219505271810346177169
12017033007122014101759054914704021340268136132
12017033007122014105965055214604061350271137134
12017033007132013101042066318004831620321165156
12017033007132013101765055515504001490251129122
12017033007132014101528060815004581460312149163
12017033007132014101919065516804871640323162161
12017033007132014102728065916604931660327165162
12017033007132014105323062916404651530312155157
12017033007132014109047066217004921690323161162
12017033007142010101475054914904001370263132131
12017033007142012102463063116204691580311154157
12017033007142013103391056715804091510258130128
12017033007142014102718069719904981700328165163
12017033007142014102974068017605041760328168160
12017033007142014105809055715504021410261135126
12017033007152011104076067418204921690323162161
12017033007152011105525054716303841340250126124
12017033007152013106021064417704671630304155149
12017033007152013106101072319105321830349177172
12017033007152014104521066818504831560327161166
12017033007162012106376055615703991410258131127
12017033007162014104456066017404861640322162160
12017033007162014105057067717105061740332169163
12017033007172013101803068320204811730308160148
12017033007172013105158066417104931640329161168
12017033007172014101586066817204961700326163163
12017033007172014102116072119405271760351171180
12017033007172014103915065617004861670319161158
12017033007172014105777065417604781630315157158
12017033007172014105834065518204731680305155150
12017033007172014106037053613803981330265133132
12017033007182011105442072819205361790357180177
12017033007182012100528067818504931700323165158
12017033007182012104210064217204701590311157154
12017033007182012104787067117604951680327164163
12017033007182013103390055215703951460249128121
12017033007182013105662070518905161890327173154
12017033007182014102199062917104581540304150154
12017033007182014102223067118104901690321161160
12017033007182014102413069316905241760348178170
12017033007182014104411068117205091660343171172
12017033007182014106261065718704701650305155150
12017033007192009103514069520504901710319160159
12017033007192010102709069918805111710340172168
12017033007192012103425070419205121760336169167
12017033007192013100354073619205441860358182176
12017033007192013101822074319705461860360180180
12017033007192013102307072420605181810337172165
12017033007192013105865076420805561920364189175
12017033007192014103212075720405531920361186175
12017033007192014103299072219705251850340174166
12017033007192014105342073719605411840357178179
12017033007202012100657066017604841650319161158
12017033007202012104484074219705451870358183175
12017033007202012105765054714704001450255133122
12017033007202014101166071419505191760343173170
12017033007202014102198059414904451510294147147
12017033007202014103601071118905221760346172174
12017033007212013100641071518105341770357183174
12017033007212013100731078019405862000386196190
12017033007212014100596063617804581540304150154
12017033007212014101011072518405411770364186178
12017033007212014103363073218605461810365186179
12017033007212014104702076019205681930375191184
12017033007222013102631065718804691630306155151
12017033007222013103234068014705331710362185177
12017033007222014100253069418505091760333168165
12017033007222014104324065518004751660309157152
12017033007222014106144067219004821680314159155
12017033007232014105034068517305121710341169172
12017033007242009106464066617604901740316163153
12017033007242014103571054215203901400250127123
12017033007252013102010063516504701530317157160
12017033007252014101485063716704701540316156160
12017033007252014103399053914703921410251129122
12017033007252014104458069018705031740329163166
12017033007262012104087063115904721570315166149
12017033007272012101422066416804961590337163174
12017033007282010104297071918605331750358176182
12017033007282011103788054114903921330259128131
12017033007292013106184055314504081370271137134
12017033007292014102694063717104661590307152155
12017033007302010101326069919305061750331166165
12017033007302011104950053914903901350255126129
12017033007302014103642066617204941650329162167
12017033007312009103431065816604921670325162163
12017033007322014100169054514603991450254127127
12017033007322014102204065916804911740317161156
12017033007322014103981052114303781260252125127
12017033007322014105861052514203831300253126127
12017033007332013100194055116903821380244122122
12017033007332014102873069018405061680338168170
12017033007332014103596066918704821630319156163
12017033007332014103752066017604841660318162156
12017033007342014103414054014703931350258130128
12017033007352010102915071819505231870336174162
12017033007372010104113055115803931390254128126
12017033007372012101462068317505081750333166167
12017033007372013104575063817004681560312155157
12017033007372014105389066917804911650326163163
12017033007382013103903071119905121730339168171
12017033007402010104256070019305071650342170172
12017033007402011105442068717905081740334167167
12017033007402014102025070219005121770335167168
12017033007402014104161058316504181450273141132
12017033007402014104958068017205081700338170168
12017033007412012105419070719005171770340172168
12017033007412012105425065917904801560324157167
12017033007412013105015070219305091740335167168
12017033007422011105078060715704501520298148150
12017033007422012104768053915403851360249123126
12017033007432012106358054314703961430253132121
12017033007432014104449055316103921430249125124
12017033007432014110108053815703811350246121125
12017033007452012101393066417204921580334166168
12017033007452012105607070918305261740352177175
12017033007452014101398066816705011660335166169
12017033007462014103977076523705281890339173166
12017033007472012103207064116804731640309158151
12017033007472013100685063516504701570313160153
12017033007472014104024062815404741550319159160
12017033007482011104371067117904921680324164160
12017033007482011104725067717405031640339172167
12017033007482012100231062816704611570304153151
12017033007482014105512067917705021680334166168
12017033007492014104937067317205011690332168164
12017033007502014109138068516705181680350176174
12017033007512011103959052614103851270258125133
12017033007522013105015056915104181440274141133
12017033007522014101915071819005281780350176174
12017033007542013100900070318905141740340173167
12017033007542013102680069419704971750322162160
12017033007562013103568071319005231670356177179
12017033007562014103353074919405551860369190179
12017033007562014104595074619905471850362186176
12017033007572014102706068319404891780311157154
12017033007582009101598072618705391780361179182
12017033007592011102236078221905631920371187184
12017033007592013104320071620505111670344168176
12017033008022012106232071420405101780332167165
12017033008022013103497069717705201710349171178
12017033008022014104926066017204881560332158174
12017033008242011106067052014303771330244123121
12017033008242012101528054114203991370262134128
12017033008242013103050054614504011440257136121
12017033008242013105526060016504351540281145136
12017033008242013106191054115203891370252127125
12017033008252009101598051813803801260254123131
12017033008252012103981052313903841300254127127
12017033008252013104602057615004261440282139143
12017033008252013104781063416504691620307156151
12017033008252013105969052814703811390242125117
12017033008252013106025054716103861310255122133
12017033008252014100549074220505371860351176175
12017033008252014101505053915103881430245125120
12017033008262013101678069818605121720340171169
12017033008262013103232066616205041650339170169
12017033008262014104081067618104951650330165165
12017033008262014104273069919805011750326165161
12017033008272011105911065717204851620323163160
12017033008272013105648062816104671570310153157
12017033008272014102659055215204001460254131123
12017033008272014103270062516104641520312154158
12017033008272014103543055515304021470255132123
12017033008272014104519069417105231800343173170
12017033008272014105524065217704751630312156156
12017033008282011103929048712703601180242116126
12017033008282012104438049712803691190250119131
12017033008282012110058062515804671480319158161
12017033008282014100838054815303951390256133123
12017033008282014102019059615804381420296148148
12017033008282014105788052914703821290253126127
12017033008282014106117051814403741290245122123
12017033008292013102065051813903791280251123128
12017033008292013104893051613603801280252124128
12017033008312012104946054414703971370260128132
12017033008312014104372065217104811660315161154
12017033008322014103886065016404861600326164162
12017033008332014109040052813903891290260129131
12017033008362012104509066517904861670319162157
12017033008362014104589051113803731260247123124
12017033008422011102912068319804851730312153159
12017033008442010101569073319105421800362179183
12017033008442012104814073420805261820344176168
12017033008472012105503065217604761550321161160
12017033008472013103256068617805081700338170168
12017033008472013103509056615804081440264133131
12017033008472014103861067316405091680341171170
12017033008472014105848068017905011700331171160
12017033008482014105304060617204341600274144130
12017033008512013105755066616704991720327160167
12017033008552011106021068217505071690338176162
12017033008552012104759058015504251420283141142
12017033008552014106197059616104351510284147137
12017033008562010101569055215703951440251129122
12017033008562012104814056317103921390253128125
12017033008562014105817063316004731510322156166
12017033008592013104986072018805321830349177172
12017033009002014105799063517404611600301153148
12017033009022011104500067218404881620326163163
12017033009022014103154070118405171800337174163
12017033009052011103132067118304881700318159159
12017033009062013105727066516804971590338168170
12017033009062014104139064015304871620325165160
12017033009062014106251067418104931700323160163
12017033009072014104332067718004971730324162162
12017033009072014106260069217705151730342171171
12017033009092011102577053214303891340255128127
12017033009092014100133064916204871600327164163
12017033009122014102305071318305301760354176178
12017033009142014105058065918804711620309156153
12017033009152010101834065215604961520344170174
12017033009152011109191069717905181760342172170
12017033009152012104926068519404911730318157161
12017033009152013105979052914703821370245123122
12017033009152014106159070020304971680329166163
12017033009162014101030071418505291790350178172
12017033009162014103333071819405241770347177170
12017033009162014104597068517105141590355170185
12017033009182013103024055915404051470258134124
12017033009202013104881069817905191740345173172
12017033009202014101206072920705221850337174163
12017033009202014105783067117504961710325166159
12017033009212013106127068418005041760328164164
12017033009212014100671063316704661580308155153
12017033009212014103176055714704101360274139135
12017033009222013104453065915905001600340174166
12017033009222014103077065016604841680316161155
12017033009222014105217066817904891670322163159
12017033009222014105489056014904111410270140130
12017033009232013100499066617904871650322161161
12017033009232013106022065116304881570331164167
12017033009432010104902053014003901350255127128
12017033009432011103690051914003791320247120127
12017033009432011104176053614203941380256132124
12017033009432013105741053714603911410250125125
12017033009432014101149054315003931370256128128
12017033009432014102571052614403821340248126122
12017033009432014103492052414003841380246120126
12017033009432014104092053814203961400256133123
12017033009432014105658051313503781300248119129
12017033009432014109030052814003881340254127127
12017033009442013102781064217904631640299153146
12017033009442013104671054515203931340259131128
12017033009442013105551053114103901350255127128
12017033009442014100186053114103900000000000128
12017033009442014103034068416805161730343175168
12017033009442014103201056114704141430271140131
12017033009442014110126072519105341910343166177
12017033009452011105562068219404881710317155162
12017033009452013103614063517904561590297149148
12017033009452013105487068717905081830325164161
12017033009452014100422065317804751740301155146
12017033009452014105343066517504901690321161160
12017033009452014110002065817304851690316158158
12017033009462013100993065417704771720305154151
12017033009462014100544065718704701710299150149
12017033009462014103776072518905361820354180174
12017033009462014105166065017504751610314157157
12017033009472014100687065416504891630326162164
12017033009472014101551071819205261770349175174
12017033009472014102203065617104851680317156161
12017033009472014105346065217104811600321159162
12017033009482011100382054114403971420255129126
12017033009482012105830066617504911660325161164
12017033009482012105839068917505141700344169175
12017033009482013104209069417905151750340169171
12017033009482014101057077321205612040357196161
12017033009482014102300069717005271730354178176
12017033009482014104333078021705632050358186172
12017033009482014106290083421706172130404212192
12017033009492010104510063315804751590316158158
12017033009492012105200070018605141730341169172
12017033009502013105963067916805111650346172174
12017033009502014104516072918205471770370181189
12017033009512012100086056115004111380273133140
12017033009512014100230056915104181480270139131
12017033009512014103968055515404011440257129128
12017033009522012101989065616904871680319162157
12017033009522014102685055916003991420257133124
12017033009522014103278067918104981670331166165
12017033009522014103764067016005101660344173171
12017033009542012101723065217204801620318163155
12017033009542013103520071619705191790340173167
12017033009552014100584066418104831510332164168
12017033009552014102530066917604931650328169159
12017033009572012100494068219204901670323158165
12017033009582012106095064416804761660310154156
12017033009582014100250068017905011660335170165
12017033009582014101102067317504981670331169162
12017033009582014105192063715804791560323157166
12017033009582014105941061815604621560306149157
12017033009592013100547063218004521530299148151
12017033009592013105230066118004811610320166154
12017033009592013105440064216204801570323162161
12017033009592014104133062816604621580304153151
12017033010012014105048068018604941660328160168
12017033010042009105421068518405011700331165166
12017033010042010104048053814803901410249126123
12017033010042013110021063918604531590294146148
12017033010052011105579067917605031710332167165
12017033010052012102298068018404961650331163168
12017033010052013102192068418904951720323164159
12017033010052013103740066917504941680326166160
12017033010052014100075069917405251800345172173
12017033010142014104419062615004761480328157171
12017033010272013110046068118804931760317157160
12017033010272014104562073718905481810367185182
