02008121706592005102761000000004141400274137137
02008121706592006102169055015203981330265130135
02008121706592006104270055015203981330265130135
02008121707002000100129072717905481770371181190
02008121707002002105164069717305241700354175179
02008121707002004102428072219405281810347174173
02008121707002004102583069017405161710345174171
02008121707002004103282071418405301720358176182
02008121707002004110141069217305191710348175173
02008121707002005100341069817505231720351176175
02008121707002005103691070117105301710359177182
02008121707002005104746067617305031650338170168
02008121707002006101049071417905351720363178185
02008121707002006104768073718805491810368184184
02008121707002006104818070318005231720351168183
02008121707002006106581070118605151780337169168
02008121707002006106682070418405201700350169181
02008121707011999106723064817104771660311158153
02008121707012001103526068018005001600340169171
02008121707012001110141069318305101720338171167
02008121707012002110081069317005231720351176175
02008121707012003102900070817705311730358180178
02008121707012004103967069817305251730352183169
02008121707012004106372067315905141620352175177
02008121707012004110119059814404541430311150161
02008121707012005102336069018005101700340173167
02008121707012006100664068116805131670346171175
02008121707012006101447069817305251680357173184
02008121707012006101595070217805241700354175179
02008121707012006101779066816705011640337169168
02008121707012006101877072919505341740360177183
02008121707012006102388065515904961580338165173
02008121707012006103235068200000000000344172172
02008121707012006103627071118105301800350177173
02008121707012006103633069617605201740346173173
02008121707012006103655069416905251690356179177
02008121707012006103906069617305231720351173178
02008121707012006104235072018705331800353178175
02008121707012006104252068116305181650353174179
02008121707012006104308068717305141660348170178
02008121707012006105360068417405101670343174169
02008121707012006105759071317405391730366181185
02008121707012006106463066616505011610340168172
02008121707022002100086072117505461800366181185
02008121707022002102644000000000000000000000193
02008121707022004106263073818405541840370184186
02008121707022006100226000016900001550000164000
02008121707022006100254074820305451850360180180
02008121707022006100632069817205261700356176180
02008121707022006100955074818105671800387187200
02008121707022006101044072518105441700374184190
02008121707022006101174072317905441820362182180
02008121707022006101228069616905271670360172188
02008121707022006101937070817505331750358177181
02008121707022006102280069916705321710361172189
02008121707022006102561072718805391820357177180
02008121707022006102710071217105411740367181186
02008121707022006103171071317905341750359177182
02008121707022006103704073118605451830362182180
02008121707022006104850074920305461850361176185
02008121707022006105299066316604971640333166167
02008121707032002101825071318005331770356174182
02008121707032003100795069317005231650358175183
02008121707032004100788068616405221580364170194
02008121707032004106187072818705410000000000000
02008121707032004106963068117405071650342170172
02008121707032004109009070818405241720352179173
02008121707032006100776071118105301730357177180
02008121707032006101178067217404981640334165169
02008121707032006101372070818005281720356175181
02008121707032006101440073519105441710373181192
02008121707032006101923070418505191750344178166
02008121707032006103117057514804271360291143148
02008121707032006103623070618505211770344174170
02008121707032006104243072418705371800357180177
02008121707032006106410075119905521870365184181
02008121707032006106537075920105581930365188177
02008121707042003100054066717604911670324170154
02008121707042003102078078420805761900386192194
02008121707042004102720063700000000000343156187
02008121707042006100400074518405611800381189192
02008121707042006100762073118305481780370186184
02008121707042006103579071317405391740365176189
02008121707042006104360074318905541830371185186
02008121707042006104870067517305021570345168177
02008121707042006105345073418305511770374188186
02008121707042006106053074218505571820375185190
02008121707052000101646066217004920000000000161
02008121707052003104216069217305191720347171176
02008121707052004103296069517305221710351174177
02008121707052005100031073519705381810357177180
02008121707052005102705062217404481460302151151
02008121707052005103930074119905421840358176182
02008121707052006100062072618105451750370181189
02008121707052006101023061115904521510301149152
02008121707052006101729060415704471510296143153
02008121707052006101853070318105221700352172180
02008121707052006101865070816705411730368178190
02008121707052006101984067517105041640340171169
02008121707052006102389072619505311790352170182
02008121707052006102576070317705261690357176181
02008121707052006104947066117404871610326163163
02008121707052006105248067517405011670334168166
02008121707052006105778067716805091640345169176
02008121707052006106106064416904751590316158158
02008121707052006106169065316804851580327163164
02008121707052006110159068917705121690343172171
02008121707062003103165070518105241720352173179
02008121707062005102886064517304721630309151158
02008121707062005103702062315904641540310153157
02008121707062005104877072319005331790354178176
02008121707062005110142072418905351760359178181
02008121707062005110167075420705471940353178175
02008121707062006100488068016305171630354171183
02008121707062006100509061215304591440315151164
02008121707062006102276067316805051600345169176
02008121707062006102443071018605241730351176175
02008121707062006102734072518305421790363180183
02008121707062006104372084122906122070405212193
02008121707062006105313066716205051600345165180
02008121707062006106717068317605071690338167171
02008121707062006106735069217705151710344171173
02008121707072001102117068517905061690337168169
02008121707072003104570000000000000000326164162
02008121707072004104760067818104971650332162170
02008121707072004109165051413803761290247124123
02008121707072005100093068217705051670338169169
02008121707072005102229067416305111690342169173
02008121707072005105241000000005031680335167168
02008121707072005106153066816805001650335167168
02008121707072006100110069918005191760343170173
02008121707072006101365066700000000000340169171
02008121707072006101377066516405011660335169166
02008121707072006102226066917704921640328162166
02008121707072006102266067016905011680333167166
02008121707072006102699066917104981640334164170
02008121707072006102784068217405081690339167172
02008121707072006103030051013803721290243124119
02008121707072006103685067618004961660330163167
02008121707072006103732065416304911640327165162
02008121707072006104267066417204921650327162165
02008121707072006104647067817805001680332158174
02008121707072006105817080320905941950399199200
02008121707072006106771067617704991650334161173
02008121707072006109226069218405081680340167173
02008121707072006110113066416305011630338167171
02008121707082005100751068917905101680342167175
02008121707082005102365065216804841590325159166
02008121707082005103844067416705071660341170171
02008121707082005105789066217004921610331163168
02008121707082006103569057914504341400294142152
02008121707082006104232063900000000000310157153
02008121707082006105438055514404111390272140132
02008121707082006109249068517805071700337168169
02008121707092002106006049213803541170237115122
02008121707092003104744081521206031980405204201
02008121707092003105380052513403911280263130133
02008121707092005101308067017904910000000000158
02008121707092005102211066617904871680319162157
02008121707092005102285054215003921350257128129
02008121707092006101710064816204861490337169168
02008121707092006101976053114803831380245120125
02008121707092006103644081524505702060364180184
02008121707092006104140067817005081680340171169
02008121707092006105657054215103911360255127128
02008121707092006105992069717205251710354176178
02008121707092006106113053214703851390246121125
02008121707102004102272069317505180000000000174
02008121707102004104602067116605051570348165183
02008121707102006100593069317405191690350176174
02008121707102006102578071217805341740360174186
02008121707102006102672069917305261690357182175
02008121707102006105760068117505061660340169171
02008121707112001103061053213503971350262132130
02008121707112002100680072418505391740365176189
02008121707112002100902070417205321630369175194
02008121707112002105164054414603981400258130128
02008121707112004103518068316205211660355172183
02008121707112005102187072418105430000000000183
02008121707112005102213067015905111640347169178
02008121707112005102220056916904001370263131132
02008121707112005102836066916705021650337168169
02008121707112006100904000014800001400000137000
02008121707112006102524069318005131630350170180
02008121707112006102980068918205071680339167172
02008121707112006103365066016304971610336164172
02008121707112006104278057916304161360280135145
02008121707112006104597068116405171660351174177
02008121707122003102464071518705281850343187156
02008121707122004104331053014103891310258129129
02008121707122005102236066818404841700314160154
02008121707122005103643054814804001410259137122
02008121707122005103691055216503870000000000121
02008121707122005104415072719805291890340177163
02008121707122006101049053314703861400246127119
02008121707122006101348084523206132140399201198
02008121707122006101969053314203911320259129130
02008121707122006104526053614403921340258128130
02008121707122006104768068817705111690342173169
02008121707122006105727076419405701870383192191
02008121707122006106448053614703891310258131127
02008121707131999106723052314203811250256000000
02008121707132003100670065517304821710311158153
02008121707132003102875081620906072000407203204
02008121707132004100777050613503711250246123123
02008121707132004104661052113903821320250122128
02008121707132004110119000000003701260244123121
02008121707132004110257065517604791650314158156
02008121707132005101626066418004840000000000162
02008121707132005102030077220005721900382186196
02008121707132006100058052914203871310256130126
02008121707132006100440053114503861300256124132
02008121707132006101447051913903801240256124132
02008121707132006101613053114403871310256123133
02008121707132006102574000013700001310000123000
02008121707132006105441000014000001320000128000
02008121707132006106634051513903761280248124124
02008121707132006110008068918305061580348176172
02008121707142003101684000000004100000000000140
02008121707142003105155084721606312100421212209
02008121707142004106372000000000000000253130123
02008121707142005106637071118705241650359181178
02008121707142006100082058814204461370309148161
02008121707142006103655053614103951380257132125
02008121707142006103906068117005111750336171165
02008121707142006104235052914403851400245123122
02008121707142006105165069917905201770343169174
02008121707142006106463052813703911360255131124
02008121707142006109239060715204551510304151153
02008121707152004102659086021206482120436217219
02008121707152006100220073119105401790361178183
02008121707152006101101070800000000000352000000
02008121707152006101175071818605321750357179178
02008121707152006101713083722106162180398208190
02008121707152006104363073919105481820366180186
02008121707152006104876070218305191740345171174
02008121707152006106583053913804011340267136131
02008121707152006106770070418305211790342173169
02008121707162004109009055914904101350275138137
02008121707162005102336052914603831370246128118
02008121707162006100226000000003951380257131126
02008121707162006100544052314603771280249125124
02008121707162006101044071217705351740361184177
02008121707162006101178055915504041420262131131
02008121707162006103054053014903811310250126124
02008121707162006103627000015000001400000130000
02008121707162006103973052814003881330255127128
02008121707162006105029074419005541770377189188
02008121707162006105360053514803871380249129120
02008121707172002110182079519805971910406193213
02008121707172005102127067817605021710331166165
02008121707172006100254053614503911290262125137
02008121707172006100632050313403691220247121126
02008121707172006101595056014504151440271142129
02008121707172006101877052313203911240267126141
02008121707172006102388050313403691220247121126
02008121707172006102561060215204501520298155143
02008121707172006104360055916003991410258131127
02008121707172006104470052913603931250268127141
02008121707172006104850053114603851280257125132
02008121707172006105353066315605071580349172177
02008121707182002103925066017004901580332159173
02008121707182003100054055917903801340246123123
02008121707182003101264051514003751270248124124
02008121707182004102198051714003770000000000126
02008121707182005102705054717703701350235118117
02008121707182005103702053414203921380254129125
02008121707182006101023053614303931380255130125
02008121707182006101853066917804911620329164165
02008121707182006103579067017104991660333166167
02008121707182006104773063219004421490293147146
02008121707182006104846060917704321450287142145
02008121707192002104116063216504671520315156159
02008121707192003102696069317805151730342173169
02008121707192005110142052914203871310256127129
02008121707192006100509052514203831310252127125
02008121707192006101729052914203871310256128128
02008121707192006102989067717605011660335168167
02008121707192006105817053014203881310257128129
02008121707202003102618067017504951610334164170
02008121707202004106187068719004971650332166166
02008121707202005101957076219705651880377188189
02008121707202005106739066616804981630335167168
02008121707202005110063066617404921610331159172
02008121707202006100400068317405091640345170175
02008121707202006100762067217404981660332168164
02008121707202006101984052915003791350244121123
02008121707202006103992058716104261470279145134
02008121707202006104836071819405241780346173173
02008121707202006106169053515403811350246121125
02008121707212000101646053914803910000000000131
02008121707212004102920062100000000000000000153
02008121707212004104760057018203881520236123113
02008121707212004110170051313803751290246124122
02008121707212005109178050600000000000253125128
02008121707212006103112054315603871350252125127
02008121707212006103943053915603831330250126124
02008121707212006104510060217504271510276134142
02008121707212006104947063716404731570316159157
02008121707212006105248058115704241490275145130
02008121707212006105354072918905401800360000000
02008121707212006105778064016104791570322163159
02008121707212006106270067817805001680332167165
02008121707212006106735060200000000000293148145
02008121707222001103061050213403681240244121123
02008121707222005100031051914503741270247125122
02008121707222005102220050713203751240251124127
02008121707222005102886058014904310000000000154
02008121707222006101884071020305071790328171157
02008121707222006104232050300000000000244120124
02008121707222006104278049913203671240243120123
02008121707222006104372077320105721990373192181
02008121707232003103144066816305051660339166173
02008121707242004103347064218704550000000000141
02008121707242005105241053014303871330254128126
02008121707242006100634071019405161860330180150
02008121707242006101348000015200001430000000000
02008121707242006101365052600000000000000000126
02008121707242006101377053214403881370251126125
02008121707242006102699000000000001370000000000
02008121707242006104452063617704591610298158140
02008121707242006110081072518905361800356189167
02008121707242006110113052414203821320250127123
02008121707262006103644075321005431860357186171
02008121707262006105165066716005071630344175169
02008121707272003102875060818204261470279142137
02008121707272003105155064420404401530287147140
02008121707272005102030060218504171450272138134
02008121707272006101305055014904011350266131135
02008121707272006106585054715103961370259134125
02008121707282003102464067417005041660338163175
02008121707282004102659083021306172000417208209
02008121707282006101101055115803931390254128126
02008121707282006101454070317105321670365181184
02008121707282006102075075519505601850375187188
02008121707282006104876054515603891380251128123
02008121707282006105029052914503841310253128125
02008121707292006100248083722206152090406203203
02008121707292006100777073318805451870358176182
02008121707292006102668073519605391820357180177
02008121707292006102757066717304941650329166163
02008121707292006104120068617505111660345168177
02008121707292006104608072519105341820352178174
02008121707292006105478070718505221740348174174
02008121707302003102606068317505081710337164173
02008121707302003103824056114904121360276137139
02008121707302006100754055515004051320273134139
02008121707302006101194056914704221420280138142
02008121707302006101414062715804691560313161152
02008121707302006101713064817604721600312158154
02008121707302006105016063215804741580316162154
02008121707302006106770062316004631530310161149
02008121707312005106004064117104701590311155156
02008121707312006104773053316103721230249120129
02008121707312006104846053916603731250248120128
02008121707322005106739000015500001350000122000
02008121707322005110063054515903860000000000118
02008121707332002104116052515103741260248122126
02008121707332003102618053615603801360244123121
02008121707332003102696054715503921360256131125
02008121707332004107109081620706091970412203209
02008121707332006102989054415503891350254130124
02008121707332006104836068517905061690337169168
02008121707342003100456075319805551910364186178
02008121707342003100754000018700001820000175000
02008121707342004102920052314503781300248127121
02008121707342005101679058115004311410290140150
02008121707342006104510053215403781300248127121
02008121707352004100047062117204491570292149143
02008121707352006100097068618704991710328167161
02008121707352006109312069718205151710344169175
02008121707362004105027000000005010000000000173
02008121707362005103409078918806011900411200211
02008121707362005104192057215404181390279137142
02008121707362006102340082320006231950428205223
02008121707362006104837071119705141820332177155
02008121707362006105597072920505241840340177163
02008121707372006101227073019905311880343174169
02008121707372006106138069417805161720344174170
02008121707382004103347052814303851270258124134
02008121707382006100634052814403841300254125129
02008121707382006101884053314803851310254125129
02008121707382006104069068816305251700355170185
02008121707392003100769070018005201760344171173
02008121707392006102859069418005141740340171169
02008121707402004101855071117805331790354176178
02008121707402005106169072317905441780366182184
02008121707402005107027074119005511850366183183
02008121707402006101489072718105461730373181192
02008121707402006102990072318105421820360175185
02008121707402006104189071918405351790356179177
02008121707402006104954072518605391770362178184
02008121707412003101197081620006161930423207216
02008121707412003102875055817903791330246123123
02008121707412003105155053817003681300238119119
02008121707412004100941067116605051650340170170
02008121707412004105318069418105131730340173167
02008121707412005102030056818903791340245122123
02008121707412005106203067317704961640332164168
02008121707412006101269073720105361820354168186
02008121707412006101830066916905001650335166169
02008121707412006102764067717705001620338167171
02008121707412006103197068217305091670342174168
02008121707412006103549070417305311700361178183
02008121707412006105666078021205681940374187187
02008121707422000103165067617804980000000000170
02008121707422002107298071419605181810337174163
02008121707422003102333067718604910000000000170
02008121707422003110074077019905711860385192193
02008121707422005103730072517405511720379184195
02008121707422005105918069618405121670345172173
02008121707422006102293053314403891360253128125
02008121707422006102901060717804291460283141142
02008121707422006103007060117004311400291143148
02008121707422006106261077219405781910387194193
02008121707422006110020058515504301430287142145
02008121707432004110153065617604801590321154167
02008121707432006102757059815604421480294143151
02008121707442002100260064616204841590325162163
02008121707442003102606051813503831290254128126
02008121707442004103502000000000000000350179171
02008121707442005106004051413303811290252126126
02008121707442006100777053414903851340251125126
02008121707442006102668054515903861370249127122
02008121707442006104237080320306002000400209191
02008121707442006104608055116103901370253128125
02008121707442006105478053715003871350252126126
02008121707442006109251079420005941980396208188
02008121707452005100603066016804921630329163166
02008121707452005103797070117905221780344174170
02008121707452005110084065016504851550330160170
02008121707452006104965068917805111690342171171
02008121707462004103123065917104881700318160158
02008121707462005102274064016404761620314159155
02008121707462006102763070718005271750352173179
02008121707462006102927065217004821670315159156
02008121707462006104637069917905201720348172176
02008121707462006105081069917205271670360174186
02008121707472003100754055816503931400253131122
02008121707472005102980074419105531880365186179
02008121707472005103009074519405511820369189180
02008121707472005103198072619305331730360174186
02008121707472006100097063516704681610307154153
02008121707472006101878077220305691770392194198
02008121707472006105957054614104051350270131139
02008121707482001103491071317605371760361183178
02008121707482003100456052315503681140254119135
02008121707482004100047051815503631260237117120
02008121707482004107109072117805431790364179185
02008121707482005104192053116103701270243119124
02008121707482006100134069117005211690352175177
02008121707482006103042071618505311630368177191
02008121707482006105639070317205311720359180179
02008121707492006101210066115605051670338172166
02008121707492006101405069917805211710350176174
02008121707492006104843064416004841560328163165
02008121707512003100769052414503791290250124126
02008121707512006104508056615904071440263131132
02008121707512006105753057815904191440275134141
02008121707521998104034053315103821340248127121
02008121707522006103686069718005170000000000169
02008121707522006106628072318605371820355174181
02008121707532006100735076821505531940359180179
02008121707532006101227072019705231860337170167
02008121707532006102901053213703951320263134129
02008121707532006103007053113703941320262134128
02008121707532006103549054014403961320264127137
02008121707532006110020053313603971320265134131
02008121707542001103748067317105021640338165173
02008121707542004100862073418005541810373187186
02008121707542004105318055414204121410271134137
02008121707542004110146064816204861610325158167
02008121707542005106203054615903871380249127122
02008121707542006103080078320005831940389193196
02008121707552000103165051413603781270251126125
02008121707552003104856071819105271790348178170
02008121707552004100773066617004961680328165163
02008121707552005105918051614603701230247121126
02008121707552005106298000000000000000335167168
02008121707552006100240073118305481760372184188
02008121707552006102859068317605071710336170166
02008121707552006110001068617205141680346170176
02008121707562002107298053815303851300255127128
02008121707562003102333054214803941420252130122
02008121707562004100941052314403791290250122128
02008121707562004103502056414804161370279140139
02008121707562006101675070819005181760342173169
02008121707562006105591078522705580000000000173
02008121707572004106928068217305091610348172176
02008121707572005101373050913603731240249124125
02008121707572006100751053515303820000000000123
02008121707572006101198053214203901350255128127
02008121707572006101930053114003911350256127129
02008121707572006104237070918005291740355175180
02008121707572006104642051113603751240251124127
02008121707572006109251070518105241720352173179
02008121707582003110074051313203811250256126130
02008121707582004110153060516504401510289142147
02008121707592000101532080720406032020401201200
02008121707592005102013077519105841880396196200
02008121707592005103730053515303821310251122129
02008121707592005105103069618205141700344169175
02008121707592006104397069016705231690354170184
02008121707592006105780071317505381720366177189
02008121707592006106261054515503901350255124131
02008121707592006106632074018705531810372185187
02008121708002003103615072617305531820371184187
02008121708002003110262062016304571510306152154
02008121708002004104095064016104791600319160159
02008121708002004106091063316104721510321161160
02008121708002005100603053015003801300250122128
02008121708002005102919063716104761550321162159
02008121708002005103797067518004951720323164159
02008121708002006100134052513403911340257130127
02008121708002006101748076419805661880378189189
02008121708002006104965053615303831320251122129
02008121708002006109065076319705661870379189190
02008121708012002100398076018505751830392196196
02008121708012004103079077718805891890400199201
02008121708012005101726070618205241680356178178
02008121708012005102027070018305171670350174176
02008121708012006103647067817205061630343167176
02008121708012006105176072017805421790363184179
02008121708012006106165067516505101630347167180
02008121708022001102242069217205201650355179176
02008121708022001106069070018305171780339173166
02008121708022002100800065516304921630329168161
02008121708022002104551070117705241750349173176
02008121708022005100631065316704861580328163165
02008121708022005101917072217205501740376185191
02008121708022006101591069317705161760340173167
02008121708022006104637066716305041700334170164
02008121708022006104843052413703871310256128128
02008121708022006105081067716705101640346169177
02008121708022006105698065916304961600336168168
02008121708022006110104066216205001620338167171
02008121708032003102488075718605711860385193192
02008121708032005100235070618205241780346172174
02008121708032005103198067118404871670320158162
02008121708032005103246073920605331860347174173
02008121708032006101210065215904931580335160175
02008121708042006101657069717005271700357177180
02008121708042006104353061817204461410305148157
02008121708052006100384063916704721500322161161
02008121708052006104490063015204781500328162166
02008121708052006109207063617304631540309151158
02008121708262002100623053515003851350250127123
02008121708262004103178051814303751290246123123
02008121708262004110179053515003851350250126124
02008121708262005100050052714303841360248125123
02008121708262006100384050812703811200261123138
02008121708262006109207049712703701190251122129
02008121708272002100255000000004800000000000158
02008121708272002100398060018204181470271137134
02008121708272002104551071418405301730357180177
02008121708272006103668069617305231710352174178
02008121708272006104490062915204771510326156170
02008121708282001106069068317905041700334171163
02008121708282003100971052314603771320245124121
02008121708282003104856065917404851680317161156
02008121708282004100148053912804111280283136147
02008121708282004103183065417904751620313149164
02008121708282004104731066917204971660331169162
02008121708282005107005063616404721580314157157
02008121708282006101244053414403901330257129128
02008121708282006101591070017805221700352178174
02008121708282006102822060218004221480274137137
02008121708282006102949060918004291490280140140
02008121708282006103249059117804131380275139136
02008121708282006106186062716404631530310155155
02008121708292003104307069918505141740340177163
02008121708292005102013071417705371770360179181
02008121708292005103963067716305141660348173175
02008121708292005104209064816404841600324165159
02008121708292005106682070718005271860341173168
02008121708292006100942064916404851600325163162
02008121708292006104854064916504841610323160163
02008121708292006105255064816504831580325162163
02008121708292006105920067116305081690339167172
02008121708292006110093064816304851600325164161
02008121708302000101532077118705841960388196192
02008121708302004103079076418805761920384195189
02008121708312006102690053114503861300256128128
02008121708312006105380053014503851290256128128
02008121708312006105633053114603851290256128128
02008121708332004103149052214803741300244120124
02008121708332004104332051314403691260243121122
02008121708332005100437052214803741310243122121
02008121708332006101042000000003921230269129140
02008121708332006106848051800000000000270129141
02008121708342006100913054415303911490242126116
02008121708342006101343060515104541500304146158
02008121708342006102663054315303901480242126116
02008121708352006101762065116904821610321162159
02008121708352006106115065116804831600323162161
02008121708362006101699063416004741550319154165
02008121708362006105956064916104881570331159172
02008121708372003103675075820905491910358182176
02008121708402004104731052115103701290241121120
02008121708402005107005054015403861340252129123
02008121708412002100255068319004930000000000163
02008121708412002100398056017003901350255129126
02008121708412004104185050713703701240246120126
02008121708412006102822055417203821330249126123
02008121708412006102949056417803861360250126124
02008121708412006103249055717403831340249126123
02008121708412006103668067216705051620343169174
02008121708422005102013070517405311730358172186
02008121708422005104209051614503711310240122118
02008121708422006100942052014503751260249123126
02008121708422006104854052214603761320244122122
02008121708422006105255051513603791260253123130
02008121708422006106186052814303851280257123134
02008121708422006110093051800000000000250124126
02008121708432005103963052113503861300256129127
02008121708432006105920053213703951350260130130
02008121708442003102916070218205200000000000183
02008121708442003104307052814403841350249126123
02008121708442005106682054215603861410245130115
02008121708452005100220067916805111640347170177
02008121708452006105935067816805101640346169177
02008121708462006101343052913503941340260136124
02008121708472006101634074720105461850361182179
02008121708492004100172070217905231720351173178
02008121708502006101699055414704071370270135135
02008121708502006105956055414704071370270134136
02008121708532003103675051113803731250248121127
02008121708562006106411062617604501490301152149
02008121708592005101923064817004781580320162158
02008121708592006100416063716804691570312155157
02008121709002005104156073618505511910360189171
02008121709012004100172067017504951690326169157
02008121709022006101634051914103781280250128122
02008121709032005101257069517805171690348176172
02008121709032005106795065616904871590328161167
02008121709032006105453070317605271660361180181
02008121709042006101296072018405361790357179178
02008121709062006102143071117205391740365180185
02008121709082006106411059118104101390271136135
02008121709092001106681065818004781630315158157
02008121709102005102965068416505191680351170181
02008121709102006102723080522605792030376194182
02008121709122003106200055715304041390265000000
02008121709122005101923051714103761280248126122
02008121709122006100416053314803851330252126126
02008121709132006102306067817405041630341164177
02008121709132006102993066216904931660327168159
02008121709132006103240066616405021630339169170
02008121709132006104205072217305491720377185192
02008121709132006106540067217304991610338164174
02008121709142005105514073918205571780379184195
02008121709142005106795050513203731190254123131
02008121709142006110112067516405110000000000175
02008121709152004105879067117404971510346164182
02008121709152005103400073417905551720383183200
02008121709172003104565049113003611210240117123
02008121709182004100176069017905111660345171174
02008121709182005101257052013703831350248127121
02008121709182006102592069017905111660345169176
02008121709182006105453000000003831350248124124
02008121709182006106778069118305081660342169173
02008121709202003104068070017805221720350173177
02008121709202004105289070817905291750354176178
02008121709202005101110071718405331760357176181
02008121709202006101296066617104951620333166167
02008121709202006105816067016905011620339169170
02008121709202006106447072018605341730361179182
02008121709212005104445064216004821500332157175
02008121709232006100262067516605091650344169175
02008121709232006101864066416704971600337164173
02008121709232006102441067316405091650344169175
02008121709232006106273065616204941600334166168
02008121709242004100323067917205071700337168169
02008121709242006100667069017605141690345172173
02008121709242006100857055116003911400251124127
02008121709242006101624070017605241680356176180
02008121709242006101629068417405101670343171172
02008121709242006105246055016003901390251124127
02008121709242006105750067216405081630345172173
02008121709242006109208058616104251440281141140
02008121709242006110114067917405051700335165170
02008121709252001110083062715304740000000000157
02008121709252005104809064217204701550315159156
02008121709252006104240072218705351760359177182
02008121709442001110083052513703881370251127124
02008121709442003105383058216004221470275142133
02008121709442006100338054414503991370262131131
02008121709442006103367058216104211450276142134
02008121709442006109265053813903991380261134127
02008121709452004103384065416504891640325000000
02008121709452005103130049212803640000000000127
02008121709452005104445050213403681220246121125
02008121709452006100667053414603881370251127124
02008121709452006101123057015404161420274139135
02008121709452006101629052814603821370245125120
02008121709452006104016062916104681550313155158
02008121709452006106711057015304171430274139135
02008121709462004110078051413303811270254128126
02008121709462005100564067916805111660345167178
02008121709462006101088067517005051660339168171
02008121709462006101590067416805061690337171166
02008121709462006101624066516305021660336164172
02008121709462006101647065315804951610334159175
02008121709462006101723066917204971650332166166
02008121709462006102352073019105391740365181184
02008121709462006102358068717205151610354172182
02008121709462006102711066216105011580343168175
02008121709462006102878066316305001600340165175
02008121709462006104709096424007242360488237251
02008121709462006106135067516905061630343171172
02008121709462006106478072719005371780359175184
02008121709462006106605064616404821550327158169
02008121709462006106837071418105331710362182180
02008121709472004103095068817405141730341168173
02008121709472004104598070316005431670376183193
02008121709472004105471066916605031650338169169
02008121709472004105673073919205471880359182177
02008121709472004110168067300000000000000000176
02008121709472005101462069317605171680349172177
02008121709472005104492069617705191750344175169
02008121709472006100839070717605311780353180173
02008121709472006100934072218005421780364186178
02008121709472006101075070916305461690377186191
02008121709472006101205068317505081670341170171
02008121709472006101610071218205301800350178172
02008121709472006102151070717905281720356181175
02008121709472006102319072117105501760374187187
02008121709472006102573070117305281670361175186
02008121709472006102826069117505161680348173175
02008121709472006103476074019005501770373185188
02008121709472006103877067216705051620343176167
02008121709472006103889074318905541850369188181
02008121709472006104486071618305331810352176176
02008121709472006104723069217605161680348171177
02008121709472006105153076019505651890376189187
02008121709472006109273000015900001560000000000
02008121709472006110137068116805131700343174169
02008121709482001103671069517605191700349176173
02008121709482002104020067317005031690334162172
02008121709482003102121067417005041650339169170
02008121709482004102684053413803961340262129133
02008121709482005101193066715905081640344172172
02008121709482005102413067616505111650346169177
02008121709482006100262053615303831280255124131
02008121709482006100412071618505311750356178178
02008121709482006101229070117305281700358174184
02008121709482006101254060615804481490299150149
02008121709482006102874069717305241690355175180
02008121709482006103853054814604021390263134129
02008121709482006104075070918305261740352174178
02008121709482006104874060215704451480297146151
02008121709482006105714061415904551480307152155
02008121709482006106310070617405321700362177185
02008121709492001101840067916105181650353172181
02008121709492004103340064215504871580329165164
02008121709492004104412068117805031630340172168
02008121709492004104744070118205191710348174174
02008121709492006100771070017905211700351174177
02008121709492006102450069617805181750343172171
02008121709492006102505064916304861560330164166
02008121709492006102535071318605271730354176178
02008121709492006103111052113903821300252123129
02008121709492006103291052113903821290253124129
02008121709492006103591063416204721480324155169
02008121709492006103657070618105251790346174172
02008121709492006104534065016804821580324161163
02008121709492006104656065716204951610334164170
02008121709492006105796067217105011650336171165
02008121709492006106127069820904891780311161150
02008121709492006106653069817405241710353182171
02008121709492006106836068817405141700344173171
02008121709502001102434072200000000000349181168
02008121709502002105027066716305041580346174172
02008121709502002105288051513203831200263124139
02008121709502003102795078318705961910405204201
02008121709502003103177068617405121680344171173
02008121709502004102548064716104861640322154168
02008121709502005105646068316605171670350175175
02008121709502006100399074819205561890367178189
02008121709502006100608068816205261670359172187
02008121709502006101195066616704991660333164169
02008121709502006101809069518205131750338169169
02008121709502006103900068516305221700352174178
02008121709502006103925060814704611500311153158
02008121709502006104288072918705421770365175190
02008121709502006104517067116805031680335165170
02008121709502006105054064516304821520330160170
02008121709502006105952076920105681890379194185
02008121709502006106400067517604991670332167165
02008121709512002105377051913803811250256124132
02008121709512003100351000000003791230256124132
02008121709512003102701058900000000000291000000
02008121709512005103726064316104821550327162165
02008121709512006102361063816604721560316157159
02008121709512006103561060515104541490305155150
02008121709522001104853064516804771580319157162
02008121709522004100976052514303821290253131122
02008121709522005102122059417004241380286000000
02008121709522006102813078820005881920396194202
02008121709522006103123078419905851950390198192
02008121709522006103368057215404181380280136144
02008121709522006103624056514104241420282147135
02008121709522006103738063617004661510315153162
02008121709522006104385056115604051360269134135
02008121709522006105526060116504361430293143150
02008121709522006105556070018305171700347169178
02008121709522006106008056415704071360271134137
02008121709522006106256059217004221380284138146
02008121709522006106449068317805051650340170170
02008121709522006106461069721104862010285150135
02008121709532005102692065617304831680315164151
02008121709532005105114000019600001780000155000
02008121709532005110219072419805261800346176170
02008121709532006102458067919404851790306162144
02008121709532006102470072820005281800348177171
02008121709532006103101064916704821680314155159
02008121709532006103206064315904841670317160157
02008121709532006103325064716704801650315156159
02008121709532006104086066816305051620343170173
02008121709532006105499068918705021790323163160
02008121709532006106143069617405221780344179165
02008121709542003106104052614603801340246122124
02008121709542004103671054215203901400250129121
02008121709542006100278069418405101710339172167
02008121709542006100681053415003841360248126122
02008121709542006101224069418205121710341171170
02008121709542006101488055215303991430256133123
02008121709542006102014067916905101610349177172
02008121709542006103271054314204011330268133135
02008121709542006110067052514603791340245122123
02008121709552004101768062616004661490317152165
02008121709552004104342065616504911620329162167
02008121709552004105897065916904901630327163164
02008121709552006100960074419005541800374185189
02008121709552006103043068918105080000000000160
02008121709552006103703075119305581810377183194
02008121709552006104434065716704901620328165163
02008121709552006104834071318405291720357178179
02008121709562005110165070318005231770346172174
02008121709562005110208066316105021650337168169
02008121709562006105124059215404381490289147142
02008121709562006106224068116905121710341169172
02008121709572003105495064415804861580328165163
02008121709572005102305069418105131680345174171
02008121709572005102401070319805051730332173159
02008121709572005110121069517605191670352178174
02008121709572006100538065316304901620328164164
02008121709572006103587066416904951650330173157
02008121709572006103660054815703911360255129126
02008121709572006104915065517004851640321000000
02008121709572006110119067517604991660333167166
02008121709582005101284069418505090000000000172
02008121709582006101590065616404921640328165163
02008121709582006104373052314303801330247125122
02008121709582006105624066016904911600331164167
02008121709592002107405053614303931340259127132
02008121709592004103065069117405171730344177167
02008121709592004103384000000000001260000121000
02008121709592005100297052614103851330252126126
02008121709592006100939052714203851320253126127
02008121709592006102488061516304520000000000149
02008121709592006102878050814003681250243120123
02008121709592006105469061516304521530299151148
02008121710002004103095052415203721250247121126
02008121710002004104693067817305051660339167172
02008121710002004105471052313703861350251129122
02008121710002004110063066416405001650335163172
02008121710002005102347065716004971580339165174
02008121710002005104224064915904901580332163169
02008121710002005110016066016504951590336163173
02008121710002006102352052013503851190266123143
02008121710002006102790065416004941610333160173
02008121710002006103604066216005021660336161175
02008121710002006104016068318005031650338169169
02008121710012002104020052013703831270256125131
02008121710012004110249063015004801470333164169
02008121710012005102263059514704481440304148156
02008121710012005103778062215604661510315150165
02008121710012006100412052614803781300248123125
02008121710012006100934052300000000000259126133
02008121710012006101610052013803821260256126130
02008121710012006101831077220605661960370187183
02008121710012006103476062316304601530307153154
02008121710012006104075052714603811330248125123
02008121710012006104240051213003821180264125139
02008121710012006104486062316304601540306152154
02008121710012006106135073118605451780367187180
02008121710012006109273000000003741300244122122
02008121710022001103671051512403911240267130137
02008121710022004104412051714003771290248121127
02008121710022004105427066417604880000000000154
02008121710022005105646051414203720000000000123
02008121710022006101229052213703851300255126129
02008121710022006101254054415303911370254128126
02008121710022006102874054214903931370256127129
02008121710022006104547065917004891660323163160
02008121710022006104874052113703841300254125129
02008121710022006105714054415203921380254129125
02008121710022006106310054314903941370257127130
02008121710032001104853052814503831340249125124
02008121710032003103177051814003781310247123124
02008121710032003106645000000000000000000000124
02008121710032004102548000000003731260247123124
02008121710032004105673069617605201700350175175
02008121710032005103782067816005181610357177180
02008121710032006100399074318605571820375183192
02008121710032006102505052114003811290252123129
02008121710032006102573063916804711640307156151
02008121710032006103657053514303921330259132127
02008121710032006103889070417105331740359177182
02008121710032006105796054014004001370263138125
02008121710032006106653052613603901310259130129
02008121710032006106836051613803781240254128126
02008121710032006110137064516804771620315161154
02008121710042001101840055714104161300286139147
02008121710042003102795054413704071350272133139
02008121710042003104374059715804391470292144148
02008121710042005102122000000000000000000000000
02008121710042006105556055116403871270260125135
02008121710042006106127053215703751300245121124
02008121710042006106449055016403861270259126133
02008121710052006101279072118005411820359184175
02008121710052006102813071018105291730356177179
02008121710052006103123078819505931960397188209
02008121710052006103368052415703671220245120125
02008121710052006104157070617805281730355176179
02008121710052006105526053815903791270252125127
02008121710052006106256076018905711870384182202
02008121710062004110139051413603781280250128122
02008121710062005102342050412903751200255122133
02008121710062005105437049612703691200249120129
02008121710062006101195053514203931280265131134
02008121710062006103212049812703711200251122129
02008121710062006104517054014103991300269131138
02008121710062006105054000013800001240000122000
02008121710062006106143060314604571490308156152
02008121710062006106400054314603971330264130134
02008121710072002106491064316604771530324162162
02008121710072006100960052013703831270256128128
02008121710072006102737050213103711230248120128
02008121710072006103703052013703831270256128128
02008121710082004106946065916704921620330154176
02008121710082005102692052013303871270260127133
02008121710082005105114000014900001350000000000
02008121710082006101221052213903831290254127127
02008121710082006101224067417704971660331164167
02008121710082006102014052714303841320252128124
02008121710082006102458054615603901360254125129
02008121710082006104067051113803731220251123128
02008121710082006104086066316804951550340166174
02008121710082006104770052914103881320256129127
02008121710082006104790052814103871320255128127
02008121710082006104834065816604921610331160171
02008121710092004101768063216604661510315154161
02008121710092004110145049912903701190251120131
02008121710092006101251051713303841240260128132
02008121710102006103053067116805031680335171164
02008121710102006104701069617005261700356180176
02008121710102006105818066616804981650333170163
02008121710112006103587000000000001380000129000
02008121710112006106224052913703921350257130127
02008121710112006106287065216204901570333163170
02008121710122005102305068317805051690336169167
02008121710122005110208067217704951680327166161
02008121710122006104915055315104021390263130133
02008121710132001102095070317705261730353170183
02008121710132004103065000013700000000000000000
02008121710132005102401069418005141730341180161
02008121710142005102263000000000000000263132131
02008121710142006102488053214803841350249127122
02008121710142006105469053300000000000000000000
02008121710152003107320070517305321760356182174
02008121710152004110249051813603821290253126127
02008121710152005103778051713603811280253126127
02008121710172003100566084522606192150404194210
02008121710172004105427053414203921320260131129
02008121710172006102622053815203861290257128129
02008121710172006104547052814003881320256128128
02008121710182004101755059014804421450297146151
02008121710182004103263067416705071730334164170
02008121710192003102915069317505181690349172177
02008121710192006104665067716605111710340169171
02008121710192006106651068217005121670345172173
02008121710202001103410065717104861610325161164
02008121710202002106491066217004921650327164163
02008121710202004106375073218405481850363183180
02008121710202005100397074218905531830370183187
02008121710202005100607069117305181700348173175
02008121710202006106349066717004971670330164166
02008121710212005101044080521005952000395199196
02008121710212005102155080820206061970409204205
02008121710222004102813080220505971990398197201
02008121710222005100667075519605591860373189184
02008121710222006101306079822405742000374191183
02008121710222006102472080721705901980392195197
02008121710222006106487069218405081780330165165
02008121710222006106763069118205091780331168163
02008121710232002100385068917305161700346172174
02008121710232005106101067316805051670338168170
02008121710232006105800068617405121690343170173
02008121710242005106223000000005331780355179176
02008121710242006101563070317405291700359176183
02008121710242006102770069716805291690360179181
02008121710242006105942070918005291760353174179
02008121710252005102052071418105331680365178187
02008121710312003102915052014703731290244122122
02008121710322001102114000017800001700000160000
02008121710322004100470068716905181700348171177
02008121710322006100195052812804001260274131143
02008121710322006100693052812804001260274130144
02008121710322006101975068416905151680347171176
02008121710322006101995065217204801670313162151
02008121710322006102871052412703970000000000142
02008121710322006105324070117005311700361179182
02008121710322006109278065217204801690311154157
02008121710332006101615066315805051660339164175
02008121710332006103333064816904791630316160156
02008121710332006104665057114604251400285143142
02008121710332006106651057514804271410286142144
02008121710342001103410053115603751270248120128
02008121710342004106375071818805301800350182168
02008121710342006106349063516304721540318158160
02008121710352002100385052314103821310251126125
02008121710352004102521071700000000000370000000
02008121710352004102813068816605221680354178176
02008121710352004103263053614703891270262132130
02008121710352005106101051213203801280252123129
02008121710352006105800055014704031370266136130
02008121710362003110093061015104591470312151161
02008121710362006100090080021205881960392197195
02008121710362006105122060715204550000000000160
02008121710372005100607053414403901300260132128
02008121710372006102273075419505591810378185193
02008121710372006102919078520005851890396198198
02008121710372006103269077519805771900387195192
02008121710372006106234065715605011590342163179
02008121710372006106487058616104251420283143140
02008121710372006106763058416104231420281141140
02008121710382003107368059317404191360283140143
02008121710382005106223053414703871350252127125
02008121710392005100667072318205411740367182185
02008121710392005102155078420705771930384195189
02008121710392006101563055615004061380268131137
02008121710392006102770000000003811270254124130
02008121710392006104413067717405031670336168168
02008121710392006105942052214003821260256124132
02008121710402006101014061117604351490286145141
02008121710422004105241064816304851570328159169
02008121710422005110178068118005011690332166166
02008121710422006101842064515804871650322164158
02008121710422006103913064515904861640322165157
02008121710422006105527061315504581510307156151
02008121710422006106607078719905881990389197192
02008121710442004102790060515404511470304149155
02008121710442004103498067618004961720324162162
02008121710442005102240067617205041690335165170
02008121710452001110135051413503791260253127126
02008121710452002106707051213403781270251126125
02008121710472002105437073120305281840344175169
02008121710472006101615073020205281820346178168
02008121710482001102114000000000000000000000000
02008121710482004102521000000000000000000000000
02008121710482006103333064616504811690312158154
02008121710492004102813000000005181720346170176
02008121710502003107368052914103881330255127128
02008121710502006103269069917905201680352173179
02008121710512005100831065517704781630315157158
02008121710532006101014055816903891350254126128
02008121710542003110093053013603941310263133130
02008121710542004105241052914603831350248123125
02008121710572005105519076919305761790397195202
02008121710572006100090071118205291770352177175
02008121710572006106877070018405161720344169175
02008121710582005110178065716904881600328163165
02008121710582006102919081721106061920414205209
02008121711032004100495064919404551790276143133
02008121711032005105640067419404801780302159143
02008121711092004106082079320305901910399190209
02008121711102004103171074519105541820372188184
02008121711112004102827078920005891890400196204
02008121711162006105275055214304091370272137135
02008121711222004106082072217805441770367182185
02008121711232004102827074119005511800371184187
02008121711232004103171070217305291740355177178
02008121711282006102683080919906102010409203206
02008121711342004102827070918005291690360176184
02008121711352004103171071417705371800357179178
02008121711362004106082067816405141720342170172
02008121711402006102683079619606001960404202202
