12018022206592014103288059716104361540282144138
12018022207002011105062051613703791250254122132
12018022207002012105830053815003881360252125127
12018022207002014100905064316004831580325160165
12018022207002014103392053214803841310253126127
12018022207002014105265055615204041410263135128
12018022207002014105983052214103811350246123123
12018022207002015100189055815404041430261135126
12018022207002015101212066617504911650326161165
12018022207002015101447069618905071790328167161
12018022207002015102395065816904891620327166161
12018022207002015102694066717404931670326163163
12018022207002015103007055314804051510254131123
12018022207002015104857054914304061450261135126
12018022207002015105498069318005131700343172171
12018022207012010200007071219305191780341178163
12018022207012012101386052313803851300255125130
12018022207012013101616051414003741280246123123
12018022207012013105880063817804601620298150148
12018022207012013106322066217904831580325159166
12018022207012014102032052213703851320253127126
12018022207012014102305066718004871680319155164
12018022207012014104508068717805091740335168167
12018022207012014105658052814703811310250124126
12018022207012014105787053615103851340251124127
12018022207012014106079068818405041730331167164
12018022207012015100084055114304081360272130142
12018022207012015100245055014904011410260129131
12018022207012015102035053614703891310258126132
12018022207012015102135067317904941740320154166
12018022207012015102217060916504441600284152132
12018022207012015104163054214803941400254125129
12018022207012015104863055014904011420259129130
12018022207012015105072062616204641610303162141
12018022207012015105913053814603921370255124131
12018022207012015110064051613003861330253126127
12018022207022011103132054714704001360264134130
12018022207022014105598057015804121470265138127
12018022207022014106251052314103821300252124128
12018022207022015100183067917905001700330163167
12018022207022015100964055515204031450258136122
12018022207022015101482053714503921250267127140
12018022207022015101580054514803971380259133126
12018022207022015101616057015504151440271138133
12018022207022015101618064716704801620318162156
12018022207022015102140066717504921600332164168
12018022207022015102499068418005041740330166164
12018022207022015102604054414603981390259131128
12018022207022015102797057616304131420271134137
12018022207022015102846055615703991420257132125
12018022207022015103840054814804001390261131130
12018022207022015104387054515203931370256129127
12018022207022015104979054515203931370256129127
12018022207022015105966072019305271770350175175
12018022207022015106262053014103891250264128136
12018022207032012104104075221705351940341185156
12018022207032013100063063117304581620296151145
12018022207032013100386073420105331930340184156
12018022207032013101765072621505111890322168154
12018022207032013104902067017704931720321166155
12018022207032013105588069919105081750333171162
12018022207032013106218075021805321920340184156
12018022207032014101979073121505161900326168158
12018022207032015100635066816505031660337170167
12018022207032015100637054414004041460258128130
12018022207032015102273055914804111420269135134
12018022207032015103520067217105011640337167170
12018022207032015105192058915804311490282142140
12018022207032015105371069517805171730344174170
12018022207042012110058050913703721200252122130
12018022207042013105387064616604801600320160160
12018022207042013105969052715003771320245122123
12018022207042014106068067719304841690315160155
12018022207042015100341063415504791460333161172
12018022207042015100607070018805121810331163168
12018022207042015100857067717904981690329164165
12018022207042015102352073819305451810364171193
12018022207042015103218067418604881780310158152
12018022207042015103338066117104901660324160164
12018022207042015104925068217605061630343170173
12018022207042015105053066817404941690325162163
12018022207052008103192063117404571580299151148
12018022207052012106358054916203871420245123122
12018022207052013105537060916204471570290145145
12018022207052013106015067217804941700324164160
12018022207052014100549073518805471830364186178
12018022207052014105520065216304891630326167159
12018022207052014105778063117104601510309153156
12018022207052015102843068218005021670335172163
12018022207052015104908066717804891690320158162
12018022207052015104942062116004611560305152153
12018022207052015106286062116704541550299147152
12018022207062010104256066317604871690318162156
12018022207062013110024056016303971420255127128
12018022207062014105362067317904941660328165163
12018022207062015100140066317204911620329160169
12018022207062015100527067617605001650335163172
12018022207062015100529056415404101450265135130
12018022207062015101826071020005101760334169165
12018022207062015101856064317404691560313156157
12018022207062015102814056515404111450266134132
12018022207062015104386068219004921690323169154
12018022207072010101326054114403971370260128132
12018022207072013103671059815904391510288144144
12018022207072013105898070518405211800341173168
12018022207072014105517053214203901390251126125
12018022207072014105970053214103911390252127125
12018022207072015100700066916805011670334165169
12018022207072015103767070718205251730352170182
12018022207072015104842052814503831350248123125
12018022207072015105383063616804681530315155160
12018022207072015106187053915803811320249123126
12018022207082013105707067618204941690325162163
12018022207082014102897069819405041670337175162
12018022207082014103866069018005101750335170165
12018022207082014106117068418105031710332170162
12018022207082015101554073320905241810343174169
12018022207082015102304070218005221720350172178
12018022207082015102825063716404731540319153166
12018022207082015103357062815804701510319157162
12018022207082015103610064216304791570322161161
12018022207082015103694071718705301810349174175
12018022207082015104596065416304911650326162164
12018022207082015105898064917904701670303154149
12018022207092010103248059817004281530275139136
12018022207092010104510065517204831580325161164
12018022207092014101491054314403991410258132126
12018022207092014103551064717204751600315156159
12018022207092014106248062717004571550302149153
12018022207092015100443055215403981360262129133
12018022207092015100597062916104681540314155159
12018022207092015101997069418605081730335167168
12018022207092015103063057515604191450274139135
12018022207092015103579065417604781640314156158
12018022207092015104176055114404071370270139131
12018022207102015102186065516304921620330162168
12018022207112014101226066916805011620339168171
12018022207112014104076053615303831340249123126
12018022207112015106468070818205261740352174178
12018022207122013101445054514104041410263131132
12018022207122013104167059616804281460282135147
12018022207122015100887062015704631560307152155
12018022207122015102437071019305171760341170171
12018022207122015103079070419105131730340172168
12018022207132012106040069517505201750345174171
12018022207132013103395066016804921720320159161
12018022207132013105114055214804041370267135132
12018022207132014101272055914404151420273137136
12018022207132015103687059315904341430291145146
12018022207142015100507053413803961330263128135
12018022207142015101665053113903921330259126133
12018022207142015103660069618005161800336170166
12018022207142015103661070619605101750335170165
12018022207152013104077066917904901610329167162
12018022207152013105093070718305241740350179171
12018022207152015101571075919205671950372187185
12018022207152015105966057215404181420276144132
12018022207162012104781068018604941700324166158
12018022207162013101765056015904011440257131126
12018022207162013102503052913403951320263130133
12018022207162013106218056415204121470265134131
12018022207162014103710066017504851610324161163
12018022207162015100919066616105051640341169172
12018022207162015102034068918805011740327159168
12018022207162015102396068717205151730342171171
12018022207162015102448067916805111660345170175
12018022207172011104612073819705411850356183173
12018022207172013101822076121305481890359185174
12018022207172014104647067118204891650324161163
12018022207172015101830065617504811660315161154
12018022207172015102570059915804411510290147143
12018022207172015103108055615304031430260129131
12018022207172015105152055515304021430259129130
12018022207172015106201072319305301760354182172
12018022207172015110066066917304961650331162169
12018022207182013102470062917204571580299146153
12018022207182013105366066217304891680321162159
12018022207182014103586069919905001770323161162
12018022207182014105320070020204981800318159159
12018022207182014105933068319004931690324165159
12018022207182015101549066618104851580327162165
12018022207182015102202070519705081840324170154
12018022207182015102384071219905131800333174159
12018022207182015103409068317905041680336168168
12018022207182015103640064417004741620312159153
12018022207182015104837065018004701690301153148
12018022207192012105899056314504181430275137138
12018022207192013102631066217704851620323159164
12018022207192014101569067420404701710299154145
12018022207192014103387072919505341820352181171
12018022207192014104304065716704901670323160163
12018022207192015102483059515104441510293148145
12018022207192015102583063517704581590299149150
12018022207192015104690054914204070000000000131
12018022207202009103514055915804011350266132134
12018022207202014104261065417204821620320158162
12018022207202014105356068221304691600309152157
12018022207202015102236056815804101400270133137
12018022207202015103261069718205151760339172167
12018022207202015104375053714103961370259130129
12018022207202015106030062516104641560308153155
12018022207212012100407066518304821590323163160
12018022207212012106262063616704691540315155160
12018022207212013103160064215904831640319157162
12018022207212014102198056915704121440268132136
12018022207212015103053070518905161740342174168
12018022207212015105251071318105321700362178184
12018022207222010104551066617104951630332163169
12018022207222011105889067518004951630332164168
12018022207222012105157068519104941700324162162
12018022207222013104055076621605501940356181175
12018022207222014102149061815504631560307155152
12018022207222015102979062315504681460322157165
12018022207242013103772064517404711560315150165
12018022207242015100222069117405171680349165184
12018022207242015103336053914503941380256127129
12018022207242015103354054714803991380261129132
12018022207252013110068071818405341810353177176
12018022207252014105934064217904631630300153147
12018022207252015106219068317505081650343167176
12018022207262012102017068717805091700339171168
12018022207262012104780051412703871270260127133
12018022207262015100777054114203991370262129133
12018022207262015101540067917805011770324160164
12018022207262015101994057515304221500272140132
12018022207262015103019055114304081390269129140
12018022207262015103209066418004841710313157156
12018022207262015103578067518104941620332163169
12018022207262015106325059915104481540294148146
12018022207272013100315067517804971730324169155
12018022207272013101713059815704411460295146149
12018022207272015101155066116604951610334164170
12018022207272015102665068417605081730335173162
12018022207272015104754069319105021720330172158
12018022207282013105917061716104561540302151151
12018022207282015100178067116405071700337168169
12018022207282015100524066317404891720317162155
12018022207282015101633067016405061680338170168
12018022207282015102093064816904791620317157160
12018022207282015105378058716704201520268135133
12018022207292013103962066117604851610324152172
12018022207292014101342068419804861820304162142
12018022207302014109137075719505621840378189189
12018022207302015101593054714204051450260134126
12018022207312011103348072219305291770352177175
12018022207312013105976062916704621530309152157
12018022207312014104841064416804761570319160159
12018022207312014106092063616404721610311155156
12018022207322015100377061815904591510308155153
12018022207332015105439062418604381560282143139
12018022207342012104759064516204831610322160162
12018022207342014105798063215004821420340173167
12018022207372010102884069418505091710338175163
12018022207372013110046070719005171790338177161
12018022207372014110056055815804001400260130130
12018022207372015105155069818405141780336173163
12018022207382013106162056016203981460252126126
12018022207382014105779067818504931730320159161
12018022207382015101561054715303941450249127122
12018022207382015102498055215403981450253130123
12018022207382015104478055716403931440249125124
12018022207382015106136068818205061720334167167
12018022207392012105609066116904921690323164159
12018022207402012102017052314003831370246125121
12018022207402012102486054415503891330256125131
12018022207412013105109072420205221840338177161
12018022207412015100561058915604331540279140139
12018022207412015101961070419305111750336170166
12018022207412015102842066718704801690311155156
12018022207422012105305063917204671670300154146
12018022207422013105705072519305321810351175176
12018022207422015100391064318004631640299149150
12018022207422015106172053814903891350254124130
12018022207442012105828069617105251700355177178
12018022207442015102891067617205041700334169165
12018022207462012103211066218004821700312161151
12018022207462013103727066017104891680321160161
12018022207462014105435066718704801590321159162
12018022207472013102941064518204631550308153155
12018022207472015100671068318305001710329168161
12018022207472015101553072018905311800351177174
12018022207472015103606066117304881640324162162
12018022207472015110106066917704921640328163165
12018022207482013105355072919905301870343172171
12018022207482014100656064316904741580316155161
12018022207482014102411066518104841610323162161
12018022207482015103243060916004491550294144150
12018022207482015105423064916204871590328161167
12018022207492012103508070518905161770339172167
12018022207492015102558055114604051480257135122
12018022207492015103157065916704921590333164169
12018022207522013101446066818304851690316159157
12018022207542012102277068218304991720327166161
12018022207552014100870073019205381770361182179
12018022207552014101898073218705451830362183179
12018022207552014103150073720405331820351176175
12018022207552015101678071519005251760349173176
12018022207562011103410057315604171450272140132
12018022207562014105125067516905061680338168170
12018022207562015102749067817105071690338172166
12018022207562015103981066716705001660334169165
12018022207572012100086067717205051770328166162
12018022207572014106191065118104701570313156157
12018022207582013106315071719205251810344169175
12018022207582015100405068817505131760337166171
12018022207582015104024064816904791610318158160
12018022207582015105767068817605121710341171170
12018022208022012110068059714804491520297149148
12018022208222010103225057515304221560266137129
12018022208232013102825054615303931440249129120
12018022208232013104956055015403961390257133124
12018022208232013105832056015804021430259133126
12018022208232014100465053915103881430245125120
12018022208232014103040056515904061410265132133
12018022208232014103978054915003991420257128129
12018022208232015101397054715903881340254126128
12018022208242015101693055314804051320273128145
12018022208242015103487056014804121330279131148
12018022208252014101336068317005131770336169167
12018022208252014104511059015404361460290146144
12018022208272013103679055115104001420258128130
12018022208272014100407055115104001420258128130
12018022208272015103949067818204961670329168161
12018022208282015104713053213903931360257128129
12018022208282015104974053013703931370256125131
12018022208282015105166070117405271760351176175
12018022208292013105948052414303811340247123124
12018022208292014101173053014603841360248125123
12018022208292015100622066317604871680319162157
12018022208292015101052065517604791650314162152
12018022208292015101873053214803841350249122127
12018022208292015104742053014903811340247122125
12018022208302013106012066318804751670308156152
12018022208302014104927066116904921640328164164
12018022208302014105759065017404761620314155159
12018022208312014105805072519005351810354175179
12018022208312015106500055914704121470265134131
12018022208332012103379056619103751270248121127
12018022208332014103031064417104731620311157154
12018022208342011103071069919605031730330165165
12018022208372010105860061416404501510299151148
12018022208372015104818054715403931430250125125
12018022208452010102603073821605221850337173164
12018022208452015101385074222105211850336176160
12018022208452015104338073522105141820332180152
12018022208472013101145073619505411840357179178
12018022208472014103031062716204651540311157154
12018022208492013102041057315204211470274143131
12018022208492015102533068617205141790335169166
12018022208512015104868070319505081730335171164
12018022208522012105689063817404641570307155152
12018022208532013105316065817204861660320160160
12018022208532015101622072218305391760363181182
12018022208532015105977065016004901650325163162
12018022208552010100540069718305141760338170168
12018022208552014104369066416504991680331165166
12018022208552015103402073318405491760373185188
12018022208572013106446066817304951660329165164
12018022208572014102689067016505051700335170165
12018022208572015101981077119905721910381194187
12018022208572015103077064616104851530332166166
12018022208572015105392068617105151740341174167
12018022208572015106390066918504841700314159155
12018022208582015105882068717805091710338170168
12018022209002013101145072019305271790348175173
12018022209042015109037066319104721750297153144
12018022209062015100672071319805151750340171169
12018022209082014101058075722405331860347181166
12018022209092013103082066416405001690331165166
12018022209092013103801066115505061700336170166
12018022209112015100772077020405661940372187185
12018022209122010105786075221405381860352181171
12018022209122013104699068319104921750317158159
12018022209122015102218073522205131840329170159
12018022209172013104776055615304031450258131127
12018022209172013105576074320205411960345184161
12018022209172015103808066917404951620333168165
12018022209172015106403065517104841670317165152
12018022209182011100590066518004851690316160156
12018022209182012106074064418104631590304149155
12018022209182014103521058415604281480280139141
12018022209182015102355075422005341940340176164
12018022209192011104222070217305291780351171180
12018022209192015105301065617604801700310157153
12018022209202014100482063517904561610295150145
12018022209202014105073064316604771600317159158
12018022209212015102639073918805511820369186183
12018022209212015103279069818805101740336171165
12018022209222013103475061316104521470305145160
12018022209222013103497065216304891530336165171
12018022209222015104417068018005001720328169159
12018022209222015105176068018204981710327168159
12018022209222015105734069517205231740349176173
12018022209422011104182053214203901380252132120
12018022209422012104853054114004011470254130124
12018022209422014100616054515103941390255126129
12018022209422014104092053414803861360250124126
12018022209422015100949055215004021420260133127
12018022209422015101391054214803941400254128126
12018022209422015104393055114804031460257133124
12018022209422015105948052414703771350242120122
12018022209442015103567065917204871720315160155
12018022209442015105941067217404981810317154163
12018022209462013103232054014803921330259129130
12018022209462014103284065617704791630316162154
12018022209462015104566117129408772850592290302
12018022209472015100122063016904611610300152148
12018022209482012104128052115003711230248120128
12018022209482014105681071617805381770361184177
12018022209482015110017051214703651230242119123
12018022209492014100120054014703931390254128126
12018022209492015106379069319205011750326165161
12018022209492015110032066216904931610332166166
12018022209512012101393067418904851690316162154
12018022209512015104364057415804161450271138133
12018022209542015106304060614904571520305148157
12018022209552015103106053314703861390247123124
12018022209552015103109053314803851370248125123
12018022209562013103823067917605031680335167168
12018022209562013104799064116304781680310155155
12018022209562013105352071917705421870355185170
12018022209572014101129065116404871600327162165
12018022209572015103616071619805181730345175170
12018022209582015100632066016804921680324167157
12018022209582015106315065117004811640317161156
12018022210012015103190056016303971430254129125
12018022210022014102844055215303991430256133123
12018022210032013101817065118804631630300148152
12018022210032015100218068818405041770327169158
12018022210092013105936067318404891700319165154
12018022210112013104602053214303891290260125135
12018022210212015105768066818104871680319159160
12018022210252015102800071119705141800334171163
12018022210252015103841068118704941700324164160
12018022210262014100951068517505101720338173165
12018022210482014102190067517604991750324160164
