02011061903582008103590075520605491870362187175
02011061903592004101772068316805151720343172171
02011061903592006104157065117004811610320161159
02011061903592007103208056415704071400267134133
02011061903592008105701074919905501790371184187
02011061903592008106350063217904531590294152142
02011061903592009100666056515704081400268135133
02011061903592009101499062017104491530296152144
02011061904002004101267074218605561810375187188
02011061904002004104470067617105051640341170171
02011061904002005102302072819305351790356179177
02011061904002005102698076620405621890373186187
02011061904002007103172067817904991680331165166
02011061904002007104370077120205691910378191187
02011061904002008100931076620405621880374186188
02011061904002008101808084322206212110410212198
02011061904002008102488073519005451850360178182
02011061904002008102667000018200001770000172000
02011061904002008102748070817405341720362181181
02011061904002008103368071217705351700365177188
02011061904002008103849067317105021640338168170
02011061904002008104649076520305621820380182198
02011061904002008104779070817805301710359177182
02011061904002008105182076619905671850382182200
02011061904002008105840073619505411830358176182
02011061904002008106628076220305591890370186184
02011061904002008109018073518905461870359178181
02011061904002009100853073818305551760379183196
02011061904002009101920062317204511440307149158
02011061904002009104264069218005121700342171171
02011061904012003100055071619205241800344177167
02011061904012003110080070419005141710343172171
02011061904012006102019076219805641910373187186
02011061904012006106442070219105111810330168162
02011061904012007101000073719905381860352178174
02011061904012007102771068016705130000000000172
02011061904012007104333066016804921620330167163
02011061904012008100598065816704911620329162167
02011061904012008101748070816705411760365178187
02011061904012008104964072117705441840360181179
02011061904012008105560066316804951660329163166
02011061904012008105668071118605251750350173177
02011061904012008109031072418505391800359182177
02011061904012008110048067316805051640341169172
02011061904012009101455068117305081640344170174
02011061904012009103663067017404961690327166161
02011061904012009105693067017404961690327166161
02011061904012009105996068017405061630343171172
02011061904022006101047058515404311440287143144
02011061904022006103369069518705081700338165173
02011061904022006106132069218705051690336164172
02011061904022007106152069718705101710339164175
02011061904022008100596071418705271790348177171
02011061904022008101113073920005391830356182174
02011061904022008101820077220505671940373178195
02011061904022008102449070618405221740348172176
02011061904022008102925068618205041730331162169
02011061904022008103088076418705771860391189202
02011061904022008103618074919105581840374183191
02011061904022008106116074518605591840375187188
02011061904022008106265076819505731830390196194
02011061904022009100358075318705661810385186199
02011061904022009100677077817905991870412203209
02011061904022009100876079120305881970391196195
02011061904022009102554072019605241760348174174
02011061904022009104180075519405611850376192184
02011061904022009104861071218505271770350171179
02011061904032006103559082321006131980415209206
02011061904032007105905064716904781580320156164
02011061904032008102477071019105191780341175166
02011061904032008102692081320806052050400202198
02011061904032009101651069117605151630352173179
02011061904032009101752069717705201700350179171
02011061904032009101792069919405051680337159178
02011061904032009102695077518905861890397200197
02011061904032009105241065716504921630329165164
02011061904032009105385070317605271730354178176
02011061904042005105254073719205451810364184180
02011061904042005105564073518705481790369183186
02011061904042006105344075019605541890365186179
02011061904042008101012069517705181680350173177
02011061904042008103393075118805631730390188202
02011061904042008106111055015503951390256130126
02011061904042008106386075719105661840382189193
02011061904042009100729075519105641920372189183
02011061904042009101102075119105601860374185189
02011061904042009101931075219005621870375186189
02011061904042009103261077319305801890391195196
02011061904052006101489069617005261660360175185
02011061904052006103043069117805131770336169167
02011061904052008100342072618105451790366180186
02011061904052008100561077020805621880374190184
02011061904052008105087077620605701990371184187
02011061904052009100746076820405641890375190185
02011061904052009104874070417605281700358177181
02011061904052009105726070218105211690352176176
02011061904062008105390070119605051810324180144
02011061904062009105030066620404621780284158126
02011061904072005100696068617805081690339172167
02011061904072005102606067718404931610332167165
02011061904072005110134070318505181700348174174
02011061904072006102910069518705081680340166174
02011061904072006104486074419305511780373183190
02011061904072007102810070919005191730346171175
02011061904072008100032069017105191800339169170
02011061904072008103992067016905011670334163171
02011061904072009105854070719005171730344171173
02011061904082008103590070217605261810345177168
02011061904092006102116000041500003550000358000
02011061904102006103053000000005061680338166172
02011061904102006104838055115203991430256130126
02011061904102007104849070518705181760342170172
02011061904102008100543054014703930000000000131
02011061904102008100655073718905481830365182183
02011061904102008102638054915103981420256127129
02011061904102008102905053114403870000000000130
02011061904102008110071053714703901340256125131
02011061904112008102359069416605281670361169192
02011061904122003104374072119505261800346173173
02011061904122004104470054614304031330270135135
02011061904122006104115070318705161680348178170
02011061904122006105356053115103801310249125124
02011061904122008102929068817405141650349174175
02011061904122009102467055114604051370268134134
02011061904122009105244055214604061380268133135
02011061904122009105263054014403961300266132134
02011061904122009106573067817805001660334179155
02011061904132004101772000014000001380000122000
02011061904142006102019060117404271520275141134
02011061904142006109273057717504021500252127125
02011061904142007103172053814903891360253129124
02011061904142007106497068117305081660342174168
02011061904142008104476073619305431840359173186
02011061904142008105717056616604001440256129127
02011061904142009100949067517205031640339169170
02011061904142009101455066417204921650327157170
02011061904142009104390072618705391790360174186
02011061904142009105996066317304901640326158168
02011061904152008105840057716304141440270138132
02011061904152009104264066416205021600342168174
02011061904162003110080065617104851630322164158
02011061904162006103369055915304061400266132134
02011061904162006106132055915404051380267132135
02011061904162008102477064416104831630320169151
02011061904162008102748056514804171390278138140
02011061904162008104779057315204211470274134140
02011061904162008105224067817405041720332170162
02011061904162008106574000015500001470000131000
02011061904162008109018073018405461860360179181
02011061904162008109031062516604591550304151153
02011061904172005110153081622105952030392194198
02011061904172006101224067817305051670338171167
02011061904172006105344050613403721220250121129
02011061904172007101000055715104061260280133147
02011061904172008103190077719505821900392200192
02011061904172008106076073519105441770367186181
02011061904172009100729000013600001220000121000
02011061904182004103636071518505301790351180171
02011061904182008100596068817805101670343174169
02011061904182008102449070217505271680359177182
02011061904182008103088070817605321740358175183
02011061904182008104255058316104221490273139134
02011061904182008105051065018104691480321158163
02011061904182008106145068618005061680338168170
02011061904182009101792069217005221790343177166
02011061904182009103839074819005581900368193175
02011061904182009104568065018104691480321157164
02011061904182009104768074119205491880361191170
02011061904192005103856063016804621570305156149
02011061904192005105254054915103981400258130128
02011061904192008106348073418905451790366174192
02011061904192008106386055215104011410260131129
02011061904192009101213056615304131410272134138
02011061904192009101752062215704651560309154155
02011061904192009102044056515304121410271134137
02011061904192009105385061815204661570309154155
02011061904202005105564070716505421690373183190
02011061904202005105737074419205521860366185181
02011061904202006102910064816704811620319157162
02011061904202006104486058716004271430284141143
02011061904202008100032065417004841620322162160
02011061904202008100561057015204181500268144124
02011061904202008100960068317505081680340169171
02011061904202008104138078720005871980389196193
02011061904202008105087058415804261420284145139
02011061904202009100746057915104281500278150128
02011061904202009102903071917705421810361181180
02011061904202009103695074119105501820368182186
02011061904202009105753073519205431810362181181
02011061904202009105901000000005431820361179182
02011061904202009106618074819205561730383190193
02011061904212007100747053915203871390248126122
02011061904212007101781081019606142010413202211
02011061904212008100590082120206192010418211207
02011061904212008102692065217404781620316155161
02011061904212008102821060215604461530293000000
02011061904212008102999060916104481530295150145
02011061904212008104251058515404311440287148139
02011061904212008104636075420505491910358182176
02011061904212009100854057915604231470276143133
02011061904212009101174000000004351530282143139
02011061904212009101615059300000000000282000000
02011061904212009103260000015400001490000142000
02011061904212009105316057915504241470277144133
02011061904222005102606055600000000000000000127
02011061904222005110134060416204421490293146147
02011061904222007102810066817604921640328160168
02011061904222008106240071218505271810346177169
02011061904222009105854054215703851350250125125
02011061904232006102116058518703981460252127125
02011061904242007102537072618605401780362179183
02011061904242007103965064516704781560322160162
02011061904242008101235064817204761630313162151
02011061904242008102076056615004161440272142130
02011061904242008105163077719305841930391196195
02011061904242009101261056314904141440270141129
02011061904252008100273000019100000000000000000
02011061904252008102359064015504851560329158171
02011061904252008102867062616504611520309153156
02011061904262007102495067117204991680331167164
02011061904262007106233067817605021690333170163
02011061904262008100041067117404971740323167156
02011061904262008100788058815904291480281137144
02011061904262008102630054415603881390249125124
02011061904262008102932067217205001680332166166
02011061904272006101434065017104791610318158160
02011061904272008104476057316004131430270134136
02011061904272009104390067717705001710329167162
02011061904282008103382085721906382090429214215
02011061904282008103992064516804771590318158160
02011061904292006105353058415204321400292146146
02011061904292008103190068617405121750337172165
02011061904292009102205068818205061720334165169
02011061904292009103090000018200001700000167000
02011061904292009104736068118105001700330168162
02011061904302008100355071618505311790352177175
02011061904312004103636067616405121690343172171
02011061904312008105339074819005581820376187189
02011061904322004105564080320206012000401202199
02011061904322007102535060317704261550271139132
02011061904322007104988065416704871620325155170
02011061904322008100274068717205151660349170179
02011061904322008100485065416704871630324156168
02011061904322008101708074219305491870362184178
02011061904332004104762081219006222000422213209
02011061904332008100960068617405121720340171169
02011061904332008104972066017604841700314165149
02011061904332009106299081019106191960423214209
02011061904342008106240059416404301460284141143
02011061904362007105028071717705401730367183184
02011061904362008100736072617705491770372185187
02011061904372008101593070517205331700363180183
02011061904372008104636054014403961290267132135
02011061904372009105761063715904781590319160159
02011061904372009105790063315804751570318159159
02011061904382007103965056715304141380276135141
02011061904392007102537069818005181700348173175
02011061904392008105845069717405231770346180166
02011061904402006101655070918305261790347173174
02011061904402008101314076321005531920361183178
02011061904402008102979066117604851670318158160
02011061904402008103131066217804841650319160159
02011061904402009100324076821105571940363183180
02011061904402009104206071018305271780349175174
02011061904402009105591071018305271780349174175
02011061904412005101356067717904981710327163164
02011061904412005105420070318405191720347173174
02011061904412007102495062616004661610305149156
02011061904412007106233054214803941360258130128
02011061904412008102839069818305151730342172170
02011061904412008102932054514903961360260132128
02011061904412008103184072418705371810356180176
02011061904412009103099070618305231740349173176
02011061904422008100041068016905111790332168164
02011061904422008103294054514603991360263133130
02011061904422009102396054614604001370263133130
02011061904422009105410054614604001370263132131
02011061904432006101443075019605541900364183181
02011061904442007100091071218505271730354178176
02011061904452008103332069717305241720352175177
02011061904452008104253070017505251730352175177
02011061904452008106478070218105211720349175174
02011061904452009100472069117205191720347172175
02011061904452009101517070518405211770344177167
02011061904452009103002069017205181720346171175
02011061904452009103230069117305181710347172175
02011061905072007100100073218505471820365184181
02011061905082008102165060816904391520287142145
02011061905082008102634061516704481520296147149
02011061905082008106569063316904641550309152157
02011061905092004101071070717905281690359175184
02011061905092006101015071918005391760363181182
02011061905092007100642072818305451780367184183
02011061905092007101245068517705081630345168177
02011061905092007101909069818005181750343167176
02011061905092007102508067617105051670338166172
02011061905092007102689065716604911590332163169
02011061905092008100093070117505261700356179177
02011061905092008100465070518605191780341169172
02011061905092008101737063116104701540316158158
02011061905092008102865066116804931540339165174
02011061905092008103262067617605001680332165167
02011061905092008104387075819205661950371190181
02011061905092008106054075818305751830392193199
02011061905092008106189071917305461820364172192
02011061905092008106304066317604871620325163162
02011061905092009100536067017304971570340163177
02011061905092009103361069818105171730344172172
02011061905092009103566071118105301740356170186
02011061905092009103824067617505011670334169165
02011061905092009104830069618005161740342173169
02011061905102005110159000000005051660339168171
02011061905102006103128072720505220000000000000
02011061905102007110035069017505151720343173170
02011061905102008100466058815504331440289142147
02011061905102008100939068618005061720334169165
02011061905102008101314070616905371780359185174
02011061905102008103169070718205251750350176174
02011061905102008103174068717005171680349176173
02011061905102008105678069918605131740339169170
02011061905102008109124067216505071620345167178
02011061905102008200004070217105311720359178181
02011061905102009100298069917105281670361175186
02011061905102009100324070616905371730364187177
02011061905102009100992069116405271700357176181
02011061905102009102390068017405061650341170171
02011061905102009103754068417105131680345168177
02011061905102009105157068917505141710343170173
02011061905112004102927053315003831330250127123
02011061905112005100122072618805381810357183174
02011061905112006102441066016304971630334162172
02011061905112006103787073517605591880371188183
02011061905112007102122057515904161390277138139
02011061905112007104213067616805081660342168174
02011061905112007104725059715904381520286144142
02011061905112007106428068016205181660352174178
02011061905112008101137067215805141600354174180
02011061905112008101598061715904581540304151153
02011061905112008102283069017505151740341168173
02011061905112008103640067817505031660337172165
02011061905112008104341071717505421830359182177
02011061905112008104373066616405021650337166171
02011061905112008106101070618505211730348172176
02011061905112008106499072718605411840357184173
02011061905112009103337068416505191660353176177
02011061905112009103373000019200001920000208000
02011061905112009105137000000005101600350172178
02011061905112009106058072918305461800366185181
02011061905112009106858068916505241700354176178
02011061905122005100667081620006162010415207208
02011061905122006100252083021706132070406209197
02011061905122006102919086721706502110439216223
02011061905122007103662056914904201410279139140
02011061905122008101622058916604231470276140136
02011061905122008101703086921406552110444213231
02011061905122008102611085721106462010445221224
02011061905122008103559075420105531840369185184
02011061905122008104275052214903731280245121124
02011061905122008105561076120205591880371186185
02011061905122008105850059316404291470282140142
02011061905122008106529060215904431490294147147
02011061905122009109192066517204931670326166160
02011061905132005100674087122206492150434217217
02011061905132005110195066117304881630325163162
02011061905132006102859068516705181670351172179
02011061905132006105160089722206752280447240207
02011061905132006106144094022607142320482238244
02011061905132007102864061619204241430281139142
02011061905132007106814000017000001700000160000
02011061905132008101092085920506542080446227219
02011061905132008104901079817706211940427218209
02011061905142006103167069017905111680343169174
02011061905142006110096069117905121690343168175
02011061905142007102067073518905461860360178182
02011061905142007110047068117305081660342169173
02011061905142008100759064516704781600318156162
02011061905142008102873069017805121680344167177
02011061905142008103756068216905131660347172175
02011061905142008105287072818405441820362183179
02011061905142009101347063617904571580299151148
02011061905142009101643063718004571580299153146
02011061905142009101670000000004251650260129131
02011061905142009109210058717104161540262128134
02011061905152006104088076920105681920376191185
02011061905152008101949057614604301450285143142
02011061905152008102070075120105501760374183191
02011061905152008106388067118104901640326164162
02011061905152008109007057714704301460284142142
02011061905152009103705058815604321400292140152
02011061905152009104120058915704321400292141151
02011061905162005101110069617205241700354175179
02011061905162007102345054613304131310282134148
02011061905162007105603076219905631880375191184
02011061905162008103867065416704871500337162175
02011061905172007106500068117705041720332167165
02011061905172008101163056315004131400273137136
02011061905172008104874000015100000000000000000
02011061905172009102412058815704311450286148138
02011061905172009102969058715604311460285147138
02011061905172009103607058414604381450293151142
02011061905172009105204057415204221430279140139
02011061905172009106455058214504371450292151141
02011061905182005100825057515904161460270135135
02011061905182008101489068317405091670342168174
02011061905182008104842069819005081700338172166
02011061905182008106704064618304631580305154151
02011061905182008109068061515804571540303151152
02011061905182009103909057216004121460266134132
02011061905192008106008063416904651570308153155
02011061905202005106637066818604821630319166153
02011061905202005109321064517304721610311155156
02011061905202007100100064516204831610322165157
02011061905202009100905061416504491480301149152
02011061905202009102051066817804901690321160161
02011061905202009103645064117304681540314159155
02011061905212008100190073420105331820351180171
02011061905212008100944063218404481630285147138
02011061905212008101758071718105361760360178182
02011061905212009102190063518904461580288149139
02011061905212009103176063418804461590287149138
02011061905212009109148053414903850000000000131
02011061905212009109173053414803861280258127131
02011061905222004104342061316804451490296149147
02011061905222006104757060816904391500289144145
02011061905222008100465058515404311440287144143
02011061905222008103220070418905151800335172163
02011061905222008103262000014100001340000129000
02011061905222008104063058418903951380257128129
02011061905232007103127059100000000000000000000
02011061905232008100093059115504361380298146152
02011061905232008102865054815503931340259128131
02011061905232008200004052415003741280246124122
02011061905232009100536053514903861340252128124
02011061905242005100667075119005611840377186191
02011061905242005110159000000000000000000000137
02011061905242006103787063915704821580324162162
02011061905242006106768083322006131980415212203
02011061905242007102689068216005220000000000182
02011061905252006100252073620005361800356176180
02011061905252006102919081320206112010410205205
02011061905252006103128063117904521660286151135
02011061905252007101245067616905071640343172171
02011061905252008101092072820005281760352177175
02011061905252008101703076618505811910390199191
02011061905252009100298067917505041640340167173
02011061905252009105157067617904971700327164163
02011061905262005100122053814803901370253127126
02011061905262005100674083520606292040425208217
02011061905262007102864062920404251550270136134
02011061905262008102611085521006452030442218224
02011061905262008104341055115004011430258132126
02011061905262008106101059616404321460286142144
02011061905272006101497069817805201710349175174
02011061905272006110096056314304201390281138143
02011061905272007101745067419004841610323154169
02011061905272007102067059216804241420282139143
02011061905272009106030069417605181690349176173
02011061905282006103167064015904811570324160164
02011061905282006103365058416904151510264135129
02011061905282007105603055514804071360271135136
02011061905282007110047064216204801580322160162
02011061905282008102070066016204981620336174162
02011061905282008102873064015804821570325160165
02011061905292005101110053814503931360257130127
02011061905292005105631000000003831380245121124
02011061905292008105287070418105231730350171179
02011061905292009100124062216804541550299151148
02011061905292009100794062416804561560300151149
02011061905302005102172075419905551910364184180
02011061905302006102303085323606172180399205194
02011061905302006102859055814704111440267136131
02011061905302006105487057415404201420278142136
02011061905302007101168058317604071430264135129
02011061905302007104439066300000000000263131132
02011061905302008102869057415304211430278142136
02011061905302008110027069317405191690350178172
02011061905302009104459060015204481540294148146
02011061905302009106192059715204451500295148147
02011061905312008106008057715504221430279138141
02011061905332005109321055715404031380265133132
02011061905332009100905056314904141420272139133
02011061905332009102051056915104181450273140133
02011061905332009103645056615404121420270133137
02011061905352004106895074318205611800381189192
02011061905352008103074067318004931670326167159
02011061905372005100667074418605581850373184189
02011061905372006101285072019105291720357181176
02011061905372006102919082320206212060415209206
02011061905382006100252070319105121730339165174
02011061905382008101092070118805131720341168173
02011061905382008101703070918005291740355182173
02011061905392005100674075618305731770396187209
02011061905392007101745000000000000000254126128
02011061905402008106152000000005361790357174183
02011061905412006101474088722206652120453226227
02011061905412006101497070017905211750346170176
02011061905412006106193073020105291740355174181
02011061905442008102930070419605081760332169163
02011061905452007100224070817105371690368181187
02011061905452008100692072718705401820358177181
02011061905452008100955070717505321720360180180
02011061905462009102462060819004181500268140128
02011061905462009103623061318804251550270142128
02011061905482008106218057116204091410268135133
02011061905502008106614076119305681910377187190
02011061905502009100587073219405381780360179181
02011061905502009101927076119305681910377188189
02011061905502009103484068918405051690336168168
02011061905542005100022072417905451780367176191
02011061905542005102155079520405910000000000196
02011061905542007101875073518905461810365182183
02011061905542007102905076519505701860384190194
02011061905552007102601083020806222070415210205
02011061905562008104927070617705291800349177172
02011061905572007102581064417204721710301158143
02011061905572007105563073017905511810370183187
02011061905572008102823056016503951430252129123
02011061905572008105654079921805812030378192186
02011061905572008105865070517805271750352174178
02011061905572009105942065716804891640325159166
02011061905582008102930067618704891710318167151
02011061905582008104386054717103761320244119125
02011061905592006106287068216805141630351172179
02011061905592008104137069318705061820324164160
02011061905592009109161068217305091620347169178
02011061906002004106168062415504691520317159158
02011061906002005103962053613703991280271131140
02011061906062007102905071418205321770355176179
02011061906072005102155069300000000000346174172
02011061906072007102601071618505311790352177175
02011061906072007104132070318605171780339168171
02011061906082007101875057915104281520276146130
02011061906112006101741066617304931660327162165
02011061906112008102850069517405211740347178169
02011061906112008104137053413304011290272134138
02011061906122008105865060515604491440305151154
02011061906132003101264072318605371780359183176
02011061906132007105563071718505321790353179174
02011061906132008104927068518305021700332170162
02011061906182008103349059115104401480292148144
02011061906182009103853060315604471460301149152
02011061906192005102155060917804311430288146142
02011061906192007102601071917805411780363183180
02011061906192007102905072017805421790363182181
02011061906192008103925076819305751930382194188
02011061906192008105543068617105151710344172172
02011061906202004105106066616405021620340167173
02011061906242006110070077219805741870387192195
02011061906242008101069058715804291490280143137
02011061906252004103176072518505401820358176182
02011061906252008105317084321106322090423211212
02011061906272006102941059615704391470292148144
02011061906272007100333068718105061680338169169
02011061906272008102281054714903981370261132129
02011061906272009100513065517004851680317163154
02011061906272009101870070616605401720368178190
02011061906272009104134067617305031670336170166
02011061906282006101250067418304911690322165157
02011061906282007100360057015304171470270146124
02011061906282008100602082520106241960428212216
02011061906282008104538081419306211960425211214
02011061906302006100919075118805631840379188191
02011061906302006105580069917505241730351178173
02011061906302009104651071017205380000000000184
02011061906312005102836067917405051690336170166
02011061906312006104908065716804891610328165163
02011061906312007105203068917905101750335170165
02011061906312008103354058614904371420295146149
02011061906312008103825078619705891910398198200
02011061906312008105363068417505091710338171167
02011061906312008106485073718105561850371190181
02011061906312009101283068617705091770332167165
02011061906312009105466079919306061950411204207
02011061906352008100079070518405211750346176170
02011061906362004106485071718205351800355178177
02011061906362008100023071018205281800348177171
02011061906362008100376070518105241780346170176
02011061906362008103841071918305361820354177177
02011061906362008104134072717905481760372185187
02011061906362008105483072818105471690378183195
02011061906572006100919058917204171610256132124
02011061906572006104874069917705221740348170178
02011061906572008100079066317604871670320162158
02011061906582005103927066916305061620344172172
02011061906582008101000076319305701930377192185
02011061906582008101157077918805912000391207184
02011061906582008101393068317205111640347172175
02011061906582008102140075619405621870375192183
02011061906582008102935054815103971380259132127
02011061906582008103660066616105051660339173166
02011061906582008104372079120105901930397195202
02011061906582008105747066917004991660333165168
02011061906582008105879069217405181660352175177
02011061906582008106206055215004021410261133128
02011061906582009101442078920005891910398203195
02011061906582009101819076219405681910377195182
02011061906582009104265075319305601860374193181
02011061906592006103107075317905741850389194195
02011061906592007106190069117205191730346171175
02011061906592008101739063617804581680290155135
02011061906592008104342063917704621690293158135
02011061906592009104858000000004891740315163152
02011061907002007104714069917605231750348176172
02011061907002009100379070117805231750348174174
02011061907002009100750075420205521860366187179
02011061907002009103606075320205511860365186179
02011061907012006104075053511804171280289137152
02011061907012008100786069817905191720347173174
02011061907012008103089061215504571500307151156
02011061907012008104284080019806021940408205203
02011061907012008105447059915204471440303150153
02011061907012008106599069217905131690344169175
02011061907012009103494060615704491460303148155
02011061907012009103505060615704491460303149154
02011061907022006105437066716605011550346167179
02011061907022007109181067218104911700321166155
02011061907022009104927070018205181760342173169
02011061907022009106205063716604711550316159157
02011061907022009106606059016504251470278141137
02011061907032005106221069817605221730349175174
02011061907032008101234068116405171630354170184
02011061907032008103790070717205351690366183183
02011061907032008104701072618805381760362181181
02011061907032008105898070218105211740347173174
02011061907032009101727070817705311720359180179
02011061907032009102355072918905401810359183176
02011061907032009103507072818905391810358182176
02011061907042008100997072518205431770366184182
02011061907042008101890080020405961920404202202
02011061907042008102000069618505111780333168165
02011061907042009101725078520205831870396198198
02011061907042009105887069418605081780330168162
02011061907042009106736069418405101790331168163
02011061907042009109208079820205961930403199204
02011061907052006100275064819304551720283145138
02011061907052008101800067018204881730315166149
02011061907062008100210064616004861540332172160
02011061907072007102727068717605111730338168170
02011061907072007104909076119905621890373186187
02011061907072008103858076520205631850378192186
02011061907072008104076074719505521850367187180
02011061907072009104771076119705641840380189191
02011061907072009105801069217705151720343172171
02011061907072009106178072518305421770365181184
02011061907072009106595069317705161720344172172
02011061907092006101287068718005071710336171165
02011061907092009101838059716304341480286139147
02011061907092009102385056916004091380271138133
02011061907092009103878059916204371460291139152
02011061907092009104465057115904121400272138134
02011061907102005103927052114403771340243125118
02011061907102006101748058615904271450282145137
02011061907102007100773072519505301780352178174
02011061907112005110101061115504561500306148158
02011061907112006103107070817705311760355189166
02011061907112007102475078219505871950392194198
02011061907112008101157060414904551490306153153
02011061907112008103870070017705231740349171178
02011061907112008104372056514904161420274136138
02011061907112009101442056614904171420275137138
02011061907112009105975069817505231740349171178
02011061907112009106812078119605851850400201199
02011061907112009106904077018705831950388192196
02011061907122008101165069016805221680354175179
02011061907122008101206067116005111670344170174
02011061907122008101240068517505101670343167176
02011061907122008103660058514804371480289146143
02011061907122008104267070617105351650370180190
02011061907122008110076068517605091670342167175
02011061907132006105366053314603871390248126122
02011061907132007109181066417904851620323164159
02011061907132008101000054515503901360254128126
02011061907132008101494054414803961380258133125
02011061907132008102140056616304031410262129133
02011061907132009101819057815904191400279135144
02011061907132009104265057115904121390273134139
02011061907142008100551053814103971350262130132
02011061907142008101897076322705361860350177173
02011061907142008102587059715404431480295147148
02011061907142008102643064416604781630315155160
02011061907142008105793053414103931340259128131
02011061907142008106599068117105101660344172172
02011061907152006104874000000004271490278141137
02011061907152008104284068817405141710343171172
02011061907152009104927059016804221490273146127
02011061907162006106607067620404721660306153153
02011061907162008100786070016805321790353182171
02011061907172008100997071218305291790350177173
02011061907172008105898066817704911690322166156
02011061907172009101725068417605081710337167170
02011061907172009102355067918304961720324163161
02011061907172009103507067818304951720323163160
02011061907182007105629000000004911650326168158
02011061907182008102614070417305311790352179173
02011061907182008110074072518705381800358187171
02011061907182009100752059315704361460290148142
02011061907182009102212063016704631580305156149
02011061907182009105729069017405161720344171173
02011061907182009106477058015704231440279144135
02011061907192005106221054714903981370261134127
02011061907192008101234057515104241410283139144
02011061907192008103790054215203901310259133126
02011061907192009101742073219505371880349181168
02011061907192009109137073319605371870350181169
02011061907202001100541064816704811540327164163
02011061907202005109307067917605031760327166161
02011061907202007100435061215904531490304151153
02011061907202008100622069818405141770337168169
02011061907202008101668068317005131700343172171
02011061907202008101709063415704771540323158165
02011061907202008101965066717404931630330170160
02011061907202008104894066417204921590333161172
02011061907202008105109062816704611560305154151
02011061907202008105789063515504801550325159166
02011061907202008106104064416604781580320162158
02011061907202009100953061215704551480307149158
02011061907212006101287065517404811690312158154
02011061907212008102417069118105101770333172161
02011061907212008105827067516305121670345172173
02011061907222008105817068216205201680352171181
02011061907232007102727052914203871290258126132
02011061907232008103858057015204181430275137138
02011061907232008104076055715104061390267132135
02011061907232009104771057515404211460275136139
02011061907232009105801062217504471490298153145
02011061907232009106178068218205001690331166165
02011061907232009106595062717604511530298154144
02011061907242004102198070218205201720348177171
02011061907242007104909055615104051360269132137
02011061907242008101240057014504251350290140150
02011061907242008104267056614204241340290140150
02011061907242009100522060514904561510305155150
02011061907242009101030071218405281780350172178
02011061907242009103435056314504181440274140134
02011061907242009104274072017605441800364182182
02011061907242009104552060414904551500305155150
02011061907252008102967066217304891610328165163
02011061907252009100531056315304101480262137125
02011061907262007100773068618605001730327166161
02011061907262008101897072722904981950303159144
02011061907272006109259066716205051640341169172
02011061907272007102468061715804591490310155155
02011061907272008101206059415504391490290145145
02011061907272008103617066616205041620342170172
02011061907272008103870066116704941610333163170
02011061907272009100178066916505041620342168174
02011061907272009101241058516504201460274139135
02011061907272009101918062215604661490317158159
02011061907272009102706066216205001610339166173
02011061907272009103167058516404211470274139135
02011061907272009104756054914904001340266132134
02011061907272009105873054914904001340266133133
02011061907282005102512070317405291720357175182
02011061907282008100429072318605371770360180180
02011061907282008105177069117405171650352173179
02011061907292007102475067417105031690334173161
02011061907292009106812067516905061660340173167
02011061907292009106904068817305151680347173174
02011061907322009100399070415805461690377186191
02011061907332009100040070418505191780341167174
02011061907332009102379070018505151770338166172
02011061907342008101495064916204871610326162164
02011061907342008102614064816104871670320160160
02011061907352005109307056115804031440259133126
02011061907352006101987068917405151670348171177
02011061907352007102512068017405061680338170168
02011061907352008100622065117304781580320158162
02011061907352008101668062317204511530298153145
02011061907352008102419070117205291790350176174
02011061907362007102813074418905551790376189187
02011061907362008102701079420505891920397197200
02011061907392007102468056514904161400276140136
02011061907402009102231052814003881340254128126
02011061907412004106742072618705391740365181184
02011061907412006102563066816805001640336168168
02011061907412008102967064616604801590321162159
02011061907412009104752071318605271750352175177
02011061907422006109259064816904791650314156158
02011061907422008103617055314104121380274136138
02011061907422009100178055114104101370273136137
02011061907422009102706054313904041350269130139
02011061907432008100429067716605111670344177167
02011061907432008105177068016405161680348172176
02011061907442006102981000015800000000000000000
02011061907442008100649064616104851620323160163
02011061907442008104266070718005271780349179170
02011061907442009101779070118005211710350181169
02011061907442009101793070017805221700352182170
02011061907442009103802070117705241740350175175
02011061907452002100621070317905241770347175172
02011061907452005103058066617304931670326163163
02011061907452008106669061015104591490310153157
02011061907452009103281072818705411800361000000
02011061907452009104316072818705411800361183178
02011061907452009105807069417405201700350179171
02011061907452009109140072818705411800361183178
02011061907462007103335068217205101670343170173
02011061907462008102730071417605381770361182179
02011061907462008106625060715404531520301150151
02011061907462009103280067817405041760328165163
02011061907462009106432069417005241710353175178
02011061907462009106449071217505371760361181180
02011061907472005101169069019104991780321164157
02011061907472007100734000000000000000000000000
02011061907472008103641073318505481830365184181
02011061907472008103803064018804521570295149146
02011061907472008109033072018005401850355181174
02011061907482004107111068716705201700350172178
02011061907482006104836071617405421740368187181
02011061907482007104005070717805291750354173181
02011061907482007106781068617905071710336168168
02011061907482008100146065616804881590329161168
02011061907482008100345068516405211720349178171
02011061907482008105667070518405211730348176172
02011061907482009100534069916905301720358179179
02011061907482009101835068216105211640357175182
02011061907482009105861068016805121640348171177
02011061907492007102813060816604421480294147147
02011061907502006101987055814904091350274135139
02011061907502007102512056314704161390277137140
02011061907502007102797066117104901590331164167
02011061907502008101495054914704021370265132133
02011061907502008102701058517104141450269137132
02011061907502008105596066017204881570331163168
02011061907502009105804066217204901580332163169
02011061907512009100399070717105361700366180186
02011061907522008100874061616104551510304151153
02011061907522009100839065417104831660317167150
02011061907522009101875068716705201650355174181
02011061907522009103177061316104521530299151148
02011061907522009104541061216204501520298152146
02011061907532009104755070317505281730355172183
02011061907532009106651070217905231770346172174
02011061907552004101664069717405231660357175182
02011061907552008104802066818804801710309165144
02011061907552009104178068819704911710320167153
02011061907552009104225068819304951730322168154
02011061907562007106145058615604301460284144140
02011061907592005101169062918104481530295157138
02011061907592006102307058317304101470263134129
02011061907592006102319060217504271550272141131
02011061907592007101809059918404151470268138130
02011061907592009104554057115104201380282137145
02011061908002008103803055115703941400254129125
02011061908002009103802068917105181680350173177
02011061908012002100621056615004161420274138136
02011061908012006104836070318705161750341174167
02011061908012008100330065816004981560342167175
02011061908012008103641064416504791570322160162
02011061908012009105807060915004591510308154154
02011061908012009106432058514604391440295150145
02011061908022007100734052900000000000257124133
02011061908022007103335068517305121650347173174
02011061908022008102730069417905151720343174169
02011061908022008105667070118105201810339171168
02011061908022008106044067017904911640327167160
02011061908022009105073067617804981620336171165
02011061908022009106449069117805131720341174167
02011061908032009101431069917805211720349167182
02011061908042007102797056514704181360282140142
02011061908042008105596058415304311390292142150
02011061908042009105804057315004231420281141140
02011061908052006103184084226705752180357185172
02011061908082008100266068217605061670339169170
02011061908092009104755068617305131710342176166
02011061908092009106651068817505131710342176166
02011061908162007100509072818605421800362181181
02011061908172008102522081520506102070403201202
02011061908172008102859080921605932030390197193
02011061908172008103123082321506082030405206199
02011061908202008109001070717905281670361170191
02011061908212008103829076920905601860374184190
02011061908222008102940069118305081750333164169
02011061908232008100266057815804201440276139137
02011061908252008101503068617505111710340172168
02011061908252009106818068717405131710342172170
02011061908262005103521070621104951790316164152
02011061908262007101950000015600000000000000000
02011061908282008102444069918305161790337173164
02011061908282008105412070618405221780344173171
02011061908302009103071071119105201690351177174
02011061908302009106444071218705251720353177176
02011061908312007100509061015504551520303153150
02011061908312008102522073118205491850364187177
02011061908312008102859072419305311780353179174
02011061908312008103123073318805451770368188180
02011061908322007103249068217305091700339172167
02011061908332009102505080319606072020405201204
02011061908332009103716080920706022010401200201
02011061908332009106498079919606032010402201201
02011061908352008103829066916505041610343165178
02011061908352008109001060914804611450316158158
02011061908362008102940060718204251490276139137
02011061908382005103521062219304291530276146130
02011061908382008102917073119405371810356179177
02011061908392008101025065317204811570324165159
02011061908392008102368069017105191700349177172
02011061908392009104873069717305241700354179175
02011061908442008102859072519205331860347174173
02011061908462008102522064220004421520290142148
02011061908462008103123064221104311450286140146
02011061908462009103716064421304311450286139147
02011061908472009102505070418305211720349173176
02011061908472009106498070817605321730359178181
02011061908482008101542063715004871560331161170
02011061908532008101025058617104151450270136134
02011061908532009104873060417304311470284142142
02011061908542008102368063816404741590315158157
02011061909022008101542066215905031640339173166
