02011063004592006102941055014904011390262133129
02011063004592009100512055915304061410265137128
02011063004592009100666053915403851350250124126
02011063004592009101499053915303861350251125126
02011063004592009106312055915304061410265137128
02011063005002008101705072418205421730369181188
02011063005002008103093071918405351730362177185
02011063005002008104126074320205411860355173182
02011063005002008104387076119305681940374188186
02011063005002009100298072400000000000000000182
02011063005002009103373072318805351810354178176
02011063005002009104127078019005902040386194192
02011063005002009105147080320605972050392196196
02011063005012004101071071217905331750358178180
02011063005012006101264083521606192060413205208
02011063005012006104874000000000000000000000194
02011063005012007101909000000005481810367182185
02011063005012007105028067216905031610342166176
02011063005012007105394071218405281810347180167
02011063005012008100736067416905051630342167175
02011063005012008103617067517005051630342168174
02011063005012009100672067717804991620337170167
02011063005012009100677072519105341760358177181
02011063005012009100750071218805241790345181164
02011063005012009101517069017505151720343174169
02011063005012009101742074519705481860362183179
02011063005012009101779069616905271710356177179
02011063005012009101792070117805231720351181170
02011063005012009101793071018005301760354178176
02011063005012009102407068517405111720339171168
02011063005012009103606069417605181740344183161
02011063005012009104180068417305111690342173169
02011063005012009105522069418205121720340168172
02011063005012009106030075519105641870377189188
02011063005012009109137074419805461850361183178
02011063005022005110159068716505221670355174181
02011063005022008101113075519805572000357186171
02011063005022008105399075920005591880371186185
02011063005022008105543084020906311990432215217
02011063005022009104903068316305201660354173181
02011063005022009105215075919905601880372186186
02011063005022009105934068317505081670341170171
02011063005032006106377076518605791860393196197
02011063005032007100333076720305641890375186189
02011063005032008104617070417105331780355178177
02011063005032009105241069916805311770354174180
02011063005042006102453072919005391850354179175
02011063005042008101240078718805991870412207205
02011063005042008104384071918105381800358181177
02011063005042008105117067516705081640344170174
02011063005042008106189072218705351790356178178
02011063005042008109105073618405521820370183187
02011063005062008103082075920005591860373188185
02011063005072007106586072719405331780355175180
02011063005072007110118072719405331800353175178
02011063005072009103253073119205391810358181177
02011063005082005106221067817505031710332166166
02011063005082006102971071217105411690372182190
02011063005082009101423077721205651980367183184
02011063005092007100224075117705741790395191204
02011063005092009103160071918305361710365180185
02011063005102007100435064416604781580320156164
02011063005102007106428072017505451780367181186
02011063005102008100649069317605171680349171178
02011063005102008104128064216904731610312155157
02011063005102008105678066116904921630329162167
02011063005102009100953064017004701550315154161
02011063005112005105973059015404361440292147145
02011063005112009103046085121906322060426227199
02011063005112009103949087121806532080445226219
02011063005122008103123078719705901920398197201
02011063005122009103373053014603841390245125120
02011063005132005110152066818104871700317163154
02011063005132007102312080318806151960419209210
02011063005132008100770053714903881370251125126
02011063005132008101092089320806852070478232246
02011063005132008103093065416904851640321163158
02011063005132008105224069918205171750342172170
02011063005132009101930070218505171750342171171
02011063005132009106205055115303981450253126127
02011063005142007101779075319605571860371187184
02011063005142008106076077719305841970387189198
02011063005142009103396073618505511860365185180
02011063005152004103176075619705591880371186185
02011063005152006104874053300000000000254128126
02011063005152008101705051013503751250250123127
02011063005152009100298000000000000000000124000
02011063005152009100445058016604141450269136133
02011063005152009100587058016704131450268136132
02011063005152009103484058116704141450269137132
02011063005152009105490058116704141450269137132
02011063005162005110159053400000000000251125126
02011063005162006104462055914104181330285135150
02011063005162007102237068017805021720330170160
02011063005162007102591078319905841940390193197
02011063005162007102905075719305641900374190184
02011063005162008104126072219005321810351177174
02011063005162008106427067416905051650340167173
02011063005162009101792069117605151700345171174
02011063005162009106030071317905341810353176177
02011063005172007105028066416604981600338167171
02011063005172008100736066616505011620339168171
02011063005172008102692075020105491770372188184
02011063005172008103617066616505011610340171169
02011063005172008104284066816505031630340169171
02011063005172008104617052414103831330250127123
02011063005172008104701069518505101680342173169
02011063005172008106272073619305431850358178180
02011063005172009102044067618104951660329163166
02011063005172009102141067418104931640329160169
02011063005172009102396067618104951650330163167
02011063005182006100449066517604891590330159171
02011063005182007101341066017604841620322162160
02011063005182008102927070417205321710361176185
02011063005182008104277054615403921330259130129
02011063005192005103982087321606572240433221212
02011063005192006102453071518705281810347178169
02011063005192008101393090323406692210448222226
02011063005192008103925088822406642210443222221
02011063005192008105747083622006162120404209195
02011063005202007104439072220305191800339171168
02011063005202008103082071819105271770350179171
02011063005202008103190091822506932370456235221
02011063005222008101467000000000000000000000000
02011063005222008103148078520005851910394198196
02011063005242007103062097024307272390488247241
02011063005242008102859079319306001930407205202
02011063005242008103123061518804271430284141143
02011063005242009103716061618804281440284141143
02011063005252005104397054614404020000000000000
02011063005252008103382084520806372090428217211
02011063005252008105163068517805071680339167172
02011063005252008106008065217004821690313159154
02011063005252009102074073518905461860360182178
02011063005252009102207066316804951700325166159
02011063005252009103645071918605331760357179178
02011063005282007104125069617705191730346174172
02011063005282009102648073819605421780364183181
02011063005292004103176074500000000000369187182
02011063005312006100449067417205021700332169163
02011063005312008100935085523606192130406203203
02011063005322007101310073319505381810357179178
02011063005322008104284063216704651530312159153
02011063005322008105747084821806302130417213204
02011063005332008101393093523906962320464233231
02011063005332008103190090423106732360437226211
02011063005332008103925089922606732250448225223
02011063005342002105018074518005651760389184205
02011063005342007104082065718004771680309159150
02011063005352006102986060815504530000000000156
02011063005362007102813067516805071700337167170
02011063005362008103074069219205001730327167160
02011063005362008103653063918804511560295149146
02011063005362008103672069817805201720348181167
02011063005362009106453075719105661920374187187
02011063005372007103062090323506682240444227217
02011063005372008103123058519903861360250125125
02011063005372009103716058119603851350250125125
02011063005372009106221081118406271970430211219
02011063005382008104584066017304871670320164156
02011063005382009105132072819205361740362182180
02011063005392004105564075119605551850370185185
02011063005412009105157079120605852050380196184
02011063005422008101119090723406732310442229213
02011063005422008103829092022806922250467231236
02011063005422009101318079421105831990384191193
02011063005422009101635079121105801970383190193
02011063005422009105543071017505351680367181186
02011063005422009106812090923506742310443228215
02011063005472008103327069818005181770341170171
02011063005482007102516068818005081690339168171
02011063005482008100596068517905061620344163181
02011063005482009105314092622607002200480239241
02011063005492007102813054515203931370256127129
02011063005492009106453053815203861330253124129
02011063005502008103074053816203761300246121125
02011063005502008103653053716303741290245120125
02011063005512009104736071419105231750348172176
02011063005512009104910071319105221740348172176
02011063005522007101310070618705191790340174166
02011063005522008100935070718605211770344173171
02011063005522008106614076419405701910379189190
02011063005522009101927076419405701910379190189
02011063005532007106140061317204411500291144147
02011063005532008101506054615403921410251124127
02011063005532009103280054315403891420247124123
02011063005542008104584056015104091470262135127
02011063005542009104874000000000001760000181000
02011063005572005102155080621205941990395000000
02011063005572007102601079520605891940395194201
02011063005582005100667097028006902390451224227
02011063006002004106168058814704411450296146150
02011063006002008102258082521706082030405202203
02011063006012007101122065817704811640317161156
02011063006012008106499067117304981620336171165
02011063006022008102706069317805151670348168180
02011063006032009101030072719105361830353181172
02011063006042007102516070117905221740348177171
02011063006042008100596070018505151710344173171
02011063006052007109332065016804821600322156166
02011063006262008100551052914203871310256124132
02011063006262008104389051813803801260254123131
02011063006262008106156052113803831290254122132
02011063006272005100667062119404271450282142140
02011063006272008102862053614203941360258135123
02011063006272008103174054114403971360261135126
02011063006272008103791054114503961370259135124
02011063006282005102155060018804121410271134137
02011063006282006102163051913403851220263127136
02011063006282007102601073718505521810371184187
02011063006282009101030066416804961680328163165
02011063006282009101044058414904351420293145148
02011063006292006102793081620806081950413206207
02011063006302008101542064916204871660321168153
02011063006312008101563068317305101720338170168
02011063006312008102850000013900001320000126000
02011063006312009102205054715003971420255131124
02011063006312009102349052414103831320251126125
02011063006312009103090000015100001410000131000
02011063006322005110153054015603841330251124127
02011063006342008100569068217405081620346166180
02011063006342008102780097925707222390483245238
02011063006352007103394083022206082130395199196
02011063006352009101477072218705351830352179173
02011063006352009105125072218605361830353181172
02011063006362007102067075220005521910361176185
02011063006362008100997094823607122330479243236
02011063006372007106584065515704981530345167178
02011063006372008100382063416204721550317155162
02011063006372009100905067817904991650334166168
02011063006372009102051067017304971640333171162
02011063006382005110059073318705461830363184179
02011063006402005100667053918103581220236115121
02011063006402005102155055219403581210237115122
02011063006402007102601072717705501810369179190
02011063006402008102207070318305201760344177167
02011063006402009101245073019805321830349176173
02011063006442008101542059519004051450260133127
02011063006472008102780091823606822280454227227
02011063006482007103394076320305601910369184185
02011063007022008104576073519805371840353174179
02011063007032009101455066817104971640333167166
02011063007032009105996066617204941630331167164
02011063007032009106540066517004951620333167166
02011063007042004100775069118005111690342171171
02011063007052009105836066716105061600346170176
02011063007052009109188067016205081610347170177
02011063007092008104899072218105411790362181181
02011063007102009103451074019405461870359178181
02011063007122008106101067715705201660354178176
02011063007132007105067071319405191810338179159
02011063007132008102540075718805691800389193196
02011063007132008105339073918305561800376186190
02011063007152008104576072518305421750367183184
02011063007152009101835054614304031340269137132
02011063007152009103566054214204001350265134131
02011063007152009105942065216804841580326161165
02011063007152009106227065216804841570327162165
02011063007162006102932065516904861600326162164
02011063007162008102520065017104791610318161157
02011063007162008104226065417304810000000000158
02011063007162008104266070317605271740353179174
02011063007162009101435069617305231710352178174
02011063007162009105790065017104791620317159158
02011063007162009109133063316204711550316157159
02011063007162009109161063416204721560316156160
02011063007172006104267064917204771590318158160
02011063007172006106193076519205731880385197188
02011063007172008101709070617605301760354177177
02011063007172008105789063615804781530325160165
02011063007172009100084070817705311770354177177
02011063007172009101085069817505231730350175175
02011063007182001100541052314403791310248124124
02011063007192006103770051813803801290251125126
02011063007192009102355051513803771270250124126
02011063007212008104964096424207222330489247242
02011063007212008105827067617305031610342165177
02011063007222008100980076920105681970371184187
02011063007222009100174072418405401770363181182
02011063007222009103291072318105421760366183183
02011063007222009103361072518405411780363181182
02011063007252006101287081220506072060401201200
02011063007252006102019093123706942360458233225
02011063007482004101664053114203891330256130126
02011063007482005103521058817104171530264132132
02011063007482007102369055314904041440260130130
02011063007482007106145059817204261430283143140
02011063007482008102999055815504031440259131128
02011063007482008103263066617504911580333163170
02011063007492006104075081921106082030405197208
02011063007492007103978068918005091660343167176
02011063007492008100980068617105151680347169178
02011063007492008101002071017805321700362177185
02011063007492009102066064315304901510339166173
02011063007492009105729068618205041720332165167
02011063007492009105901071616805481730375191184
02011063007492009106017000000005201800340171169
02011063007502005103456081120706042010403199204
02011063007502008102283074418505591840375191184
02011063007502008102444074518605591860373190183
02011063007502009100448072718605411810360178182
02011063007502009105137071717805391820357180177
02011063007512007101697071318105321760356176180
02011063007512008101234070817605321700362178184
02011063007512009100399072117805431710372181191
02011063007522004101208062515604691500319159160
02011063007522007105203066518704781700308156152
02011063007522008100378073019305371840353181172
02011063007522008102441074719705501850365182183
02011063007522008105362070719005171800337171166
02011063007522008106728072819005381810357183174
02011063007522009105198065518504701680302151151
02011063007522009105726070417605281700358181177
02011063007532008100146067016405061700336173163
02011063007532008103041060415304511490302151151
02011063007532008103181055815004081450263000000
02011063007532008109001076319605671920375188187
02011063007532009101283071219205201770343172171
02011063007532009101751073918005591740385193192
02011063007532009104051054614703991400259134125
02011063007542006102790065516404911590332165167
02011063007542007102864091423806762300446225221
02011063007542008100614065015804921650327161166
02011063007542008101800074620405421890353176177
02011063007552007104132068118304981690329158171
02011063007562009101844081320406091990410207203
02011063007562009103334081320406091990410207203
02011063007582008102975068316805151690346171175
02011063007592007106145054915203971370260135125
02011063007592009100379077418605881870401201200
02011063007592009101360073518305521810371186185
02011063007592009102750073318305501800370189181
02011063008002005103521053416503691340235121114
02011063008002008109050069418505091740335168167
02011063008012004100914078420505791980381195186
02011063008012007103727054113004111340277135142
02011063008012008103055070717105361800356175181
02011063008012008103263065917904801590321153168
02011063008032008104376061616204541490305152153
02011063008042006104075068117705041750329165164
02011063008042007103978072717605511840367180187
02011063008042008101002072500000000000374184190
02011063008042008102283055015503951330262000000
02011063008042008102444059416904251500275140135
02011063008042009105137058515604291520277145132
02011063008062009101751080421105932040389192197
02011063008092006102790063515604791560323160163
02011063008092008100614063415804761580318155163
02011063008102008100553067717005071710336168168
02011063008172006102919000021000002050000211000
02011063008172008102522084721106362060430222208
02011063008172008104925067317005031620341171170
02011063008202004103765060515204531490304155149
02011063008222008105430055614404121340278137141
02011063008272006100252082220906132040409206203
02011063008272008101950087619806782190459237222
02011063008282008102837073319705361860350178172
02011063008302008102522066716405031610342172170
02011063008312006102919074019005501800370188182
02011063008312006103934053015703731340239120119
02011063008312007102668077919105881890399199200
02011063008322009102505060218404181400278139139
02011063008322009106498059818104171400277138139
02011063008342008101703077819705811910390193197
02011063008352004103765055616103951420253129124
02011063008372008104285082521806072020405203202
02011063008412008105317073918005591810378186192
02011063008422008102837072519605291830346180166
02011063008442008102522070417105331740359181178
02011063008442008106188085021506352090426210216
02011063008442009102505056519303721280244121123
02011063008442009106498057420003741300244120124
02011063008492008105363075419105631810382189193
02011063008502008104285084722206252120413213200
02011063008512007100904086722006472200427213214
02011063008542007103045085620506512090442220222
