12005042705572001107097061717304441530291000000
12005042705572002102658072318705361770359178181
12005042705581999103059075119205591830376183193
12005042705581999110071000025100001950000177000
12005042705582000101285000016200001720000000000
12005042705582000104260065616904871590328162166
12005042705582000107414071618805281750353177176
12005042705582001101708070518205231770346176170
12005042705582002101122052514103841300254127127
12005042705582002102869065816804901610329168161
12005042705582002105237000018100001800000182000
12005042705582002105358071519505201720348180168
12005042705592000102051073718205551760379190189
12005042705592000102742064716804791620317164153
12005042705592000103614076919905701860384196188
12005042705592000103686071018805221790343173170
12005042705592000105294075419405601900370186184
12005042705592000106865068400000000000346176170
12005042705592001100672070518005251750350180170
12005042705592001103018065517704781680310158152
12005042705592001107092068017905011630338166172
12005042705592002101755071618605301840346176170
12005042705592002102194069218205101700340170170
12005042705592002104384067500000000000331000000
12005042705592002104464066017504851680317162155
12005042705592002105991068617805081600348181167
12005042705592002106537053714903881280260126134
12005042705592002107253073621405221810341174167
12005042705592002107292053815003881270261127134
12005042705592002110205069318705061730333168165
12005042706001998104781067817505030000000000168
12005042706001999102300071018105291770352179173
12005042706002000101103090124506562260430222208
12005042706002000105192072518605391870352177175
12005042706002000106314056916104081400268135133
12005042706002001100065071517805371740363181182
12005042706002001103935072119405271780349180169
12005042706002001104648072119205291800349176173
12005042706002001107453065916104980000000000166
12005042706002001110166049800000000000249121128
12005042706002002102675079420205921980394201193
12005042706002002102805054414503991280271127144
12005042706002002103294053314603871270260125135
12005042706002002103621075219005621860376193183
12005042706002002103905070317905241720352177175
12005042706002002106189068617705091820327171156
12005042706002002109286051913803811230258125133
12005042706002003102353068718205051850320159161
12005042706002003102844069918205171760341175166
12005042706002003105430069620004961770319157162
12005042706012000101466052514003851280257125132
12005042706012000101522000020200001790000175000
12005042706012000102675077719805791880391197194
12005042706012001102129073219905331800353176177
12005042706012001103449075018905611840377189188
12005042706012002101048070316605371700367180187
12005042706012002102089076919305761920384192192
12005042706012002103542076018605741830391198193
12005042706012002105381078520905761970379195184
12005042706012002106044075020205481870361186175
12005042706012002106129067216505071710336171165
12005042706012002106403073717905581870371190181
12005042706012002106408071300000000000000000168
12005042706022000106894068317805051630342175167
12005042706022000110173076619205741900384197187
12005042706022001105832069317605171730344170174
12005042706022002100128062115604651620303154149
12005042706022002100667066816705011630338167171
12005042706022002101002075219205601840376189187
12005042706022002101006069018305071680339176163
12005042706022002102015052113703841240260126134
12005042706022002103802063615604801500330162168
12005042706022002105963067117204991650334166168
12005042706022002106612051313703761250251124127
12005042706022002107303063216904631510312154158
12005042706022002107326073819705411850356183173
12005042706031998106994000000005211710350000000
12005042706032001103335052613703891390250128122
12005042706032002100840071400000000000349178171
12005042706032002102276054614803981370261134127
12005042706032002105232051913803811290252126126
12005042706032002106030073217505571790378198180
12005042706041999106711068518904961730323162161
12005042706041999106731050714303641210243120123
12005042706042000101561053314403891370252131121
12005042706042000101653054215703851330252126126
12005042706042001100668054215603861320254128126
12005042706042001103459054916003891380251126125
12005042706042001103810055216203901380252126126
12005042706042002100503052814003881260262125137
12005042706042002100940053414403900000000000121
12005042706042002101530072719705301820348183165
12005042706042002101614074119205491870362180182
12005042706042002101627052614603801310249123126
12005042706042002103205052514203830000000000131
12005042706042002104463054115603851330252125127
12005042706042002106239071718605311790352182170
12005042706051996110169066517304921680324162162
12005042706051999107303054415803860000000000122
12005042706052002100073053015003801320248122126
12005042706052002101450056815704111430268140128
12005042706052002101648073718605511760375186189
12005042706052002103361056316304001400260135125
12005042706052002105281053615103851310254124130
12005042706052002106343070117505261720354176178
12005042706052002109443068618704991630336167169
12005042706052002110227054015303871510236120116
12005042706061998106718051713903781280250124126
12005042706061999104487000000000000000259127132
12005042706062001100025053614803881370251128123
12005042706062001103093000000000000000000000000
12005042706062001103121066017504851580327165162
12005042706062001110214053214703851390246125121
12005042706062002100609068417105131750338162176
12005042706062002102502053114303881310257127130
12005042706062002102664073720705301830347170177
12005042706062002102753074821505331770356184172
12005042706062002104803051914203771260251124127
12005042706062002105988064816504831570326165161
12005042706062002106417074220305391810358184174
12005042706062002110201071617605401800360182178
12005042706062003104661064315904841500334165169
12005042706071999107052063516804671680299156143
12005042706072000104138053614003960000000000124
12005042706072000105891051413403801210259127132
12005042706072001101505059014804421470295154141
12005042706072001101529051413503791250254126128
12005042706072001103110071620405121740338174164
12005042706072001107392054014703931360257129128
12005042706072001110246000000000001760000000000
12005042706072002100558052714403831300253125128
12005042706072002100709057815404241390285139146
12005042706072002101711051013103791260253125128
12005042706072002102261051313703761260250123127
12005042706072002102566052014003801280252123129
12005042706072002104719053714203951340261131130
12005042706072002105632069617205241690355180175
12005042706081998110202054115103901310259129130
12005042706081999110155051014303671220245119126
12005042706082000101293066718304841610323163160
12005042706082000103614053614603901350255125130
12005042706082000106471000000005431860357186171
12005042706082001100592064915804911590332169163
12005042706082001100651050513803671240243120123
12005042706082001105028068218404981680330165165
12005042706082001106657071417105431790364186178
12005042706082002100435053914003991390260134126
12005042706082002102119051812803901220268130138
12005042706082002103018066518104841660318000000
12005042706082002106550066816904991720327168159
12005042706082002106729068617605101790331171160
12005042706082002107066051112403871220265129136
12005042706082002107249051313603771310246123123
12005042706092000101573073719705401850355176179
12005042706092000102538079520605891950394197197
12005042706092000110263069818005181720346178168
12005042706092001101548054915503941340260129131
12005042706092001102019081121106002020398197201
12005042706092001103353070917805311710360179181
12005042706092001105393070817905291700359179180
12005042706092001107097000000000000000000000127
12005042706092002101099072119705241740350176174
12005042706092002101300071218705251760349178171
12005042706092002102105075520905461840362185177
12005042706092002110179071717805391720367182185
12005042706102000100397068017705031640339170169
12005042706102000101285063800000000000331000000
12005042706102002102162053714503920000000000127
12005042706102002102869065516904861650321160161
12005042706102002102888067517904961650331168163
12005042706102002103127071618405321720360179181
12005042706102002103638065616504911590332169163
12005042706102002104391052714303841360248123125
12005042706102002105237053215203801380242123119
12005042706102002105358052715303741350239121118
12005042706111999101880071218505271740353175178
12005042706111999103059052814803801400240121119
12005042706111999103363071118405271750352176176
12005042706112000103686052614503811310250124126
12005042706112000104260062616404621480314156158
12005042706112002102194053614903871360251127124
12005042706112002102223075419505591830376189187
12005042706112002102272065417104831560327165162
12005042706112002104205051713603811320249123126
12005042706112002104400071020005101840326166160
12005042706112002107093075618905671880379188191
12005042706112002107225076920005691880381194187
12005042706122001100116066918304861650321165156
12005042706122001101385054317003731380235117118
12005042706122001101708052114703741310243122121
12005042706122001104077066517304921490343167176
12005042706122001107092053614103951330262132130
12005042706122002100575070919205171850332170162
12005042706122002100766053314003931330260126134
12005042706122002102462076418905751900385194191
12005042706122002102860050913403751230252123129
12005042706122002105105053214203901360254126128
12005042706122002105562066417604881660322162160
12005042706122002106013053314203911350256127129
12005042706122002106482054214204001360264133131
12005042706122002106690000000005001720328164164
12005042706122002106707052913703921310261133128
12005042706122002107075076519005751900385194191
12005042706122002107148052913903901330257126131
12005042706132000101103052213603861300256128128
12005042706132000105565069319305001660334169165
12005042706132000106865000000000001290000127000
12005042706132000107414051113603750000000000127
12005042706132001100065067916405151700345180165
12005042706132001103042073619405421920350170180
12005042706132001104648073020005301870343178165
12005042706132002101040069118205090000000000170
12005042706132002102658051013603741260248121127
12005042706132002104087064417104731540319162157
12005042706132002104384052014203781270251126125
12005042706132002105381052013503851250260125135
12005042706132002107253052414203821270255126129
12005042706141999104146074019705431850358184174
12005042706142000102675000000000000000000000000
12005042706142000103347074620005461870359187172
12005042706142001103845069418105131680345176169
12005042706142002101048058716104261410285146139
12005042706142002102675053615003861330253128125
12005042706142002102954000000003821210261127134
12005042706142002103085080521905861940392198194
12005042706142002103542055300000000000245124121
12005042706142002104080051514403710000000000124
12005042706142002104095052414603781280250121129
12005042706142002105340000000000000000251124127
12005042706142002106484065817904791660313158155
12005042706142002106965050713203751230252124128
12005042706142003102353065116904821640318161157
12005042706142003102844066317804851650320162158
12005042706142003105430066417904851640321163158
12005042706151999105763057116804031470256128128
12005042706152000103793074119605451810364183181
12005042706152000106216065417704771580319162157
12005042706152000106894055014804021410261130131
12005042706152000107695052214303791270252126126
12005042706152001103890000000003791330246126120
12005042706152001105832052514003851360249125124
12005042706152002100128052913603931300263129134
12005042706152002103169069919105081670341173168
12005042706152002104063064316504781470331161170
12005042706152002105963053214003921300262128134
12005042706152002106129052114503761310245122123
12005042706152002106400052214003821330249126123
12005042706152002106403051013503751230252123129
12005042706152002106408052715003771330244120124
12005042706152002106548065217404781570321161160
12005042706161998104034051513603791300249125124
12005042706161999106804052814403841290255125130
12005042706162000101091056015704031410262134128
12005042706162002100499053013603941320262131131
12005042706162002100508052314503781240254123131
12005042706162002100671070217805241720352177175
12005042706162002101009068118804931690324164160
12005042706162002101233061816104571510306155151
12005042706162002101407068017705031670336164172
12005042706162002101457070617805281790349179170
12005042706162002101525052214403781250253125128
12005042706162002102022068719204951650330164166
12005042706162002102690053114403870000000000131
12005042706162002102704059415304411480293146147
12005042706162002104211076920605631870376188188
12005042706162002104493076820505631870376189187
12005042706162002104627051713303841270257126131
12005042706162002104742069817805201700350173177
12005042706162002105971052514603791240255123132
12005042706172000100672070217705251740351175176
12005042706172000104621059513704581450313151162
12005042706172000110010050713503721240248123125
12005042706172000110173054815003981420256129127
12005042706172001100650000000003770000000000121
12005042706172001100888000000005241800344176168
12005042706172002100614064717504721570315158157
12005042706172002101002056015904011360265132133
12005042706172002101006051113703741280246124122
12005042706172002102283066116204991630336168168
12005042706172002106034071919605231810342175167
12005042706172002106239064117004711610310158152
12005042706172002107240054115503861390247127120
12005042706172002110112065317804751670308156152
12005042706182000103352052414003841310253127126
12005042706182001100753053713604011340267133134
12005042706182001103121058616204241450279145134
12005042706182001104742066616904971690328165163
12005042706182002102664066416804961650331166165
12005042706182002105988053214303891400249127122
12005042706192000104370072600000000000347180167
12005042706192001100592068317505081730335173162
12005042706192001100821074019505451850360183177
12005042706192001104392072019405261790347176171
12005042706192002106417054214204001340266135131
12005042706202000103787056113904221410281144137
12005042706202000104961062000000000000319156163
12005042706202000106471058915704321460286145141
12005042706202002101655051613803781300248123125
12005042706202002101906066917004991680331166165
12005042706202002103742053514103941330261128133
12005042706202002104765066217504871640323171152
12005042706202002105317069618005161760340174166
12005042706202002105325053514003951350260128132
12005042706202002107030065917404851630322163159
12005042706202002110113076220305591910368186182
12005042706212001103100069818505131670346170176
12005042706212001105279052313703861280258127131
12005042706212001110220051714003771290248126122
12005042706212002100683052514403811290252129123
12005042706212002103018052214503770000000000128
12005042706212002103241068518005051690336169167
12005042706212002105674065117804731600313157156
12005042706221999105955050913803711270244122122
12005042706221999107052059316004331490284145139
12005042706222001104617066517104941620332168164
12005042706222001110276074319105521790373189184
12005042706222002102674051013803721270245122123
12005042706222002102878058715804291450284148136
12005042706222002106266054615703891400249124125
12005042706222002106885073718605511840367184183
12005042706222002107120056416503991440255126129
12005042706232000102702054314703961310265130135
12005042706232001105393058314904341450289145144
12005042706232002102688056216303991280271129142
12005042706232002103690052814903791260253126127
12005042706232002104746083321506182100408207201
12005042706242000103002054615303931370256127129
12005042706242000105068056200000000000257129128
12005042706242000105277053716403731300243120123
12005042706242001107662068818605021660336170166
12005042706242001109135056416503991430256130126
12005042706242002101533066318804751650310167143
12005042706242002102223000000000000000000000000
12005042706242002102965055815903991400259128131
12005042706242002104841056815404141450269137132
12005042706242002106690064519104541610293147146
12005042706242002107093053414503891320257128129
12005042706251999101880052914803811240257127130
12005042706251999103363053300000000000253126127
12005042706252000106013070519005151730342170172
12005042706252002100980050112903721200252123129
12005042706252002103453072918305461790367183184
12005042706262000106216056315804051390266132134
12005042706262002100912053614003961360260128132
12005042706262002110132053014103891360253125128
12005042706271999106664053714603911400251127124
12005042706272000103129053815203861280258126132
12005042706272001106765055014704031360267133134
12005042706272001107515064617604701600310159151
12005042706272002100639070319305101720338174164
12005042706272002101220053114703841270257126131
12005042706272002102462054115203891380251128123
12005042706272002103304054714704001350265134131
12005042706272002107075054115303881370251128123
12005042706281999104693068017305071660341168173
12005042706282001100063058100000000000244124120
12005042706282001107079054614803981420256134122
12005042706282002100240071318905241760348171177
12005042706282002100896052000000000000000000122
12005042706282002101901070417705271790348179169
12005042706282002103871068818105071710336170166
12005042706282002104014076220305591870372186186
12005042706282002104944071118005311790352177175
12005042706282002105245061617704391650274151123
12005042706282002105744077721005671910376188188
12005042706282002106061068717905081690339171168
12005042706282002110065065917004891610328161167
12005042706291997100765052114203791260253123130
12005042706292000102448053214503871310256128128
12005042706292001107735069418205121720340173167
12005042706292001110217051414003741220252123129
12005042706292002102335065015804921550337159178
12005042706301999101704068819504931700323160163
12005042706302000100672071318605271790348177171
12005042706302002100994068217705051710334169165
12005042706302002101407067817305051680337169168
12005042706302002101457070218305191660353177176
12005042706302002102126071919205271820345173172
12005042706302002102756074721805291850344000000
12005042706302002110001070019605041690335172163
12005042706311997102283071219905131750338174164
12005042706311998102551077720305741930381191190
12005042706312001100821072518505401820358186172
12005042706312001101389058315304300000000000140
12005042706312002104466070119005111710340172168
12005042706312002104681067415905151650350169181
12005042706312002110136069318305101710339173166
12005042706321997106362069319205011720329173156
12005042706321998101514066016104991590340171169
12005042706321999106137069417705171700347177170
12005042706322000101529070018105191710348175173
12005042706322000105081072618605401810359184175
12005042706322002102301050913503741240250123127
12005042706332000104961056115204091390270138132
12005042706332000105379000000005141730341000000
12005042706332000110215069917005291710358180178
12005042706332002101098068216105211650356170186
12005042706332002102679063216204701510319160159
12005042706332002104778054114903921380254130124
12005042706341999110141000016900001690000000000
12005042706342001104617066817504931640329168161
12005042706342002102574068016805121590353172181
12005042706342002103844065313505181640354183171
12005042706342002104816068517305121730339170169
12005042706352001103100053314803851380247126121
12005042706352001105493000000004651470318158160
12005042706352002102663055014104091290280132148
12005042706352002103241052413803861320254127127
12005042706352002103862062116004611550306154152
12005042706352002103865071318605271800347179168
12005042706352002104899054315403891370252125127
12005042706352002106885051013803721270245123122
12005042706362000103795064415704871510336163173
12005042706362001101563063117104601550305155150
12005042706362002101049052512903961210275132143
12005042706362002105185052213803841310253128125
12005042706362002105730074719005571860371188183
12005042706371999104209053114803831350248124124
12005042706372002102273069219205001720328165163
12005042706372002102286069119304981700328165163
12005042706372002102991072718605411830358182176
12005042706372002107643071219005221780344174170
12005042706372002109033072119705241790345175170
12005042706372002110139051114003711280243122121
12005042706382000105362055315204011340267131136
12005042706382001106298065716404931680325173152
12005042706382002100402052415303711320239117122
12005042706382002101078000000003761320244118126
12005042706382002101840068518105041720332173159
12005042706382002102275054114403971380259126133
12005042706382002103110061117204391550284144140
12005042706382002103803067417804961660330173157
12005042706382002110056069618905071760331171160
12005042706382002110185052814603821340248122126
12005042706391998105057073420805261750351182169
12005042706392001104211055514704081400268134134
12005042706392002102484071817505431720371182189
12005042706392002105980051212403880000000000000
12005042706392002109133051512403911240267129138
12005042706392003103242064815704911560335164171
12005042706402001103477054014503951400255129126
12005042706402002102956068919104981680330163167
12005042706402002103860068519204931670326164162
12005042706411999104693053414703871350252128124
12005042706422000101398064316604771550322160162
12005042706422000106303064315004931570336167169
12005042706422002102126056115504061440262135127
12005042706422002103382066917104981650333167166
12005042706422002104014051613703791270252126126
12005042706422002104139057415104231490274142132
12005042706422002105568066416405001640336169167
12005042706422002105744052414103831300253127126
12005042706422002107002054515203931410252126126
12005042706422002107124069818105171710346000000
12005042706431999105609069700000000000336000000
12005042706432000106533062716604611570304151153
12005042706432002100900063916004791580321161160
12005042706432002100985064715304941550339165174
12005042706432002106072052614603801320248123125
12005042706432002107181052614703791300249123126
12005042706432003106138065117404771690308155153
12005042706441998104894068217305091700339173166
12005042706442001103863069917405251770348179169
12005042706442002102687070400000000000341173168
12005042706442002103743054614703991340265132133
12005042706442002104131073719105461820364186178
12005042706442002104526060914604631480315158157
12005042706442002107447070418905151750340175165
12005042706451999102020067116705041660338170168
12005042706452000101550051813703811300251127124
12005042706452002102879053314303901250265126139
12005042706452002103645067618204941630331171160
12005042706452002104076069620304931700323000000
12005042706461998101514061216004521490303152151
12005042706462000110217070118905121740338172166
12005042706462001100120066100000000000329162167
12005042706462002100777069217305191710348175173
12005042706462002101043055715204051470258131127
12005042706462002103549071319505181710347174173
12005042706471998103120053214503871330254125129
12005042706471999104800053414603881330255126129
12005042706472000103719068916705221620360173187
12005042706472002102846067817305051680337168169
12005042706482000101437056515304121430269142127
12005042706482002100574069417905151650350184166
12005042706482002105373074720205451880357181176
12005042706482002107005068517205131660347182165
12005042706491999110141069917405251690356177179
12005042706492000101495073318705461860360183177
12005042706492000105531000000005351790356000000
12005042706492001106369072018305371760361182179
12005042706492001106883070018205181730345176169
12005042706492002101584068117905021640338170168
12005042706492002107175000000000000000000000000
12005042706502000104011075720505521880364181183
12005042706502000105615056016503951290266126140
12005042706502002101903066816805001640336166170
12005042706512001103271072219705251760349177172
12005042706512001110122052213803841270257124133
12005042706512002100475069419005041710333171162
12005042706512002100585056814104271430284143141
12005042706512002100873054115403871300257125132
12005042706512002104092068818605021670335173162
12005042706512002107097071218705251760349178171
12005042706522000100592057516104141450269139130
12005042706522001101503072318505381810357179178
12005042706522001103371065117504761560320160160
12005042706522002101059049312403691160253120133
12005042706522002102956053014503851310254127127
12005042706522002103860054214403981320266131135
12005042706522002107342076520205631910372191181
12005042706531999103960067917905001660334164170
12005042706532001100757052614603801330247125122
12005042706532002103306053114603851280257124133
12005042706532002106252069018205081690339173166
12005042706532002107501053114503861270259124135
12005042706541998105057064317804651560309157152
12005042706542002100733050612103851180267128139
12005042706542002101873061815904591460313155158
12005042706542002103584053900000000000244123121
12005042706542002103744051814703711340237118119
12005042706542002109130066917704920000000000000
12005042706551997102866064915904901440346000000
12005042706551999100159071119305181660352178174
12005042706552000100947066618704791660313159154
12005042706552000101786072619005361850351185166
12005042706552000110113055015004001390261135126
12005042706552001101709052215003721260246120126
12005042706552001103181063817004681510317159158
12005042706552001104102072620005261790347175172
12005042706552002100904053314003931220271131140
12005042706552002101867052915703721280244120124
12005042706552002105944051012403861180268128140
12005042706552002107336051312903841220262127135
12005042706561997106906067319004831660317162155
12005042706561999102020064916504841610323166157
12005042706561999105609069418205121650347174173
12005042706561999109284052114303781280250125125
12005042706562002102141074118805531840369189180
12005042706572000105167063315204811560325162163
12005042706572002103163070018705131740339173166
12005042706572002103549055514004151320283144139
12005042706572002103622056114704141490265136129
12005042706572002107447070819405141730341170171
12005042706582000100106067118004911650326164162
12005042706592000110163072919005391820357181176
12005042706592002100153057816104171450272138134
12005042706592002103232050312903741170257122135
12005042706592002103601054414304011420259133126
12005042706592002103870070218305191760343175168
12005042707002001101705070618205241690355176179
12005042707002002106393056615304131410272141131
12005042707002002107453068616905171650352173179
12005042707011994103680057900000000000260135125
12005042707012000103719000000004191390280136144
12005042707012000110192073919505441860358177181
12005042707012002105262056315004131430270141129
12005042707022000104011072719105361810355182173
12005042707022001107201052914103881320256129127
12005042707022002100830000000000000000256129127
12005042707022002101762064916104881650323166157
12005042707022002106544066000000000000327167160
12005042707032000105531000000003790000000000133
12005042707032000110028075019605541880366189177
12005042707032001100849052413203921250267127140
12005042707032001109047070318305201700350177173
12005042707032002102976068617105151680347173174
12005042707032003104879072318305401770363182181
12005042707032003105803072418405401770363183180
12005042707042000110166051213703751220253123130
12005042707042001103271071218105311750356180176
12005042707042001104248067816905091720337000000
12005042707042002103503068016905111720339172167
12005042707042002109034057717903981390259128131
12005042707052001101503056314904141410273136137
12005042707052001103371061616604501510299148151
12005042707052002100093063816404740000000000163
12005042707052002100475053214003921290263131132
12005042707062001100748052014403761210255122133
12005042707062002103120052114503761210255122133
12005042707062002107342062420404201510269140129
12005042707071999100159051413903751260249123126
12005042707072000100947052714703801280252124128
12005042707072000101786053714603911360255130125
12005042707072002103483067716905081670341173168
12005042707082000110037062817304551510304152152
12005042707092002104725065616704891610328160168
12005042707092003101234065816704911620329161168
12005042707121999100400067818704911650326167159
12005042707122001101705054115203891300259127132
12005042707131998101670075417605781820396195201
12005042707132001105796068017105091730336168168
12005042707132002100512063416304711530318159159
12005042707142002105598065516504901600330163167
12005042707152001109047052914303861320254127127
12005042707152002102976052814303851320253127126
12005042707201999100165000000000000000253126127
12005042707242000110163051214403681240244121123
12005042707242001105796066517704881610327166161
12005042707261999102069052900000000000253125128
12005042707262001103986052614303831300253125128
12005042707262001106517051914103781290249123126
12005042707262002107008052514603791300249125124
12005042707282001107789070818505231700353176177
12005042707291998101670052613303931280265130135
12005042707302002105598056214904131370276138138
12005042707312002103314066716605011640337169168
12005042707462000103889053414503891330256130126
12005042707471999110180049212503671190248122126
12005042707492000110199072718305441780366186180
12005042707492001106696070218305191700349172177
12005042707501998101737051814003781350243120123
12005042707502000102386050914603631260237120117
12005042707502001102426070922104881720316159157
12005042707502002101046067517105041650339167172
12005042707502002102887073719505421860356174182
12005042707512001101248053214703851310254126128
12005042707512001107505061215304591560303149154
12005042707512002102673070918605231770346182164
12005042707512002103579053514103941260268129139
12005042707512002105252071417805361710365184181
12005042707512002106132054014004001250275131144
12005042707512002106619068517505101620348169179
12005042707512002106850051714003771310246127119
12005042707512002109032067517704981570341166175
12005042707512002110173052814403841300254126128
12005042707532000101545053215503770000000000000
12005042707532001103847063816104771590318161157
12005042707542000106088050713703701270243120123
12005042707542003101882080219906031900413207206
12005042707542003106828079519206031910412204208
12005042707561999101659052514403811290252125127
12005042707562001100618052913603931320261132129
12005042707562001101746065317804751620313158155
12005042707562001102102053213803941320262131131
12005042707572000102044075219005621880374190184
12005042707572000106882068418804961590337170167
12005042707572001109258072518605391800359180179
12005042707572002103254064317004731530320161159
12005042707572002106391070818805201820338168170
12005042707582000101382052014403761260250125125
12005042707582000104348068317405091670342176166
12005042707582001100835065117004811580323163160
12005042707582002100695000000003730000000000125
12005042707582002104609074020105391800359183176
12005042707592000101551082521706081970411207204
12005042707592000106540070618705191730346176170
12005042707592000110170085623806182070411210201
12005042707592002100839081223705751950380193187
12005042707592002100997080021205881930395197198
12005042707592002101807076917805911850406201205
12005042707592002104208071617705391700369183186
12005042707592002110149082321406092000409209200
12005042708001999104270052213003921250267131136
12005042708002001100377069018405061720334174160
12005042708002001103609067617305031640339170169
12005042708002001107417071419605181780340176164
12005042708002002101352056115204091420267133134
12005042708002002103456068817605121640348175173
12005042708002002103672067317904941630331164167
12005042708002002104373052214003821300252128124
12005042708002002104394052313903841300254128126
12005042708011998110093068816105271710356183173
12005042708012001100435054514703981360262135127
12005042708012002105212068517205131670346176170
12005042708022000101919000000000000000321160161
12005042708022002104392068117005111690342173169
12005042708032001102426051013803721250247123124
12005042708032001104928065016704831560327157170
12005042708032001106211063516104741540320157163
12005042708032002109032066317604871580329157172
12005042708042000107363052414703771260251123128
12005042708042001106161068516205231640359174185
12005042708042001106643066717204951770318162156
12005042708042002101301063415804761590317148169
12005042708042002103216069117405171670350175175
12005042708042002106888067217205001600340170170
12005042708042002107644073718705501810369184185
12005042708051998100689074418705571800377187190
12005042708052002102030071717405431740369184185
12005042708062000110229068117405071650342171171
12005042708062002103278068517505101650345173172
12005042708062002104739070417605281690359180179
12005042708072000107542052013903810000000000120
12005042708072002102207066715605111580353175178
12005042708082002104666066616804981640334167167
12005042708092000105134054515703881360252126126
12005042708092001104543051513803771250252124128
12005042708092002101545067917505041670337171166
12005042708102000105091054616003861360250126124
12005042708102002104713066016304971660331168163
12005042708111999101475069200000000000345172173
12005042708112000101284052314503781330245122123
12005042708112000101773000000000000000000000000
12005042708112002100188069417505191680351180171
12005042708112002100467051514503701310239121118
12005042708112002100551051814003781320246121125
12005042708112002104801053814303951330262137125
12005042708112002107461065416304911560335163172
12005042708112002107505069517205231740349178171
12005042708122000106540000000004811600321162159
12005042708122000106787082422106032010402207195
12005042708122002103268069218205101640346173173
12005042708122003101694079220605861900396199197
12005042708122003104589079220605861900396199197
12005042708132001100377053312904041410263131132
12005042708132002103456057815104271430284148136
12005042708132002105212067116705041680336172164
12005042708141999101208053714403931340259131128
12005042708142002104392067516805071620345173172
12005042708142002105628071618405321770355179176
12005042708152000101833067519704781630315157158
12005042708152001104928052614403821330249124125
12005042708152002105328070619905071710336167169
12005042708152002107074070420005041770327160167
12005042708152002107308073118705441780366189177
12005042708152002110070067917505041620342172170
12005042708172001106211053614903870000000000127
12005042708172001106704076717105961950401201200
12005042708172002103216053815103871330254127127
12005042708172002106093053914603931310262128134
12005042708172002106888067317005031620341170171
12005042708172003101555070900000000000359177182
12005042708181999103691070519905061760330164166
12005042708182001106161052614603801260254126128
12005042708182002100769081324005731960377192185
12005042708182002102030049913103681180250122128
12005042708191997105426050312103821180264127137
12005042708192000101551050913603731210252123129
12005042708192000103744000000003781250253123130
12005042708192000110170055815004080000000000135
12005042708192000110229066716904981650333166167
12005042708192001110013071020105091680341169172
12005042708192002100839050813303751220253123130
12005042708192002100997054215503871340253128125
12005042708192002101640067417105031590344172172
12005042708192002102207062615204741510323163160
12005042708192002110149053415603781320246125121
12005042708202001105995068417405101460364175189
12005042708202002102292069218805041620342164178
12005042708202002103278054615103951350260129131
12005042708202002104739069717805191700349174175
12005042708202002107096071817405441740370186184
12005042708202003100996068316005231610362180182
12005042708202003109416068616405221620360179181
12005042708212001103725066017804821630319160159
12005042708212002102166068116905121650347175172
12005042708212002102252073219305391770362184178
12005042708222002100301068417405101690341170171
12005042708222002101174000000003961290267131136
12005042708222002104713053214703851360249125124
12005042708222002105202071718905281780350177173
12005042708222002106027065216004921590333164169
12005042708222002107508076819705711920379193186
12005042708222002107509072219205301750355179176
12005042708231998103089073418405501740376186190
12005042708232001102437072819505331850348172176
12005042708241999100643068717305141690345172173
12005042708241999107173051913803811280253126127
12005042708242002107182052414003841310253126127
12005042708242002110047070317705261770349176173
12005042708242002110157070216805341690365186179
12005042708242002110159064616704791510328164164
12005042708251999104205073219805341780356182174
12005042708252000106787052614603801300250127123
12005042708252002101092052714003871300257129128
12005042708252002103268051713803791260253127126
12005042708261997103670000013800001280000124000
12005042708261998110197073518605491830366185181
12005042708262000101615049212803641200244122122
12005042708271997107091060716604411590282144138
12005042708272000102263069417805161670349173176
12005042708272000106618068916605231660357179178
12005042708272002100810068717505121660346174172
12005042708272002102052068517405111660345174171
12005042708272002104629068718005071670340172168
12005042708272002107471072218705351800355184171
12005042708281999103092050313003731190254123131
12005042708282000101497068017205081630345174171
12005042708282001103488065015904911610330165165
12005042708282002107308069318205111720339171168
12005042708292000105309070118605151680347178169
12005042708292001102677073218405481810367187180
12005042708292002104129069717205251720353177176
12005042708302000100299051013603741270247124123
12005042708302001105942054814304051360269139130
12005042708302002107407069019304971710326165161
12005042708311998102270000000000000000000000000
12005042708311998106924073918605531840369187182
12005042708311999103691051413703771310246123123
12005042708311999105538056814804201430277141136
12005042708311999106893068317105120000000000000
12005042708312001101394075818305751910384196188
12005042708312002100323070718105261730353182171
12005042708312002106181052914003891350254127127
12005042708312002107238074419505491860363187176
12005042708322000101528071218805241740350176174
12005042708322000104202067017104991640335169166
12005042708322001110013054915003991390260128132
12005042708322002100291071418605281750353000000
12005042708322002100668071618105351750360181179
12005042708322002101640054315203911390252127125
12005042708322002102848064016904711560315160155
12005042708331999106882053515603791370242125117
12005042708332000106022073118205491810368000000
12005042708332001103924071120305081720336173163
12005042708332001106239070318205211650356173183
12005042708332002104454070419205121750337167170
12005042708332002105107069219404981610337168169
12005042708341998105260060915604530000000000000
12005042708342001103739064616304831650318163155
12005042708342002100089064616804781580320163157
12005042708342002102252000015200001440000144000
12005042708342002103538071019405161690347179168
12005042708352000107342065019304571610296153143
12005042708352001101623071218705251750350176174
12005042708352001104306066418404801630317162155
12005042708352001104541064016004801610319158161
12005042708352002107096068817405141710343175168
12005042708361999104088069818405141680346175171
12005042708362000100380052014603741290245121124
12005042708362000105991067017404961580338165173
12005042708362001103349070919105181760342179163
12005042708362002107331066115805031560347165182
12005042708362002110047053615603801350245120125
12005042708362002110157053015503751340241120121
12005042708372002100816000000005311800351181170
12005042708372002110206069318605071680339170169
12005042708381999101279067015705131660347181166
12005042708382000106618056215504071450262132130
12005042708382001100630066518404811540327159168
12005042708382001106424073219105411850356177179
12005042708382002100790078222505571950362182180
12005042708382002102103077521105641940370195175
12005042708391998105845067918404951650330165165
12005042708392002103355051312903841230261126135
12005042708402000104381061215304590000000000154
12005042708402000106082050613303731220251123128
12005042708402002104793052714003871310256129127
12005042708402002106409068819104971600337170167
12005042708412000105309071618505311790352182170
12005042708412000107570076120705541860368190178
12005042708412002102068072818705411730368184184
12005042708412002106669000000005651910374190184
12005042708422000104672066118304781620316154162
12005042708422002101874067317704961670329166163
12005042708422002103220072017305471690378187191
12005042708422002106320068417505091670342173169
12005042708422002110039056215004121400272136136
12005042708431998101821050413303711250246121125
12005042708432001103707069918105181750343174169
12005042708432002100681051714103761210255124131
12005042708432002100922051313703761280248122126
12005042708432002103128066117004911620329167162
12005042708432002104380070218605161700346177169
12005042708432002104904053400000000000267129138
12005042708432002105686052914203871330254129125
12005042708441998103198072318605371790358181177
12005042708441998103263000018700001710000176000
12005042708441999101844064515904861580328161167
12005042708441999106893052114803731300243120123
12005042708441999110256071518405311700361182179
12005042708442001102677053414903851370248125123
12005042708442001106610075519305621850377192185
12005042708442002100164070518405211800341169172
12005042708442002100804075220705451840361187174
12005042708442002100884063116004711520319162157
12005042708442002103223075219005621850377192185
12005042708442002104155079619606002040396202194
12005042708442002107036052314003831290254128126
12005042708451998106924071618205341750359184175
12005042708452001101394069416405301690361181180
12005042708452001110027071218705251780347177170
12005042708452002100370081920406152140401205196
12005042708452002102282074119305481900358184174
12005042708452002107238073219005421790363183180
12005042708462000107345075919505641880376190186
12005042708462001103924065617704791540325163162
12005042708462001107774066116704941580336169167
12005042708462002100668070617805281770351178173
12005042708462002100851067617804981570341168173
12005042708462002102285073318905441830361184177
12005042708462002102670067617605001600340167173
12005042708462002104194067716905081680340169171
12005042708471999104771050512503801210259126133
12005042708472000102788069517805171660351178173
12005042708472001100652067517405011600341174167
12005042708472002100476068518005051670338172166
12005042708472002101429066517504901550335164171
12005042708481999103747068018304971650332170162
12005042708482000105171053814203961350261134127
12005042708482000106022061919404251450280140140
12005042708482001100521052813703910000000000130
12005042708482001106095061415204621470315152163
12005042708482002102437068318704961730323168155
12005042708491998105260058800000000000000000158
12005042708492000102308063918404551580297150147
12005042708492001103189063117204591630296154142
12005042708492001105007050813003781210257127130
12005042708492002102738066717204951600335168167
12005042708492002102818066817904891620327165162
12005042708492002106439068417605081740334168166
12005042708492002107585067918004991640335169166
12005042708501999107545058615204341440290146144
12005042708502000105991067317804951560339165174
12005042708502001103274052214403781320246126120
12005042708502002104726067017604941660328165163
12005042708512002102737070818505231690354176178
12005042708521998105845053013103991280271137134
12005042708521999101279065917404851550330168162
12005042708522000100320055215903931430250129121
12005042708522002102396053114303881330255129126
12005042708522002103050054215203901420248000000
12005042708532000101313053313803951310264129135
12005042708532000107570073219305391810358183175
12005042708532002100331070619605101690341172169
12005042708532002100748054114803931310262128134
12005042708532002102706064600000000000000000161
12005042708541999101463073317305601770383187196
12005042708541999102748071520205131760337174163
12005042708542000106580056315404091440265139126
12005042708542002101874063316404691560313158155
12005042708542002103538070119405071740333165168
12005042708551998100731053414903851300255129126
12005042708552002101908069217605161670349175174
12005042708552002106011059115904321470285143142
12005042708562000101492053615003861330253123130
12005042708562000110203076321505481840364185179
12005042708562001110093069218105111710340173167
12005042708562002103220054815103971380259132127
12005042708571998103198058615404321460286143143
12005042708572001101279069918505141690345177168
12005042708572001103038063816004781550323160163
12005042708572002100804056816604021380264137127
12005042708572002100809066017504851640321161160
12005042708572002103171065616604901620328166162
12005042708572002104380053114503861330253128125
12005042708572002107507083423206022140388191197
12005042708581997102703071417705371760361181180
12005042708582000102269052914203871320255129126
12005042708582001102433071318105321750357182175
12005042708582001103366061916304560000000000000
12005042708582001103396065216004921580334170164
12005042708582002102445053713704001270273132141
12005042708582002105558064817104771600317159158
12005042708582002106893053413803961270269130139
12005042708582002109020054614703991350264134130
12005042708591999104643063116704641540310154156
12005042708592002100370052513303921270265129136
12005042708592002100877063215804741430331000000
12005042708592002101804073718805491830366184182
12005042708592002103175068017805021720330168162
12005042708592002104178066616904971580339170169
12005042708592002104982066717304940000000000163
12005042708592002106140068817805101660344174170
12005042709002002102813075120205491860363185178
12005042709002002106597068417605081630345175170
12005042709012000106346074118405571850372189183
12005042709012001103468069519405011670334168166
12005042709012002102625065718204751620313160153
12005042709012002110066070318705161750341169172
12005042709012003100839070217405281680360177183
12005042709021998110090066115805031580345173172
12005042709022000105030069016105291670362181181
12005042709022001104313058114704341470287148139
12005042709022001105377053814603921310261128133
12005042709022002100926069218605061750331173158
12005042709022002102862052213903831250258126132
12005042709022002104726054214503971360261131130
12005042709022002105627072317805451730372188184
12005042709022002105773053214303891300259127132
12005042709041997110043070618105251750350176174
12005042709041999110092069117805131650348173175
12005042709042002100591064216404781580320161159
12005042709042002101657065417204821600322163159
12005042709042002102291074920205471950352182170
12005042709042002107313071800000000000353181172
12005042709042002109453076521205531950358183175
12005042709052002100751073619505411810360185175
12005042709052002102875072919405351790356182174
12005042709061999104639052414403801330247123124
12005042709072000106464075022505251930332176156
12005042709072001106646071400000000000337167170
12005042709072002100958074119905421860356173183
12005042709072002103784072019305271770350174176
12005042709072002104916052313103921210271129142
12005042709082000110018082921206172010416214202
12005042709082001110093052713703901300260132128
12005042709092000104389073020905211770344178166
12005042709092001106577065016704831590324164160
12005042709092002103318068118304981680330171159
12005042709092002110057000000000000000345000000
12005042709092003103160069217605161690347173174
12005042709101999107004053914403951330262128134
12005042709102000102321069817205261730353179174
12005042709102000105020070518105241690355179176
12005042709102000106609066816705011620339168171
12005042709102002102202063616104751550320161159
12005042709102002103217066219104711580313160153
12005042709102002106717056315104121450267132135
12005042709111999103356050513403711190252122130
12005042709112000103588055714604110000000000000
12005042709112002101816055314704061350271135136
12005042709112002102170069718905081710337170167
12005042709112002103275069418405101690341169172
12005042709112002104301055214704051350270134136
12005042709121997102703068317205111630348170178
12005042709122001102433072218305391770362185177
12005042709122002102749055815304051370268139129
12005042709122002102951067516705081640344176168
12005042709132000103927067500000000000347172175
12005042709132002101062071817705411700371192179
12005042709132002102404065816404941610333166167
12005042709132002102739062600000000000296152144
12005042709132002103413067616605101560354175179
12005042709132002105896061716104561630293147146
12005042709142000106725062617204541610293159134
12005042709142002100742068619004961700326168158
12005042709142002101959064217204701580312154158
12005042709152002100877064016704731460327158169
12005042709152002110211065117004811610320163157
12005042709162002102274071818005381760362180182
12005042709171999102072052214203801300250126124
12005042709171999110092067018404861550331163168
12005042709172000101281067017404961630333167166
12005042709172001100109054214703951360259132127
12005042709172002105492052614303831310252127125
12005042709172002106074068017805021650337170167
12005042709172002107313065017504751600315158157
12005042709181999107573052014303771300247125122
12005042709182002100751063917104681460322156166
12005042709182002109453072019905211750346173173
12005042709192001102180064617904671570310157153
12005042709192001103479052814703811260255128127
12005042709192002105559069318305101660344174170
12005042709192003102679065316404891540335163172
12005042709202002103460070319505081740334172162
12005042709202002106026069120304881700318164154
12005042709211998110090068317105121530359172187
12005042709212001103009071219505171740343174169
12005042709212001110187063517704581610297154143
12005042709222000104389053415603781320246120126
12005042709222001106577052415203720000000000125
12005042709222002100951070218405181620356184172
12005042709232000102321054900000000000255131124
12005042709241999101940075320705461800366191175
12005042709241999110009057615904171510266144122
12005042709252000102211063215804741530321154167
12005042709252001104804068420604781660312158154
12005042709252002110004073322405091820327165162
12005042709272000103927054015103891340255130125
12005042709272002103413054015103891340255131124
12005042709282002110191066316604971680329164165
12005042709292000107407053300000000000248124124
12005042709292002102138052513503901220268127141
12005042709292002106834052313103921220270128142
12005042709322002102827070217905231730350176174
12005042709322002103553068217905031640339170169
12005042709332002106026067219304791690310160150
12005042709342000104443061015804520000000000146
12005042709342002100516057214904231440279143136
12005042709352000101603000014400001450000133000
12005042709362002110038054214703951350260135125
12005042709382002101687057314804251370288142146
12005042709401998101683073219305391870352183169
12005042709462000101238065517504801620318160158
12005042709472002102827059915504441480296148148
12005042709481997105151051713803791220257127130
12005042709562001103361054415503891300259127132
12005042709562002103091053814903891300259127132
12005042709582000100965048812103671160251120131
