02015121806592010104343069717505221720350177173
02015121806592013100062059915904401500290141149
02015121806592013105838059616004361490287138149
02015121807002008102912063116804631610302151151
02015121807002009105825063016704631590304151153
02015121807002009105854069616605301700360172188
02015121807002010104270061216304491580291145146
02015121807002013102344075620205541900364196168
02015121807002013102938071218305291760353176177
02015121807002013105702065617104851720313170143
02015121807002013105808061316104521610291146145
02015121807012007102705064717204751650310160150
02015121807012010103966068218304991770322153169
02015121807012011101451073118505461820364183181
02015121807012011101727072418205421820360183177
02015121807012011103876069018305071760331168163
02015121807012011104105065317804751700305161144
02015121807012012100538069619505011820319164155
02015121807012012100671066218104811710310158152
02015121807012012102503065915705021640338167171
02015121807012012104121065317704761700306161145
02015121807012012104332065917904801690311161150
02015121807012012106134069617805181750343176167
02015121807012012110084064617204741620312161151
02015121807012013100946065916704921630329164165
02015121807012013101673064917304761590317155162
02015121807012013101842070017805221760346172174
02015121807012013102816071818705311750356182174
02015121807012013103974070817305351750360179181
02015121807012013104536068316905141730341177164
02015121807012013104672069518005151780337167170
02015121807012013104940071717105461740372185187
02015121807012013105739068617305131660347173174
02015121807022009110028068417405101650345169176
02015121807022010102026069417305211690352170182
02015121807022011106338072917505541750379184195
02015121807022011109012069317205211760345178167
02015121807022012105951068116505161700346171175
02015121807022012106091069817205261690357171186
02015121807022013100093070317305301740356181175
02015121807022013100679067916505141660348170178
02015121807022013100697070517405311680363180183
02015121807022013100708071917605431740369181188
02015121807022013100928067117105001600340167173
02015121807022013101605072417205521860366185181
02015121807022013101761062716304641530311158153
02015121807022013101930067716005171660351169182
02015121807022013102012069416905251780347172175
02015121807022013102381068017605041610343162181
02015121807022013102476068416605181700348171177
02015121807022013102684066416804961640332162170
02015121807022013102797065816204961620334163171
02015121807022013102841068215905231640359174185
02015121807022013102862069717805191740345172173
02015121807022013102993070717505321710361178183
02015121807022013103523067116605051700335167168
02015121807022013103712068517705081700338167171
02015121807022013103907069517705181730345176169
02015121807022013103968070316905341730361171190
02015121807022013104001074918505641760388188200
02015121807022013104256069017905111750336170166
02015121807022013104389071317505381790359180179
02015121807022013104804070417705271730354172182
02015121807022013105004072718205451820363186177
02015121807022013105021074818105671790388190198
02015121807022013105371066516704981640334171163
02015121807022013105383071218005321740358172186
02015121807022013105698068718005071750332167165
02015121807022013109009070517105341730361178183
02015121807032008105785067916705121670345173172
02015121807032009104977062316004631570306157149
02015121807032010100200062216004621550307157150
02015121807032011104420064916004891580331167164
02015121807032011106481067817105071700337169168
02015121807032012100412068017305071670340165175
02015121807032012101380068316705161650351178173
02015121807032012101704070017605241800344173171
02015121807032012103408064816404841590325159166
02015121807032012103729058215704251460279138141
02015121807032012104828068116605151670348174174
02015121807032012105656075219005621860376185191
02015121807032012105799058815704311500281139142
02015121807032012106226069217405181750343172171
02015121807032012106228061715804591550304157147
02015121807032013100111073418805461720374188186
02015121807032013100131063716004771550322160162
02015121807032013100615068617005161700346168178
02015121807032013101278068517005151660349174175
02015121807032013103547070018105191760343178165
02015121807032013104998068616705191630356177179
02015121807032013105298069117805131680345167178
02015121807032013105524069817505231740349177172
02015121807032013110104064816504831570326159167
02015121807042010100275072019105291780351180171
02015121807042010100777071818905291840345177168
02015121807042010103940068416905151690346173173
02015121807042012101430072518205431810362180182
02015121807042012102781071619005261790347172175
02015121807042012104293067816805101690341167174
02015121807042013100696068516805171700347174173
02015121807042013100827071418805261790347182165
02015121807042013101155071418805261800346175171
02015121807042013101495069417105231700353177176
02015121807042013102580074518705581880370187183
02015121807042013102615071818205361810355179176
02015121807042013102897071618705291800349180169
02015121807042013103561072418205421800362180182
02015121807042013103702071219305191750344173171
02015121807042013103815069617205241700354175179
02015121807042013104606070518905161780338172166
02015121807042013104841069816905291720357179178
02015121807042013105128070717105361730363180183
02015121807042013105428068917305161660350174176
02015121807042013105452068916805211700351177174
02015121807052008102865068217305091680341170171
02015121807052010100034065716404931630330164166
02015121807052010102121000000000000000388191197
02015121807052011104633070217905231810342173169
02015121807052012104139072817405541780376188188
02015121807052012105598071017505351800355181174
02015121807052012106252072518505401840356181175
02015121807052013100236072117405471860361183178
02015121807052013100566069617305231680355178177
02015121807052013100746071918405351800355172183
02015121807052013101840070017505251720353173180
02015121807052013103681072919605331810352180172
02015121807052013104727069117405171690348172176
02015121807052013104876071717405431770366185181
02015121807052013105030070017505251800345166179
02015121807052013105563073218105511830368185183
02015121807052013106375069318705061750331166165
02015121807062009106185068517305121670345171174
02015121807062010103873069317405191750344170174
02015121807062011102503070017405261740352178174
02015121807062011103439073318705461770369184185
02015121807062011105266069317305201730347169178
02015121807062011109234067117304981690329166163
02015121807062012100691076717905881880400200200
02015121807062013100086067315805151670348172176
02015121807062013100095078719505921930399198201
02015121807062013100115078819505931920401200201
02015121807062013100152074218205601830377188189
02015121807062013102061068317805051680337162175
02015121807062013103927067916705121740338171167
02015121807062013104026067116905021650337168169
02015121807062013104886076818205861880398196202
02015121807062013105432069817205261780348174174
02015121807062013105826069917305261740352173179
02015121807062013106041069517105241770347173174
02015121807062013110060067315705161670349173176
02015121807072011104329073018005501820368185183
02015121807072013100888074317705661720394189205
02015121807072013101557073618205541820372190182
02015121807072013101611071517105441750369182187
02015121807072013102413073118605451810364185179
02015121807072013102582072917605531760377188189
02015121807072013102589074118105601680392184208
02015121807072013102852066217104911620329163166
02015121807072013104779067416505091620347168179
02015121807072013105484068416405201760344174170
02015121807082009102554070817305351790356186170
02015121807082010100331065016704831610322160162
02015121807082012105673076520005651970368185183
02015121807082013100226067917805011700331163168
02015121807082013100408071918805311820349188161
02015121807082013100747078619705891940395202193
02015121807082013100817071416905451780367180187
02015121807082013101415073819605421830359182177
02015121807082013101527070717205351730362183179
02015121807082013102443065417204821630319162157
02015121807082013102507077520005751980377196181
02015121807082013102720066117504861590327164163
02015121807082013102954072618405421830359177182
02015121807082013102968072317905441760368185183
02015121807082013103090073519005451810364186178
02015121807082013103333074319405491890360181179
02015121807082013103620066316404991590340168172
02015121807082013104966072918805411830358177181
02015121807082013105641074518805571810376190186
02015121807082013105688070617205341710363183180
02015121807082013106260065317304801620318158160
02015121807092011102826063315904741560318162156
02015121807092013100423066216304991620337166171
02015121807092013102385069517805171760341175166
02015121807092013103068079819606021980404201203
02015121807092013106095080920406051980407204203
02015121807092013110124081221006021950407208199
02015121807102011105825065616604901590331159172
02015121807102013100549069317005231720351174177
02015121807102013102089072618805381870351182169
02015121807102013102296065116704841600324155169
02015121807102013102918065816504931590334164170
02015121807102013102967069617405221700352179173
02015121807102013103005072018305371830354184170
02015121807112010106449067117704941700324167157
02015121807112011106614070717405331760357178179
02015121807112012100331072918805411850356180176
02015121807112012100895073818605521850367184183
02015121807112012102676072617005561800376183193
02015121807112012103950071518005351800355180175
02015121807112012106191071417605381760362181181
02015121807112013101043069416605281640364181183
02015121807112013101239070217105311740357178179
02015121807112013102530072917405551800375186189
02015121807112013104552071917805411830358180178
02015121807112013104767072918305461830363182181
02015121807112013106262072018305371790358182176
02015121807122009100374071518105341770357178179
02015121807122009103759069518105141760338170168
02015121807122010100326063816804701560314153161
02015121807122011101247071018405261860340166174
02015121807122011101942061515604591560303152151
02015121807122011103567068017605041720332170162
02015121807122012104129069917605231710352174178
02015121807122013100977070517105341740360179181
02015121807122013101293068917805111700341167174
02015121807122013102025072118305381830355186169
02015121807122013104524069918705121750337171166
02015121807122013105608070218605161770339172167
02015121807132010100791071218105311780353179174
02015121807132011104599071618505311900341176165
02015121807132012101116086122406372170420213207
02015121807132012101894067917105081650343169174
02015121807132012102972068217205101700340170170
02015121807132013101571086822806402180422218204
02015121807132013102161071818005381800358183175
02015121807142010103182064016504751640311162149
02015121807142012101804062716204651560309150159
02015121807142013100708056515504101420268136132
02015121807142013101950064816604821640318164154
02015121807142013102100063516604691660303161142
02015121807152011100289069517905161760340169171
02015121807152013100457068517605091730336171165
02015121807152013101316067517305021650337167170
02015121807152013101793070418005241760348178170
02015121807152013102005067417205021670335168167
02015121807152013102806070417105331780355180175
02015121807152013103627069117105201740346174172
02015121807152013104940069417705171760341169172
02015121807152013106267070717405331760357179178
02015121807162011103988071016905411680373178195
02015121807162012100361070318305201780342173169
02015121807162013101774066317204911730318163155
02015121807162013101889065015504951580337164173
02015121807162013105103066517404911720319163156
02015121807162013105235069117905121710341167174
02015121807162013106334065415904951590336163173
02015121807172010102460064817004781560322156166
02015121807172011102141068617405121760336168168
02015121807172012102207066716605011690332162170
02015121807172012103398069018205081750333172161
02015121807172012103991074918905601860374189185
02015121807172013104460074418805561900366188178
02015121807172013105294066617204941720322160162
02015121807172013105701067917405051770328163165
02015121807182009105765071819405241850339176163
02015121807182009110028069017705131690344173171
02015121807182010104944063516204731580315159156
02015121807182013100022063616104751590316159157
02015121807182013101278069517705181750343174169
02015121807182013104998070017705231780345175170
02015121807182013105315072617305531840369188181
02015121807182013105682070317405291780351182169
02015121807192010106174067416505091690340173167
02015121807192012101704069917705221770345173172
02015121807192012106226069417305211800341175166
02015121807192013100111072218205401920348183165
02015121807192013101153064216904731630310153157
02015121807192013101182064416604781570321157164
02015121807192013101602063515804771540323160163
02015121807192013105125064216604761550321158163
02015121807192013105524070116705341740360187173
02015121807192013105750074518805571910366186180
02015121807192013105789072918305461860360185175
02015121807192013106166066618004861720314156158
02015121807202009101283068116905121700342171171
02015121807202009106185062117604451560289142147
02015121807202010100034068317805051710334162172
02015121807202010102243056015604041390265133132
02015121807202012101430070517405311740357179178
02015121807202012104139064716904781600318158160
02015121807202012106252069918005191730346176170
02015121807202013100746070017905211730348174174
02015121807202013102133070318405191850334177157
02015121807202013102580071518305321780354179175
02015121807202013103812057215504171410276142134
02015121807202013105563069918005191760343174169
02015121807212009105899065917804811720309157152
02015121807212011104189067117105001640336168168
02015121807212011104633066617404921640328164164
02015121807212012100287064617004761600316156160
02015121807212013102424071318005331680365179186
02015121807212013104886067917505041600344179165
02015121807212013105429064416604781610317160157
02015121807212013105432066617304931640329164165
02015121807212013105712063816704711600311160151
02015121807222010101696068617405121710341173168
02015121807222010103608067517205031650338166172
02015121807222013100202070117305281700358178180
02015121807222013100654068717305141730341171170
02015121807222013102413068517005151660349170179
02015121807222013105375067216905031670336170166
02015121807222013105613069017205181710347177170
02015121807222013105872068717505121720340173167
02015121807232010100331063218004521690283144139
02015121807232013102968072317905441740370185185
02015121807232013103643062216104611550306157149
02015121807232013105641071818005381810357187170
02015121807242009101813070517605291710358176182
02015121807242011104718064016704731610312159153
02015121807242012104257063916504741640310157153
02015121807242013101949063716004771620315163152
02015121807242013103978061413704771480329155174
02015121807252012105673074220005421890353181172
02015121807252013100747072318005431840359182177
02015121807252013101415071118905221680354169185
02015121807252013102507072418005441820362178184
02015121807252013104491072018605341780356183173
02015121807262010103004068818904991780321164157
02015121807262012104278069317305201620358176182
02015121807262013100245075618105751800395193202
02015121807262013105532069918305161790337168169
02015121807262013105535071219605161860330171159
02015121807262013109029066516405011670334170164
02015121807272011104321073519505401840356177179
02015121807282010104402069318805051750330172158
02015121807282010106366064316604771690308157151
02015121807292012100939067715905181740344171173
02015121807292013101571074820005481930355181174
02015121807302011100289068617705091750334168166
02015121807302013104835072118605351820353176177
02015121807312013101702090823806702220448226222
02015121807312013102244075319105621900372191181
02015121807312013105769067418104931770316160156
02015121807342012102602067717305041690335165170
02015121807342012105688066317404891670322160162
02015121807342013109005064916504841580326166160
02015121807352011106350071719305241820342177165
02015121807352013101869071619205241880336169167
02015121807362008103045071717205451720373180193
02015121807362011103739067018104891660323161162
02015121807362012105574072319205311800351177174
02015121807362013105661069517805171780339173166
02015121807372009103814072218705351810354177177
02015121807382012103991066717404931790314164150
02015121807382013103954074117505661830383185198
02015121807392013105315073618205541830371185186
02015121807392013105682071318205311840347174173
02015121807402012105076071617905371790358179179
02015121807402013103849068418205021770325166159
02015121807412012110040065219004621740288152136
02015121807412013102635066715205151610354170184
02015121807412013103126073717405631830380190190
02015121807422010101208064316404791580321154167
02015121807422010110031061513904761430333159174
02015121807422011105664068317405091720337168169
02015121807422012103988068618105051750330172158
02015121807422012104235068617405121710341169172
02015121807422013105381069518205131780335170165
02015121807422013106215063816704711540317158159
02015121807422013106236068417705071720335168167
02015121807432013100807076218605761880388192196
02015121807432013100862067015705131620351171180
02015121807432013103175076018705731900383192191
02015121807432013104929077618405921920400194206
02015121807442011101699072718805391850354175179
02015121807452008104739077119105802010379195184
02015121807452010103195075720005571880369181188
02015121807452013100264075819205661940372184188
02015121807452013101061067717405031690334167167
02015121807452013103460069217005221720350174176
02015121807452013104487075918605731920381189192
02015121807472010104402059818104171390278132146
02015121807472011103729068216405181680350177173
02015121807472012105688072017905411870354188166
02015121807472012106262073819105471880359183176
02015121807472013101946069516705281770351180171
02015121807472013103989070018005201760344171173
02015121807482009110093072017905411800361176185
02015121807482012110039078319805851950390184206
02015121807482013101567071818505331800353181172
02015121807502012103443075221505371910346178168
02015121807502013103101075218805641830381192189
02015121807512011106350070719405131790334173161
02015121807512013101904067916005191640355173182
02015121807522010104261075618005761820394192202
02015121807522011101002070117305281770351175176
02015121807522013100920068817305151660349172177
02015121807522013104957063417204621640298154144
02015121807522013105038070618205241740350170180
02015121807532010103704077020705631960367185182
02015121807532013101885069017105191720347170177
02015121807532013103309069817805201730347171176
02015121807532013105958079120705842000384189195
02015121807542013100918067916405151670348169179
02015121807542013101459069118405071810326171155
02015121807542013102353066816305051620343168175
02015121807542013103191065316404891570332165167
02015121807552013104865069217805141760338167171
02015121807552013105572066017704831680315157158
02015121807572011105664066417304911690322165157
02015121807572012104235066617304931700323166157
02015121807572013105381067117504961680328164164
02015121807572013105743069317505181740344170174
02015121807582013102880069417805161750341173168
02015121807592013102979071118305281780350174176
02015121807592013106398071017805321820350179171
02015121808012008104739070817205361790357179178
02015121808022010103195072018005401820358180178
02015121808022011104256074520705381890349178171
02015121808022013109076073317805551860369185184
02015121808032009110093072018105391730366181185
02015121808032010105402074617105751780397192205
02015121808032013100735075117505761800396191205
02015121808042010110129080920606031970406201205
02015121808042012110039069117805131670346169177
02015121808042013101991079019705931990394199195
02015121808042013105860078820305852020383191192
02015121808282011104184057015004201410279138141
02015121808282012104757068217405081680340167173
02015121808282013105297061116604451530292147145
02015121808292012104669068417905051720333172161
02015121808302010105639085122006312110420214206
02015121808302011100357070918405251770348175173
02015121808302013101756068118005011700331171160
02015121808302013104147067616105151510364170194
02015121808302013104889069516305321590373182191
02015121808312011102041070117805231810342175167
02015121808312013105581070117105301760354180174
02015121808322008100444067016405061630343164179
02015121808332012103354068717705101740336172164
02015121808332013100970066017004901580332164168
02015121808332013102314067717005071770330167163
02015121808342013100598068517205131670346172174
02015121808362013105131071418505291800349177172
02015121808372013100712076120805531910362182180
02015121808382013104198067317704961710325168157
02015121808392011104639058515804271500277140137
02015121808412013104217073419105431800363180183
02015121808442013102556069215005421620380178202
02015121808452013101137071116205491660383184199
02015121808452013102352063314004931470346163183
02015121808462013102798072818705411800361185176
02015121808462013105304068318005031710332169163
02015121808482012105670068518205031730330167163
02015121808482013105454073420205321940338171167
02015121808512012102150070217105311790352176176
02015121808542011102351060816204461530293145148
02015121808542013100237074217605661800386190196
02015121808542013101913070417805261750351176175
02015121808542013103960076018705731830390190200
02015121808552012102188066616605001630337170167
02015121808552013102165066717004971570340164176
02015121808572013105601067117105001680332168164
02015121808572013105843058615104351470288142146
02015121808582010100975067516505101680342169173
02015121808582010104495067316105121620350169181
02015121808582011104291065415804961660330166164
02015121808582012100793066716105061580348169179
02015121808582013100018066716705001610339164175
02015121808582013104701065316304901560334164170
02015121809022012102150066618004861670319165154
02015121809072013102474067518104941680326161165
02015121809082013109113064114904921490343163180
02015121809102007101820105027607742630511244267
02015121809102012102604066915305161550361175186
02015121809102012105988069317105221720350175175
02015121809102013106382071216705451740371183188
02015121809112012101712069017405161700346174172
02015121809112012105480072217705451790366185181
02015121809112013102919068417005141720342175167
02015121809122013100853068516905161630353170183
02015121809122013100857068917205171720345173172
02015121809122013101357070918005291780351182169
02015121809122013101517068217505071710336171165
02015121809122013102004067417205021710331167164
02015121809122013109095069917205271670360172188
02015121809122013109098068217205101690341176165
02015121809142012110077072419405301950335171164
02015121809152010102841083521706182070411214197
02015121809152011100796078320505781910387192195
02015121809152011104019072219805241830341175166
02015121809152011104308078820405841920392196196
02015121809152012104665071418605281860342175167
02015121809152013106108000000000000000000000173
02015121809162013100943061814804701460324155169
02015121809172013104425072217005521750377188189
02015121809192011103898069917905201730347174173
02015121809192013106244070017805221730349173176
02015121809202010110037075619105651830382190192
02015121809202013104215073117905521760376184192
02015121809212012102736065117104801630317160157
02015121809222012109217070417905251800345175170
02015121809222013101566074217805641760388186202
02015121809222013101639068418504991750324167157
02015121809222013102344063415604781470331155176
02015121809222013102829076718405831860397195202
02015121809232012102023062914804811520329160169
02015121809242010101453064514105041580346167179
02015121809242012104329064315804851580327163164
02015121809242013105130063315404791560323161162
02015121809242013105386066015905011650336168168
02015121809262013100431073118905421900352180172
02015121809262013103678070019405061760330168162
02015121809262013104538071619005261780348180168
02015121809482009103518072819505331820351175176
02015121809482011104295062816204661600306156150
02015121809482011105340059415404401460294144150
02015121809482013105784063716604711650306156150
02015121809492008103870063516604691570312156156
02015121809492009102606068317605071680339162177
02015121809492009104863066516505001610339162177
02015121809492009105928063616604701590311158153
02015121809492011106174074119005511810370183187
02015121809492012101907067117105001650335166169
02015121809492012103796068917505141640350179171
02015121809492012104785070418005241660358176182
02015121809492013101481068117405071690338168170
02015121809492013101665065616704891630326162164
02015121809492013103007068817305151680347176171
02015121809492013103771068617005161730343178165
02015121809492013105745067516805071740333169164
02015121809492013106136068817305151660349169180
02015121809502011101005070016805321780354179175
02015121809502011101741067716905081670341168173
02015121809502011103716070217905231710352176176
02015121809502011104277073218405481810367184183
02015121809502011105810069617005261670359179180
02015121809502011106505071317705361760360176184
02015121809502012102089066715805091630346167179
02015121809502012103529069516905261690357173184
02015121809502012103940067217404981650333161172
02015121809502013100655068616905171650352170182
02015121809502013101310077819805801930387193194
02015121809502013102986074818505631810382188194
02015121809502013103213069016705231620361176185
02015121809502013103689069317105221710351170181
02015121809502013104757068516805171740343174169
02015121809512006106754070216905331710362180182
02015121809512012101173067717505021700332168164
02015121809512012109217070318005231750348177171
02015121809512013100569074420305411890352177175
02015121809512013101416079419805961930403196207
02015121809512013102803070118805131690344170174
02015121809512013103311074419505491850364186178
02015121809512013103440071117305381720366177189
02015121809512013104169073218505471830364180184
02015121809512013104464066617504911570334163171
02015121809512013104495071516905461720374179195
02015121809512013104868069917305261730353179174
02015121809512013106230073720005371820355178177
02015121809522009102738069617205241650359172187
02015121809522010102446073318305501850365184181
02015121809522011100715071018005301800350179171
02015121809522011104563068717405131680345171174
02015121809522012101161067115605151570358173185
02015121809522012103090068216705151650350175175
02015121809522012104196069417005241670357173184
02015121809522012105244072317805451810364180184
02015121809522013100082068917505141670347168179
02015121809522013100812073117605551870368184184
02015121809522013101600073718405531840369186183
02015121809522013101783067317205011590342167175
02015121809522013102794070418005241750349177172
02015121809522013102861074219005521840368187181
02015121809522013102957068817805101760334171163
02015121809522013103690070716905381700368177191
02015121809522013104406068917105181700348175173
02015121809522013104961072317505481830365185180
02015121809522013105943070717605311760355181174
02015121809522013106296068917105181680350173177
02015121809532013100170065116204891590330162168
02015121809532013100914069217005221710351177174
02015121809532013101318068916905201670353176177
02015121809532013101609068216305191660353171182
02015121809532013103536066717204951640331168163
02015121809532013104089066216205001650335165170
02015121809532013104429073118905421830359180179
02015121809532013104704061615804581530305154151
02015121809532013106344065616504911620329163166
02015121809542010104124066215905031590344165179
02015121809542012102816067916405151610354170184
02015121809542012103930067316505081580350168182
02015121809542013110029067216405081570351169182
02015121809552009102981071518205331770356176180
02015121809552013102098069517005251740351172179
02015121809552013103977069817905191700349171178
02015121809562010104450066316404991640335165170
02015121809562011104771070418305211740347177170
02015121809562013100791068518205031660337171166
02015121809562013103953076520105641940370190180
02015121809562013103964070018105191680351177174
02015121809562013104492072716805591820377193184
02015121809562013105112071218405281700358176182
02015121809562013105665071217305391800359180179
02015121809562013105983076620005661960370189181
02015121809582008100266063816204761570319156163
02015121809582010104559069118205091710338171167
02015121809582011104205063816204761560320160160
02015121809582013103245069418005141820332174158
02015121809582013104504069617305231710352178174
02015121809582013104828068317105121690343177166
02015121809582013105244069618005161710345174171
02015121809592013100189075819905591920367184183
02015121809592013101441070617405321700362180182
02015121809592013101681071517105441800364185179
02015121809592013101953066217504871670320160160
02015121809592013102510076019305671990368184184
02015121810002009100949061416004541550299145154
02015121810002012101566066818204861720314163151
02015121810002013101799071717805391810358182176
02015121810002013102209071218305291720357178179
02015121810002013103587072218105411800361182179
02015121810012008103120063916204771580319158161
02015121810012010104306064016204781580320158162
02015121810012012103680063515904761570319161158
02015121810012012105752071219405181830335171164
02015121810012013100218062716004671530314159155
02015121810012013103687062515904661520314162152
02015121810032009104863067718004971690328164164
02015121810042012101907062316104621550307151156
02015121810042013101481070619205141780336170166
02015121810042013106136072119805231830340173167
02015121810052011101005067816705111730338173165
02015121810052012102089066015205081650343167176
02015121810062011103716066817304951700325168157
02015121810062013102794069318605071780329171158
02015121810062013102957067818404941790315162153
02015121810062013104868070218205201680352176176
02015121810062013105833072619905271750352175177
02015121810072009102981066816805001600340166174
02015121810072012100733068415305311660365177188
02015121810072013104431069415705371680369181188
02015121810082010102446072118905321800352179173
02015121810082012105244071917905401800360177183
02015121810082013100791066618204841610323162161
02015121810082013100812072118405371820355177178
02015121810082013101600071118405271720355182173
02015121810082013103311071419305211790342176166
02015121810082013104961070117805231720351175176
02015121810092013101317069618805081750333162171
02015121810092013102640070917205371670370181189
02015121810092013104406073217905531790374190184
02015121810102011101304072216705551740381189192
02015121810102011105730071718205351860349173176
02015121810112013104828066117204891610328162166
02015121810122012104582060816504431500293145148
02015121810122013105888065517004851600325162163
02015121810122013106172065516904861600326160166
02015121810132011102566072218005421820360182178
02015121810162010104258059315304401440296143153
02015121810162013101169067017504951650330164166
02015121810162013104847072218205401780362178184
02015121810192012100961067516705081590349168181
02015121810192012101569067816705111670344165179
02015121810192013100590069617505211710350176174
02015121810192013103148064814805001530347166181
02015121810222013102110069618405121740338170168
02015121810222013102277072117905421860356180176
02015121810232013106050082221606062070399201198
02015121810262013100321066717604911660325162163
02015121810392013103178070917505341720362168194
02015121810392013103308071517405411710370179191
02015121810452013106050072918305461850361181180
02015121810462012104915071017405361800356177179
02015121810472011104144070018405161780338172166
02015121810472013100162074418905551780377187190
