12015123006562008101638063617404621590303154149
12015123006572011103161072519705281790349184165
12015123006572011105062068819004981730325167158
12015123006572013101782073118905421830359177182
12015123006572013101828054915403951400255128127
12015123006572013103891053814303951360259130129
12015123006572013105296068317905041680336178158
12015123006572013105388059015904311520279143136
12015123006572013105627053514403911360255128127
12015123006572013105773073019105391800359183176
12015123006582010101761064415604881610327166161
12015123006582011102464055615104051420263135128
12015123006582011105451055315304001380262132130
12015123006582012100604052514103841390245123122
12015123006582012104167053114103901370253128125
12015123006582012105510055816203961470249128121
12015123006582012110043052114303781330245124121
12015123006582013100269054115603851410244122122
12015123006582013100677055215104011420259133126
12015123006582013101382070719205151800335165170
12015123006582013101421063717704601630297151146
12015123006582013101735065817304851660319155164
12015123006582013102310053314703861380248124124
12015123006582013103144063116404671600307159148
12015123006582013103255054615803881410247125122
12015123006582013103343064216304791510328154174
12015123006582013103409053114903821390243122121
12015123006582013103671059915804411510290145145
12015123006582013103926061615604601530307154153
12015123006582013104119065218004721660306152154
12015123006582013104590065716604911610330161169
12015123006582013104958064618804581670291151140
12015123006582013105157065018004701650305152153
12015123006582013105612053614803881400248124124
12015123006582013106040062216204601540306159147
12015123006582013106163062616904571540303151152
12015123006582013110063054115503861340252128124
12015123006582013110069066716305041660338166172
12015123006592009100509060615504511520299148151
12015123006592009110065070516905361720364181183
12015123006592010100280065918304761570319160159
12015123006592010101569066017304871630324158166
12015123006592010102102051914203771320245121124
12015123006592011103958065918304761700306157149
12015123006592011106114056815404141400274139135
12015123006592011106585068217505071720335170165
12015123006592012101725056015204081480260133127
12015123006592012102360067218604861570329175154
12015123006592012103158051614203741290245120125
12015123006592012103337068117605051760329168161
12015123006592012103493064517204731590314157157
12015123006592012103502067217404981620336166170
12015123006592012104098066017404861690317163154
12015123006592013100390065717604811690312159153
12015123006592013100416055714904081470261132129
12015123006592013101145068217205101640346170176
12015123006592013102154056414604181490269144125
12015123006592013103091067418304911580333171162
12015123006592013103250067316605071670340169171
12015123006592013103647061815604621590303157146
12015123006592013103715062516904561600296146150
12015123006592013104049064217004721580314152162
12015123006592013105369062915604731610312155157
12015123006592013105387054215103911370254127127
12015123006592013105681056214504171490268143125
12015123006592013106060055515504001400260132128
12015123006592013106088065016904811680313163150
12015123006592013106426066316904941610333164169
12015123007002008102762063815304851530332164168
12015123007002009104256055916903901420248120128
12015123007002009106127060415804461520294150144
12015123007002010101884064617004761610315162153
12015123007002011101881053614403921380254124130
12015123007002011103620060616804381500288145143
12015123007002011103957051914303761300246122124
12015123007002011104022057116004111520259131128
12015123007002011104125061417204421500292147145
12015123007002011104232051113503761280248120128
12015123007002011105824066316404991710328161167
12015123007002012100627052115103701270243117126
12015123007002012101984062317604471550292146146
12015123007002012104172061816204561460310150160
12015123007002012104887056415904051490256130126
12015123007002013101523063716304741660308160148
12015123007002013101604062816404641550309157152
12015123007002013101671052413703871300257124133
12015123007002013102483051513603791290250120130
12015123007002013102666055916603931440249121128
12015123007002013102843066316904941730321161160
12015123007002013103543062416704571520305148157
12015123007002013103554066116404971750322165157
12015123007002013103846065617904771640313161152
12015123007002013104231056015304071440263135128
12015123007002013104475052313803851290256123133
12015123007002013105227055815004081440264135129
12015123007002013105603065517104841630321160161
12015123007002013105902068017705031740329162167
12015123007002013105930066919004791650314157157
12015123007002013106022054715003971420255127128
12015123007002013106189063717804591610298151147
12015123007002013106408065516904861560330170160
12015123007012010104068056214304191380281140141
12015123007012010104221063016804621620300151149
12015123007012010109146072119205291810348176172
12015123007012011101542056216703951480247125122
12015123007012011104001064617904671530314149165
12015123007012012101373063817804601630297155142
12015123007012012102314075320205511980353184169
12015123007012012103929057015404161450271136135
12015123007012012104508072519105341820352177175
12015123007012012110058063818004581650293150143
12015123007012013103395062818404441680276140136
12015123007012013103742056215204101470263133130
12015123007012013103992055115104001420258126132
12015123007012013104469072819705311830348173175
12015123007012013104699055816503931460247125122
12015123007012013105663056314304201390281139142
12015123007012013105865074419505491950354190164
12015123007012013105896072919005391910348176172
12015123007012013109025076021605441910353181172
12015123007022010102011057315604171480269137132
12015123007022010102017056916404051460259130129
12015123007022011100364073922405151900325178147
12015123007022011103632056116303981440254128126
12015123007022011104273074823005181960322172150
12015123007022011104344081124205692070362191171
12015123007022012101980064418804561650291150141
12015123007022012103847065016504851680317163154
12015123007022012104083054515303921370255127128
12015123007022012104781068618804981720326165161
12015123007022012104787054515403911370254127127
12015123007022013101238080423805662010365192173
12015123007022013105738081524405712070364193171
12015123007022013105749067817904991740325169156
12015123007022013106177072620805181770341175166
12015123007022013110047075919705621980364184180
12015123007022013110084057315404191480271137134
12015123007032008105982066117604851610324158166
12015123007032010103921072019305271820345177168
12015123007032010104993069618405121740338171167
12015123007032011100066066117204891670322164158
12015123007032011102511071119105201850335171164
12015123007032011102929064416404801550325165160
12015123007032012100740066016804921660326161165
12015123007032012101936065617004861630323165158
12015123007032012106346068118105001750325163162
12015123007032013100401055415004041380266134132
12015123007032013100724064317204711610310158152
12015123007032013100779067917405051700335172163
12015123007032013101586069817805201710349175174
12015123007032013101719070718005271740353179174
12015123007032013102879075321605371870350178172
12015123007032013103006076621905471980349175174
12015123007032013103152072718905381910347176171
12015123007032013103613068618305031710332171161
12015123007032013104232069918505141800334170164
12015123007032013105393075121805331860347176171
12015123007032013105583068017305071690338171167
12015123007032013105588069918905101760334172162
12015123007032013106119055615104051390266135131
12015123007032013106473071118505261770349181168
12015123007042007106459054114303981400258130128
12015123007042010101982067818304951720323163160
12015123007042011103085059416104331570276147129
12015123007042011103484068718105061730333171162
12015123007042011104161066217504871720315158157
12015123007042011104713063216704651560309155154
12015123007042011110096067918004991630336164172
12015123007042012100623069318405091780331169162
12015123007042012101005056116203991470252130122
12015123007042013100053065216804841640320162158
12015123007042013101824065316104921590333167166
12015123007042013102459066417404901740316157159
12015123007042013102924054415303911420249125124
12015123007042013104186067517804971560341166175
12015123007042013104954067317704961750321161160
12015123007042013105331070819905091770332169163
12015123007042013105659061318704261610265140125
12015123007042013106052062116304581540304155149
12015123007042013106286053415103831420241122119
12015123007052007101798068819104971710326162164
12015123007052011103993064516604791560323160163
12015123007052011105548053214103911360255129126
12015123007052012101565061715304641540310157153
12015123007052012104084063717604611690292151141
12015123007052012104926065017004801630317158159
12015123007052012105581067517505001660334165169
12015123007052013100224066417804861640322162160
12015123007052013100547062916204671580309156153
12015123007052013100640064416404801690311158153
12015123007052013102373066219304691670302154148
12015123007052013102912069319404991670332164168
12015123007052013103520066517004951640331164167
12015123007052013103582063916504741480326164162
12015123007052013103957066617304931610332162170
12015123007052013104050065817004881730315160155
12015123007052013105323065516004951620333166167
12015123007052013105440069119404971770320161159
12015123007052013105631052613703891340255129126
12015123007052013105879067217304991600339166173
12015123007062008104697070218705151740341171170
12015123007062009105738064916704821610321161160
12015123007062010105065066116704941610333164169
12015123007062012104941058415204321460286142144
12015123007062012106375067517205031710332167165
12015123007062013100523065417104831630320163157
12015123007062013101270057014304271380289143146
12015123007062013101994064217404681590309154155
12015123007062013103017066418004841600324164160
12015123007062013103187073819405441800364185179
12015123007062013103264056714104261380288144144
12015123007062013103693065517304821620320163157
12015123007062013103819069217105211740347173174
12015123007072010103862063917004691560313155158
12015123007072010105925075120905421800362184178
12015123007072011105806065017004801640316161155
12015123007072012101382074921005391790360185175
12015123007072012101386066417004941690325161164
12015123007072012102014067618404921730319162157
12015123007072012104037057715404231470276136140
12015123007072012106224075020905411800361185176
12015123007072012106253066016404961680328169159
12015123007072013100330069016405261670359178181
12015123007072013100982067118604851670318155163
12015123007072013102832066816805001650335165170
12015123007072013102848058715704301510279137142
12015123007072013103571067417005041710333165168
12015123007072013104498066118204791620317159158
12015123007072013104702071218805241790345171174
12015123007072013105803064016104791640315157158
12015123007072013105936063117604551580297150147
12015123007082009101016063516604691540315158157
12015123007082009101516060916704421510291145146
12015123007082010104219063116404671590308155153
12015123007082010104347067717405031760327167160
12015123007082011100790063916504741570317155162
12015123007082011106419069918805111690342172170
12015123007082012100308063717104661560310152158
12015123007082012100690065917704821630319158161
12015123007082012101351063516804671580309158151
12015123007082012102402064817104771600317154163
12015123007082012104426063617504611620299153146
12015123007082013100430067317504981650333163170
12015123007082013100520064317404691580311152159
12015123007082013100951070218905131730340159181
12015123007082013102299062016204581550303150153
12015123007082013102737070619305131720341172169
12015123007082013102820065816804901660324164160
12015123007082013103079065716604911700321160161
12015123007082013103537062816404641530311154157
12015123007082013104355067918804911650326165161
12015123007082013105504064416804761620314160154
12015123007082013106099065617704791570322160162
12015123007082013106443068018804921660326165161
12015123007092010105235066217804841710313162151
12015123007092011103660070718505221780344174170
12015123007092011104435066118204791630316160156
12015123007092012102748066417504891670322159163
12015123007092012102958065317104821650317162155
12015123007092012103739071018605241770347177170
12015123007092013102455068317105121700342172170
12015123007092013103217068216905131680345176169
12015123007092013103263070117905221740348175173
12015123007092013103274070518605191710348176172
12015123007092013105140064916504841660318160158
12015123007092013106097067717705001700330168162
12015123007092013109138068217105111720339170169
12015123007102009106604070919005191750344174170
12015123007102010101958062917604531550298142156
12015123007102011105913065617104851630322161161
12015123007102012101972066418604781650313156157
12015123007102012102265054015203881330255128127
12015123007102013101387054915003991380261134127
12015123007102013102781070319305101830327167160
12015123007102013102983071018405261770349174175
12015123007102013103706064617804681650303154149
12015123007102013106106066718204851770308157151
12015123007112009105270070918405251840341177164
12015123007112011110003064818404641610303152151
12015123007112012101830071018505251780347180167
12015123007112012102774068218604961690327165162
12015123007112012103439072918505441880356182174
12015123007112012105033067516705081870321171150
12015123007112013100391068317405091770332169163
12015123007112013100612071818505331840349176173
12015123007112013102302063216804641640300156144
12015123007112013102978054115403871360251124127
12015123007112013103355068818005081750333167166
12015123007112013103498061218104311550276141135
12015123007112013103592066816205061640342171171
12015123007112013104330055116003911390252126126
12015123007112013104683067117604951670328164164
12015123007112013105268063617104651570308152156
12015123007122009100570066817904891670322164158
12015123007122012102111061816204561590297152145
12015123007122012102123062114804731570316158158
12015123007122012106365062515804671510316152164
12015123007122013101323064117604651650300154146
12015123007122013104860061315904541520302152150
12015123007122013110043069619605001720328164164
12015123007132007103350053814903891380251126125
12015123007132009104414055514904061410265132133
12015123007132011106427063216304691560313152161
12015123007132012103752070619705091690340179161
12015123007132012104572061616804481560292144148
12015123007132013100789055815004081410267133134
12015123007132013100991066417704871740313159154
12015123007132013101795064215704851600325162163
12015123007132013104990064916204871560331164167
12015123007132013105172063517004651580307154153
12015123007132013105538066617504911680323160163
12015123007132013105648067518704881590329165164
12015123007132013109041063116204691580311154157
12015123007132013109046072120105201850335169166
12015123007142010109146063818904491600289152137
12015123007142011100364055115903921410251127124
12015123007142011102894066017304871570330163167
12015123007142011103927056215404081350273137136
12015123007142011104065064916304861610325164161
12015123007142011104273054215503871390248125123
12015123007142012100363066418904751700305148157
12015123007142012100517068618704991760323167156
12015123007142013100663069119005011730328166162
12015123007142013103623067016505051590346169177
12015123007142013106378065216204901620328162166
12015123007152008102919071618505311800351177174
12015123007152008104829064017204681590309154155
12015123007152010103850069318805051770328172156
12015123007152010106482073520205331790354181173
12015123007152011104182065918304761700306157149
12015123007152012102314066018204781740304161143
12015123007152012103348070221004921820310161149
12015123007152012104508070819605121840328179149
12015123007152012105263071319905141860328167161
12015123007152013100839067017804921620330164166
12015123007152013104469059116204291550274140134
12015123007152013104673066018604741730301153148
12015123007152013105595065818504731730300153147
12015123007152013105865065718004771720305160145
12015123007152013105896057815404241510273140133
12015123007152013106177069721104861790307161146
12015123007152013109025060116604351550280146134
12015123007152013110047071020505051840321171150
12015123007162009102706066317704861680318161157
12015123007162010102500066417504891680321157164
12015123007162010103602066217804841680316162154
12015123007162011103748064917304761650311156155
12015123007162011104855066518104841650319159160
12015123007162011106084063917404651600305148157
12015123007162012102773069618805081730335167168
12015123007162012104407071819705211810340175165
12015123007162012105305065116604851680317162155
12015123007162013100304066017804821600322162160
12015123007162013103903069419005041700334164170
12015123007162013104044065317104821670315169146
12015123007162013104363069918005191690350171179
12015123007162013104595067217704951720323164159
12015123007162013105011073018605441760368182186
12015123007162013105097069418705071730334169165
12015123007162013109146072918705421770365183182
12015123007172008105982067718104961650331163168
12015123007172010100622069318405091760333174159
12015123007172010103915064116904721620310156154
12015123007172011104231064517804671640303151152
12015123007172011105889065218204701620308154154
12015123007172012100406066817304951670328168160
12015123007172012100740068917305161690347172175
12015123007172012104926063416004741570317155162
12015123007172013100015067817105071690338170168
12015123007172013100904068518305021700332169163
12015123007172013101586068618005061710335169166
12015123007172013101719070118205191810338173165
12015123007172013105588070218605161760340171169
12015123007172013106336070518205231730350173177
12015123007172013110010067917505041680336170166
12015123007182009106545065416004941710323160163
12015123007182010104387056115404071490258135123
12015123007182012105830066017704831630320161159
12015123007182013100975067318004931690324161163
12015123007182013104509067917805011760325165160
12015123007182013105158067617904971740323164159
12015123007182013105192065916704921630329167162
12015123007192011103917055514704081390269131138
12015123007192011103993065017104791560323162161
12015123007192012100591069916605331770356175181
12015123007192012101723067218204901680322162160
12015123007192012110097055915404051440261129132
12015123007192013102096070218305191700349173176
12015123007192013105039068018704931660327163164
12015123007192013105160066117304881650323163160
12015123007192013106082055414704071400267131136
12015123007192013106301070317505281780350169181
12015123007192013110117067918704921670325162163
12015123007202007106369000000000000000000171000
12015123007202009100622067716705101790331169162
12015123007202009105925063816804701530317155162
12015123007202010100815054815203961430253125128
12015123007202010106119054515403911420249124125
12015123007202011102617068718305041740330164166
12015123007202013101723067817305051670338166172
12015123007202013102631069920304961720324168156
12015123007202013103410066717004971760321164157
12015123007202013104601065917304861570329177152
12015123007202013104608070320105021720330167163
12015123007202013105602071619405221840338174164
12015123007202013106313067017804921750317165152
12015123007202013109168064016604741580316161155
12015123007212011104164066518004851640321162159
12015123007212011104878054214903931360257126131
12015123007212011105350079623305632000363187176
12015123007212012103425065617104851620323163160
12015123007212012106047061515804571520305155150
12015123007212012110066069517505201820338171167
12015123007212013100057078923005591970362189173
12015123007212013103804066517904861700316165151
12015123007212013110066067918004991640335170165
12015123007222009103514060415604481550293144149
12015123007222011100497062216004621540308156152
12015123007222011102545055515404011430258133125
12015123007222011105916067917305061740332168164
12015123007222012102810073719105461790367192175
12015123007222012103587054215503871380249122127
12015123007222012104082070517905261830343172171
12015123007222013102430068318105021660336167169
12015123007222013102804064415804861510335158177
12015123007232010101874064416204821670315162153
12015123007232011102556056015704031420261136125
12015123007232011105118065515804971630334168166
12015123007232011105804054615103951450250126124
12015123007232012105427054215103911360255124131
12015123007232013100511064316804751620313158155
12015123007232013101358062715704701560314157157
12015123007232013102846065016604841650319160159
12015123007232013103160069517005251820343177166
12015123007232013103411054615303931360257124133
12015123007232013103852065216104911630328163165
12015123007242010106242068118704941670327167160
12015123007242011101777056814904191460273137136
12015123007242012101438065916104981630335171164
12015123007242012102073065618004761620314157157
12015123007242012105200069519005051740331171160
12015123007242013101513053314403891350254126128
12015123007242013102149068618804981720326168158
12015123007242013106086062015604641510313152161
12015123007252009105017052914203871330254130124
12015123007252010102104069819105071830324168156
12015123007252010104048066318004831600323161162
12015123007252011101031070117605251810344174170
12015123007252012100849053614303931360257126131
12015123007252013102192064616404821590323159164
12015123007252013103676063515904761580318165153
12015123007252013104055070219005121730339168171
12015123007252013105779064816504831650318159159
12015123007262011102076069418605081760332167165
12015123007262013102547079526105341780356182174
12015123007262013110007067518204931790314160154
12015123007272011105569053814203961410255126129
12015123007272012104134054514703981430255128127
12015123007272013101378064217104711570314156158
12015123007272013102855062817404541520302148154
12015123007272013103431063716504721550317160157
12015123007272013105566065618004761690307159148
12015123007272013105582053914703921410251127124
12015123007272013105634065317704761690307159148
12015123007272013105748054614703991420257133124
12015123007282009103165063816704711570314157157
12015123007282011103430064615804881690319156163
12015123007282011103431064115704841610323163160
12015123007282011106526065318204711600311160151
12015123007282012101757063616304731630310152158
12015123007282012103207063216004721590313157156
12015123007282013100504064715904881610327162165
12015123007282013100731064116704741590315155160
12015123007282013102213063416304711590312159153
12015123007282013102351062816104671540313159154
12015123007282013103117065317104821590323160163
12015123007282013104016064417004741610313156157
12015123007282013104365064316104821630319163156
12015123007282013105114068018804921700322161161
12015123007282013105670063716904681590309156153
12015123007292010104137064618204641590305152153
12015123007292011103899065917504841600324159165
12015123007292012101374064217104711530318154164
12015123007292012105240063417004641550309150159
12015123007292013103559066818304851670318161157
12015123007292013104227063716804691540315155160
12015123007292013106118064016604741570317159158
12015123007292013106191061016904411480293145148
12015123007292013106477063716404731640309150159
12015123007302008103173063817604621580304156148
12015123007302010104113070619405121810331168163
12015123007302012104772066117504861660320161159
12015123007302013102049064817704711620309157152
12015123007302013104453067619004861610325168157
12015123007302013104560068918505041730331168163
12015123007302013105521068117805031670336166170
12015123007302013106317068717905081730335170165
12015123007302013110048067017604941730321163158
12015123007312011102225068818105071740333165168
12015123007312011110099062916504641610303155148
12015123007312012101855063416304711650306156150
12015123007312012104646063916804711610310157153
12015123007312012105830064817604721610311153158
12015123007312013100395070217805241790345176169
12015123007312013103188065817504831600323162161
12015123007322011104191067517904961730323166157
12015123007322012101505067517604991640335166169
12015123007322013100606072719505321830349175174
12015123007322013100898071919905201810339167172
12015123007322013106300075519805571950362189173
12015123007332012101555064317504681630305148157
12015123007332012104667056117103901430247125122
12015123007332013100602068718205051750330168162
12015123007332013100705066617904871670320160160
12015123007332013105467066517804871720315159156
12015123007332013106235066518004851700315161154
12015123007342010105904063916804711630308154154
12015123007342011110089066216205001660334170164
12015123007342013101376066916705021620340169171
12015123007342013101817066017404861640322162160
12015123007352012101431064917204771710306160146
12015123007372008101076053013903911290262127135
12015123007372012105810055715704001380262127135
12015123007372013100297055215603961370259127132
12015123007372013101364053414203921310261127134
12015123007382013100166067016305071660341167174
12015123007382013102305063916904701530317154163
12015123007382013103182071119905121790333168165
12015123007392009104149064317204711610310154156
12015123007392010100666066917104981680330164166
12015123007392010105167071618405321820350176174
12015123007392011104995069918405151760339170169
12015123007392012100611067018404861680318158160
12015123007392012100883070118905121730339174165
12015123007392012101312068316505181730345169176
12015123007392012105845067118204891580331161170
12015123007392013100887067718704901650325161164
12015123007392013103766067316705061650341173168
12015123007402011106081067218104911690322162160
12015123007402013105593066717604911680323163160
12015123007412013106190058314604371430294151143
12015123007422010104113058315304301460284144140
12015123007422012104772057915004291490280145135
12015123007422013104560058515304321510281144137
12015123007422013106317058415104331490284149135
12015123007432010102994062917104581640294149145
12015123007432011104269058714804391500289143146
12015123007432012103211064117104701750295149146
12015123007432012106071054014004001380262130132
12015123007432012110090064816604821670315156159
12015123007432013104212068219004921690323162161
12015123007432013104496063216104711630308151157
12015123007432013105389054113904021380264131133
12015123007432013105658063216704651600305155150
12015123007442009105000066516904961710325166159
12015123007442011103009066618204841740310167143
12015123007442011104293066815905091680341170171
12015123007442013100323054714204051390266132134
12015123007442013103823055714504121440268141127
12015123007442013106294053813804001390261129132
12015123007452009104934052414503791310248122126
12015123007452013103534064516604791610318166152
12015123007452013103777064917504741630311152159
12015123007452013104328063216004721540318163155
12015123007462008104798053014603841340250123127
12015123007462012110079055515204031350268132136
12015123007462013103326054515003951380257129128
12015123007472010106028065617504811580323160163
12015123007472011100464068617805081710337166171
12015123007472011103306068317205111740337169168
12015123007472011105849064517704681650303158145
12015123007472012101359070317505281770351186165
12015123007472013100593059215304391490290144146
12015123007472013101798070917805311740357188169
12015123007472013103057065916804911580333168165
12015123007472013103538065616704891570332165167
12015123007482011101782065017104791570322162160
12015123007482013102941066116504961650331167164
12015123007482013104304066517004951660329163166
12015123007492008102219070018305171710346173173
12015123007492011101588070420904951710324165159
12015123007492011102051071718905281770351182169
12015123007492012110004068519304921830309164145
12015123007502011100136067317904941650329165164
12015123007502012102342066617004961660330167163
12015123007502013103897066717104961690327165162
12015123007502013104020075119205591890370190180
12015123007502013105573067817904991660333162171
12015123007502013105685066817004981690329165164
12015123007512009105834063416604681580310157153
12015123007512011105180063317504581530305153152
12015123007512012104742067217804941700324165159
12015123007512013100419062816004681550313154159
12015123007512013101873063215704751540321156165
12015123007512013102145064917104781560322168154
12015123007522009106305064117204691560313156157
12015123007522010102883057514304321400292140152
12015123007522010104985063216304691530316159157
12015123007522012104563065817704811530328153175
12015123007522013100784063216104711560315160155
12015123007522013101688075219505571930364182182
12015123007522013103719067318504881710317166151
12015123007532012105131060715904481520296148148
12015123007532013100992068216905131710342171171
12015123007532013103969067217804941710323161162
12015123007532013105686067118304881720316162154
12015123007532013105737067118004911620329159170
12015123007532013105964069418105131730340171169
12015123007542010101086057817004081540254128126
12015123007542011104665072519905261920334172162
12015123007542012100936069517305221730349176173
12015123007542012101342070617505311790352179173
12015123007542013103522067216905031690334167167
12015123007552011101183054914404051520253127126
12015123007552011105186072319805251790346175171
12015123007552012103494057615004261630263135128
12015123007552012104431054714404031460257130127
12015123007552013102680076620005661860380190190
12015123007552013105033054714704001450255127128
12015123007562011106304067015705131780335167168
12015123007562013106141067919804811670314158156
12015123007572012104067064515604891640325161164
12015123007582011104062057415004241460278137141
12015123007582012102956056314504181460272139133
12015123007582013102492055315403991360263131132
12015123007582013103110062315904641580306154152
12015123007582013103434064816904791640315163152
12015123007592011104481068518904961710325165160
12015123007592012105616068517105141790335167168
12015123008002011100464065916804911680323166157
12015123008002012102157065018304671660301153148
12015123008012010104983056816204061490257125132
12015123008012012101290067817805001730327168159
12015123008012013103363068117405071860321167154
12015123008012013105968056815104171540263133130
12015123008022011100139061415104631460317155162
12015123008022013105929058414304411420299144155
12015123008022013106299058714604411410300145155
12015123008032011104456063916704721580314156158
12015123008032013105737067517305021660336166170
12015123008032013105964068517205131770336172164
12015123008042011104366058815304351490286138148
12015123008042013100353065617104851640321163158
12015123008042013103901067818304951720323164159
12015123008202012100590053614503911390252126126
12015123008202012104491066817404941720322162160
12015123008202013101989065217104811670314159155
12015123008212009101391059715504421470295146149
12015123008212011104366052413703871320255127128
12015123008212011104456053814103971370260131129
12015123008212012100744054015003901450245123122
12015123008212012103076064817004781690309158151
12015123008212013100641055614504111470264139125
12015123008212013105336058115104301460284151133
12015123008212013110125063117204591540305151154
12015123008222008101350062619704291660263131132
12015123008222013102038066318404791620317157160
12015123008222013105628062517104541610293150143
12015123008232012103376066917104981630335163172
12015123008232013101023064417104731640309152157
12015123008232013105180070518405211730348175173
12015123008232013106456066317004931650328165163
12015123008242012102092059816104371490288145143
12015123008252009105122064816604821730309156153
12015123008252012105723064816904791610318156162
12015123008252013100472068517605091750334169165
12015123008252013102523067517704981670331168163
12015123008252013103497066416205021720330169161
12015123008252013110038068017705031660337169168
12015123008262013102259066315705061590347167180
12015123008272009103053053214203901340256131125
12015123008272013102320066716605011700331168163
12015123008282012105123063216204701580312155157
12015123008282013103362064316904741660308155153
12015123008282013105629064917604731590314159155
12015123008302012104350054115103901400250124126
12015123008302013104374054415303911400251124127
12015123008302013105397055715803991420257129128
12015123008302013105598063217404581590299153146
12015123008302013106181056016004001420258129129
12015123008312013100765063216804641640300155145
12015123008312013105302062617904471660281145136
12015123008322013105197066416604981640334168166
12015123008322013106202068317305101690341169172
12015123008332010104886062616904571530304156148
12015123008332012101515060916304461500296147149
12015123008332013100689070218505171780339171168
12015123008342011100419053814803901350255128127
12015123008342013100567068417905051760329167162
12015123008342013102710059815204461470299145154
12015123008382012100481066816904991660333169164
12015123008402009105704066816305051690336167169
12015123008462013103502053514603891350254128126
12015123008462013103564052613603901330257126131
12015123008462013105951053214403881350253127126
12015123008472012104907064415904851580327161166
12015123008512012104882067616505111700341175166
12015123008512013102364062315204711530318158160
12015123008512013104500067517405011710330169161
12015123008522013106341074719705501880362184178
12015123008562013100998063215904731570316159157
12015123008562013103685068217305091750334166168
12015123008562013105694069819105071750332168164
12015123008582013104370068716205251650360178182
12015123008582013106447064016304771520325161164
12015123008592010102508066217304891640325167158
12015123009002010100540074418905551840371185186
12015123009002011106021053715003871340253123130
12015123009002012104516075120505461930353179174
12015123009002012104760075420505491950354180174
12015123009012011105562060915304561480308151157
12015123009012011106102066216105011660335169166
12015123009022013103243070117405271650362174188
12015123009022013104077064916404851600325162163
12015123009032011103055068517805071710336169167
12015123009032013102013072620905171860331169162
12015123009032013105510069517305221760346173173
12015123009052013100845055314904041380266129137
12015123009052013105187054314503981380260128132
12015123009062010105143064814805001480352172180
12015123009062013101469068115905221640358180178
12015123009092008101020061417604381500288145143
12015123009092011106404064516304821610321162159
12015123009102012104046063215604761380338161177
12015123009102013101407068918405051650340170170
12015123009102013102770063416604681620306158148
12015123009102013104248067117504961650331167164
12015123009102013104788061516604491580291148143
12015123009112009106306057615804181510267137130
12015123009112011105044068019004901720318169149
12015123009112012104104057615804181510267137130
12015123009112013101522068820204861690317167150
12015123009122011105681066517404911660325164161
12015123009122013103128073020605241870337187150
12015123009122013103157070121104901730317168149
12015123009122013104489073320205311920339189150
12015123009122013106218073320905241910333183150
12015123009132012104516071119905121860326175151
12015123009132012104760071420005141880326176150
12015123009132013100522061715504621500312157155
12015123009132013101220062115704641560308157151
12015123009142009110089075520505501910359180179
12015123009142011103443072121605051830322169153
12015123009142011103688073119505361840352191161
12015123009142013103526075320405491860363186177
12015123009142013110036072319505281830345175170
12015123009152008102205064817404741650309156153
12015123009152012105337069417605181830335181154
12015123009152013100289063217404581560302149153
12015123009162009105843053415103831350248120128
12015123009162010106016053515503801320248122126
12015123009162012103640064615704891620327161166
12015123009162013102456069018305071740333171162
12015123009162013103963053213903931300263126137
12015123009162013104488053214703851350250123127
12015123009162013104845053014503851340251123128
12015123009162013105693053513803971280269127142
12015123009172011105024064316604771610316163153
12015123009172012103663057817704011520249121128
12015123009172012105194058918204071570250122128
12015123009172013101874067817904991730326163163
12015123009172013102232054715003971410256127129
12015123009172013103082054615103951400255126129
12015123009182012102456068818505031670336170166
12015123009182012103426071819405241820342174168
12015123009182013103374054013904011320269133136
12015123009182013103801053513803971330264131133
12015123009182013105981062916404651530312153159
12015123009192009106109069218205101790331170161
12015123009192012102955069018005101750335170165
12015123009192013104663070119605051730332167165
12015123009202008106586066817404941660328167161
12015123009202010104695066216804941670327165162
12015123009202011104676063416404701600310159151
12015123009202012105261064115204891570332168164
12015123009202013101128069318105121800332168164
12015123009202013101575061414404701480322158164
12015123009202013103507061015204581480310154156
12015123009202013104988068617905071770330169161
12015123009202013109011065016904811580323166157
12015123009212009103816059516004351500285137148
12015123009212011101038060016304371510286142144
12015123009212011101138068319404891760313157156
12015123009212012100585055014604041390265133132
12015123009212012101765054714104061380268134134
12015123009212012109109064616704791560323163160
12015123009212013101678070918605231780345171174
12015123009212013101792065416904851590326160166
12015123009212013101832064015804821600322155167
12015123009212013102949065516804871580329161168
12015123009212013103233067617005061710335163172
12015123009222011102532068217805041690335164171
12015123009222012105587065816504931670326162164
12015123009222013100673069818105171810336169167
12015123009222013103001069818205161790337171166
12015123009222013103403063117604551510304148156
12015123009232010100151061615904571480309150159
12015123009232010101475065816704911580333163170
12015123009232011103896065217004821640318161157
12015123009232011106135067818204961670329165164
12015123009232012104493074319205511840367185182
12015123009232013103754066816705011650336165171
12015123009242012104708065317304801630317161156
12015123009242013100214066417504891730316166150
12015123009242013102065068017405061650341169172
12015123009242013105146067316805051640341168173
12015123009252010102263080228905132230290152138
12015123009402009100287071419005241850339176163
12015123009402010102875065816804901680322163159
12015123009402010104698055215104011410260129131
12015123009402011100294059514704481440304153151
12015123009402011106571061715804591480311156155
12015123009412010104357065616904871600327161166
12015123009412010110128051013203781270251121130
12015123009412012100991070618505211790342177165
12015123009412013100159062316004631640299151148
12015123009412013100488056614304231450278139139
12015123009412013103626066217004921540338168170
12015123009412013103793061614304731500323159164
12015123009412013104972061715604611560305146159
12015123009412013105173065817004881660322164158
12015123009412013110022065616404921750317162155
12015123009422007104687051313703761250251121130
12015123009422009102477053213803941340260132128
12015123009422009106549052213903831330250128122
12015123009422009106572052814603821320250122128
12015123009422012100657052613903871340253125128
12015123009422012101787070518605191830336172164
12015123009422012110013052813903891340255127128
12015123009422013101207053614603901360254128126
12015123009422013101730052313803851310254126128
12015123009422013102488068117705041680336171165
12015123009422013103413068918205071730334168166
12015123009422013103446070118105201750345176169
12015123009422013103459051313703761260250121129
12015123009422013104157053914103981340264133131
12015123009422013106156053214103911320259128131
12015123009422013110051053114603851300255124131
12015123009432012104583067918304961780318165153
12015123009432012105195066718604811720309171138
12015123009432012105938067018504851710314159155
12015123009432013101831063415604781550323158165
12015123009432013103018061715404631530310155155
12015123009432013104283066017804821700312163149
12015123009432013104849053813804001400260133127
12015123009432013105473056514004251420283139144
12015123009432013105844063716304741570317161156
12015123009432013105905064215804841600324163161
12015123009442010100521055114304081460262131131
12015123009442011103838051313203811330248127121
12015123009442011105439053713704001480252126126
12015123009442012101937053614903871360251127124
12015123009442013102037063816204761610315160155
12015123009442013103325052413603881350253127126
12015123009442013105549062415404701580312159153
12015123009452009100623065916704921620330162168
12015123009452009110083065015204981640334173161
12015123009452011103905054914004091360273133140
12015123009452012100624066617104951700325165160
12015123009452012101184066316305001660334174160
12015123009452012101875064216304791620317158159
12015123009452013103567065618304731750298153145
12015123009452013103956066816605021590343174169
12015123009452013105895064216504771570320160160
12015123009452013105989066316404991750324168156
12015123009452013106221064214704951600335171164
12015123009462009110092064718004671700297152145
12015123009462010110064065918604731600313161152
12015123009462011101180065716304941710323167156
12015123009462013104185055514504101420268137131
12015123009462013105267065218004721690303158145
12015123009462013105396065517504801770303158145
12015123009462013105720065517604791740305159146
12015123009462013106124055414504091420267138129
12015123009472010104486065117804731630310158152
12015123009472011104991072520905161850331164167
12015123009472011110090054213704051370268133135
12015123009472012105326054513704081370271135136
12015123009472012110038065416504891620327170157
12015123009472013101762069917505241770347178169
12015123009472013102250068319004931680325169156
12015123009472013102626070518905161770339179160
12015123009472013103045066316904941660328167161
12015123009472013105320057214804241450279140139
12015123009472013110025057714804291460283142141
12015123009482011103890060514604591510308155153
12015123009482012104923066617104951700325163162
12015123009482012105261062515604691490320161159
12015123009482013102026057014904211380283141142
12015123009482013105654069918105181690349180169
12015123009482013105811057814704311520279140139
12015123009482013105906059416504291490280143137
12015123009482013105937064516404811570324161163
12015123009482013106167057015004201370283141142
12015123009492008103180066117104901560334161173
12015123009492010101326066817204961640332165167
12015123009492011104111064916804811580323158165
12015123009492011104628064915904901700320167153
12015123009492011105057070119205091740335170165
12015123009492011106086065616504911640327161166
12015123009492012103064067816605121660346173173
12015123009492012104858064016504751630312164148
12015123009492013101466063015204781610317158159
12015123009492013102084071118705241770347174173
12015123009492013103260065816904891650324161163
12015123009492013103930073919105481830365182183
12015123009492013104197073119005411860355183172
12015123009492013104371063916304761560320157163
12015123009492013104407067816805101730337181156
12015123009492013105589068917505141680346172174
12015123009502009102704065618104751660309157152
12015123009502010104477069117605151730342178164
12015123009502010105837073919905401860354190164
12015123009502011104170065318104721590313159154
12015123009502013101999064715704901650325163162
12015123009502013102105067016805021730329170159
12015123009502013102652064115704841620322163159
12015123009502013105341055015403961390257129128
12015123009502013105508065817404841570327160167
12015123009502013105718054615103951380257128129
12015123009502013105850064716804791580321153168
12015123009502013106161067217205001650335180155
12015123009512008102819062616404621540308154154
12015123009512010103248067018804821600322162160
12015123009512010104897065816904891650324162162
12015123009512011103111064216304791610318162156
12015123009512011103862065719404631660297149148
12015123009512012105436065016204881670321163158
12015123009512012110101066317904841640320165155
12015123009512013102190054514803971350262129133
12015123009512013102402063516504701580312154158
12015123009512013103214055214404081390269136133
12015123009512013104129054014303971340263129134
12015123009512013105804058414404401470293145148
12015123009512013110057064117804631690294147147
12015123009522008106634066617604901640326166160
12015123009522009106344065917404851670318161157
12015123009522010103767063117704541510303152151
12015123009522011103176063715704801710309160149
12015123009522012100407064017204681560312155157
12015123009522012104125062415404701520318157161
12015123009522012110091053614003961330263131132
12015123009522013102009065317004831570326163163
12015123009522013103375063916704721600312156156
12015123009522013103780066517404911600331167164
12015123009522013105093063916204771610316161155
12015123009522013105707066817804901600330169161
12015123009522013105893061616304531550298152146
12015123009522013106186063916604731540319157162
12015123009532008102897055616303931380255126129
12015123009532010100202073017905511850366192174
12015123009532011103127063016004701620308157151
12015123009532011105520059116204291540275141134
12015123009532012105828053714303941320262131131
12015123009532013100059075219705551850370191179
12015123009532013100061064916604831640319159160
12015123009532013101769064616304831570326170156
12015123009532013102970076719705701910379196183
12015123009532013103115073819605421760366188178
12015123009532013103141056816304051420263131132
12015123009532013103575063516804671670300148152
12015123009532013103743069718805091730336175161
12015123009532013104161064216204801600320167153
12015123009532013105576064016704731550318159159
12015123009532013105984054715003971340263131132
12015123009532013110006069518505101730337174163
12015123009542012101337063117804531600293147146
12015123009542012104793063317204611620299149150
12015123009542012104803062317304501590291145146
12015123009542013101846054414703971390258129129
12015123009542013104321054615003961400256128128
12015123009542013104853067017104991660333168165
12015123009542013105050064917304761670309160149
12015123009542013105728067717305041680336165171
12015123009552010102514064717804691760293152141
12015123009552013100685061416004541540300152148
12015123009552013100721063015704731540319157162
12015123009552013102335063216004721620310156154
12015123009552013102578063016204681580310157153
12015123009552013103113063315604771580319161158
12015123009552013103412066317104921630329163166
12015123009562009105421066917504941630331164167
12015123009562010100109065217604761610315160155
12015123009562013101745054114903921350257127130
12015123009562013101836069918005191750344175169
12015123009562013102686069717605211740347173174
12015123009562013103049067617005061710335167168
12015123009562013103153064516604791590320159161
12015123009562013103489068719504921680324163161
12015123009562013103764069416905251710354177177
12015123009562013104980067316905041680336167169
12015123009562013105560053915003891330256128128
12015123009572009101573053013703931370256128128
12015123009572010100880054814903991440255130125
12015123009572010100895053214203901330257127130
12015123009572011105107063616004761600316158158
12015123009572012104878053314203911320259128131
12015123009572012105245066117404871640323165158
12015123009572012106435087123706342240410221189
12015123009572013104798053514403911360255128127
12015123009572013106315053114203891350254126128
12015123009582009101989064215604861540332164168
12015123009582010102247064818004681610307155152
12015123009582011104957052414203821310251123128
12015123009582011105539064516204831570326162164
12015123009582012100869068218404981750323166157
12015123009582012102741071218505271810346170176
12015123009582013100974054715103961380258128130
12015123009582013101733063316304701560314154160
12015123009582013103486054715003971380259127132
12015123009582013104027066417504891720317153164
12015123009582013109026061815604621550307156151
12015123009582013109128072320405191830336168168
12015123009592010100297088524206432300413220193
12015123009592010100604066516405011730328165163
12015123009592011102128070418605181740344174170
12015123009592012104247069218705051740331165166
12015123009592012105451068918705021670335169166
12015123009592013100461061615904571520305151154
12015123009592013100822062716304641580306156150
12015123009592013102258067218104911710320164156
12015123009592013104003053414603881350253126127
12015123009592013104840068118404971690328171157
12015123009592013104914053714703901350255127128
12015123009592013105476067918104981690329170159
12015123010002009100295063616004761590317156161
12015123010002011104626068017605041710333166167
12015123010002011104991070219105111770334167167
12015123010002012105836066616505011600341172169
12015123010002013104986068117205091780331169162
12015123010002013105035070018405161730343173170
12015123010012012103405066417404901640326172154
12015123010012013105705074220305391890350180170
12015123010022010102915067717804991640335172163
12015123010022011100603067917805011660335169166
12015123010022012105282073219905331840349180169
12015123010022013101029066418304811690312160152
12015123010022013104602073319605371880349179170
12015123010022013105589070718505221700352176176
12015123010022013106112062116804531470306151155
12015123010032010103969067817405041690335165170
12015123010032011100710067117404971680329162167
12015123010032012102017064915404951720323166157
12015123010032012104392068818805001730327165162
12015123010032012104655066517404911640327165162
12015123010032013100554065016704831580325160165
12015123010032013101392066816605021730329164165
12015123010032013101521065317504781600318166152
12015123010032013102901055615703991400259128131
12015123010032013103452064116704741580316165151
12015123010032013104366068118105001790321168153
12015123010032013105985067617005061710335165170
12015123010042009106492057715304241480276141135
12015123010042010104385063517404611580303153150
12015123010042013101438067317005031660337167170
12015123010042013101732063317804551520303149154
12015123010042013103765067317005031660337170167
12015123010042013110017068117905021680334167167
12015123010052011100363062816204661610305152153
12015123010052013100632056214504171490268142126
12015123010052013105500066116204991670332165167
12015123010052013106028055314204111480263142121
12015123010062008102944061316304501540296152144
12015123010062010101353067517405011730328169159
12015123010062011100625062215704651510314155159
12015123010062011104010067917105081690339173166
12015123010062012105431065116304881670321164157
12015123010062013101633068216705151690346176170
12015123010062013104372068417805061650341168173
12015123010072010100531067118204891690320164156
12015123010072012100086064717404731540319156163
12015123010072012100662070018605141770337175162
12015123010072013102360061615704591510308152156
12015123010072013105355063816504731540319159160
12015123010082009101080056016203981370261131130
12015123010082013100468067017404961710325164161
12015123010082013103109066716205051660339171168
12015123010082013110092064417804661580308157151
12015123010102009102651064416704771660311160151
12015123010102011101877070018505151790336170166
12015123010102012101528062216104611540307152155
12015123010102013100570069417305211770344173171
12015123010102013101748064215604861600326169157
12015123010102013103257069117405171760341174167
12015123010102013103604061816304551520303152151
12015123010112008105592071220305091850324176148
12015123010112012102741066917004991620337170167
12015123010112013106314068417005141730341173168
12015123010122009101598069617805181770341174167
12015123010122012101890065716904881610327166161
12015123010122012103191070119205091770332173159
12015123010122013100469067417205021600342171171
12015123010122013103962069117405171760341175166
12015123010122013104508070519505101780332172160
12015123010122013105057064415704871600327165162
12015123010132011105425068519004951780317160157
12015123010132012100501069016805221680354180174
12015123010132012104503064816904791700309162147
12015123010132013103192064717704701680302154148
12015123010142010100703062214904731550318158160
12015123010142011103483060415204521500302150152
12015123010142013100561066317604871670320165155
12015123010142013101634066417504891650324158166
12015123010142013103490062615504711550316159157
12015123010152013101636066818404841670317160157
12015123010162013101736072618305431850358183175
12015123010172009102973057314904241420282147135
12015123010172009103736054914204071420265137128
12015123010172012100560053714203951370258131127
12015123010172012101194054314703961370259131128
12015123010172013101922069317505181650353172181
12015123010182009106234065815705011510350169181
12015123010182009106265064615904871700317165152
12015123010182010101350067217804941790315169146
12015123010182011100511067917105081760332171161
12015123010182011104068065518404711580313156157
12015123010182013101400067917105081670341173168
12015123010182013103461067616705091610348174174
12015123010182013110032069217405181710347173174
12015123010192008101936054414404001340266135131
12015123010202010102494070718605211740347169178
12015123010202012103772072419605281860342175167
12015123010212011103108065616204941600334174160
12015123010212011103884066619104751690306158148
12015123010212013102981071618205341760358179179
12015123010222013104655092823806902330457232225
12015123010232011100740065517104841670317158159
12015123010232012105931066617304931630330162168
12015123010232013100628063217004621480314154160
12015123010242011106065068018404961680328173155
12015123010242013100017066517804871710316158158
12015123010242013102913066517804871700317158159
12015123010242013102936066116804931680325163162
12015123010252013100196066217604861630323160163
12015123010252013101079065516104941590335164171
12015123010252013101337058615904271570270143127
12015123010252013102052066417304911680323161162
12015123010252013102197069119404971690328163165
12015123010262011105898062916304661500316155161
12015123010262012104509065318404691660303159144
12015123010292009106234056214504171400277142135
12015123010292013103453074217705651930372187185
12015123010302010102155068819004981710327168159
12015123010302011102529079123805532060347182165
12015123010302011103998055815804001390261132129
12015123010302012102729072319605271850342170172
12015123010302012102849057316404091480261131130
12015123010302013102034068217705051660339168171
12015123010302013102114057615904171480269136133
12015123010312011102548055615903971410256127129
12015123010312011104307064517204731590314159155
12015123010312012100619065016904811580323166157
12015123010312012100636067617804981740324168156
12015123010312012103489053814003981400258126132
12015123010312013100294069019104991720327166161
12015123010312013100730073819705411860355183172
12015123010322010100707068118005011740327165162
12015123010322012100079068517905061700336173163
12015123010322012104632063215804741570317160157
12015123010332010102494068717805091720337156181
12015123010332012104853067817705011660335169166
12015123010332013103677066617404921610331165166
12015123010332013103789068516605191740345176169
12015123010352008105584062415904651550310155155
12015123010352013100347063216804641580306150156
12015123010362011103362066117204891630326164162
12015123010362013100172068318404991760323166157
12015123010362013103138066617704891640325160165
12015123010362013104784068418504991750324167157
12015123010392012100620061815304651520313155158
12015123010392013103995065817804801680312156156
12015123010392013104432066817304951700325158167
12015123010392013106403066817404941690325165160
12015123010392013110054066217704851660319162157
12015123010392013110087066317404891610328171157
12015123010402009110133062716804591570302155147
12015123010422011103048065014905011550346165181
12015123010462013106214068118105001750325171154
12015123010472013101476059915304461470299147152
12015123010472013102690059815204461460300148152
12015123010472013110115060215604461480298148150
12015123010502007102397066516604991650334167167
12015123010502011100971066716804991650334168166
12015123010552009101360071919305261850341183158
12015123010572010102630068418504991730326166160
12015123010592010110112071018605241720352179173
