12017091003582015100162053014803821290253122131
12017091003582015103379052814803801300250122128
12017091003592013103144060419704071520255135120
12017091003592013105956060317004331510282146136
12017091003592014102533067117604951700325163162
12017091003592014102898055015103991380261131130
12017091003592014104515062117004511570294148146
12017091003592015100512059716404331480285147138
12017091004002011105849057815604221440278145133
12017091004002012110061052714503821300252125127
12017091004002013101965053914403951330262130132
12017091004002013105481059917004291510278141137
12017091004002013106258061317304401510289147142
12017091004002014102607053215003821360246122124
12017091004002014105627053915703821360246125121
12017091004002014105805054715303941380256132124
12017091004002015101482057516204131360277140137
12017091004002015104813059917604231510272137135
12017091004002015105010060117004311530278143135
12017091004002015105202053515003851340251127124
12017091004002015110064052914703821330249125124
12017091004002015110065057515604191510268136132
12017091004012010104022064418604581670291149142
12017091004012011101638058415904251490276142134
12017091004012012102095057916404151430272137135
12017091004012012102595056715104161370279142137
12017091004012013103671065717404831580325157168
12017091004012013104774058715604311440287141146
12017091004012013105930056815404141470267136131
12017091004012013106011057516604091430266134132
12017091004012013106119058015304271460281143138
12017091004012013110072068919204971690328164164
12017091004012014101616063416104731600313159154
12017091004012014103163059316604271570270143127
12017091004012014103580058015204281510277139138
12017091004012014104010058315804251500275142133
12017091004012014105887056315804051430262133129
12017091004012014105925055215603961430253129124
12017091004012014106038058816604221490273140133
12017091004012015104898056115704041420262131131
12017091004012015105600065417904751710304153151
12017091004012015110047055615703991460253129124
12017091004022012104189059315904341490285143142
12017091004022012104509056415804061410265132133
12017091004022012104735060216804341480286142144
12017091004022013102232058715804291480281142139
12017091004022013105332060417004341510283141142
12017091004022013105646055915104081470261136125
12017091004022014100128056315104121370275143132
12017091004022014100377056216303991360263128135
12017091004022014101269056016203981360262128134
12017091004022014101964059916804311490282141141
12017091004022014102010056715504121350277138139
12017091004022014102589060015904411520289146143
12017091004022014104589063318904441640280140140
12017091004022014106046056616104051450260133127
12017091004022015100540061316404491530296151145
12017091004022015100654054214603961340262130132
12017091004022015100995058115604251520273141132
12017091004022015101340058115604251520273141132
12017091004022015101666056316004031360267134133
12017091004022015101786059817804201460274134140
12017091004022015102193062217104511520299153146
12017091004022015102550053515403811360245127118
12017091004022015104028057514204331450288143145
12017091004022015104773055616203941400254131123
12017091004022015104917057015704131410272140132
12017091004022015104941061216404481520296152144
12017091004022015105017058315504281430285141144
12017091004022015105592056116303981420256133123
12017091004022015106194061916804511540297152145
12017091004032011104273078722805592110348185163
12017091004032012104172054015003901330257129128
12017091004032012104966072520705181980320169151
12017091004032013105677077623205442020342184158
12017091004032013106218078422905552020353187166
12017091004032014100347056814904191450274140134
12017091004032014100483057615604201410279142137
12017091004032014100827053514603891330256129127
12017091004032014101338078623305532030350188162
12017091004032014102137057515604191450274139135
12017091004032014103646059716504321540278141137
12017091004032014104389056715204151450270141129
12017091004032014106029066517404911680323162161
12017091004032014106235071218605261740352178174
12017091004032015100070054714903981320266126140
12017091004032015100932065217904731630310160150
12017091004032015100952056914904201480272139133
12017091004032015101052070518805171750342171171
12017091004032015102138071418405301810349179170
12017091004032015103127056415404101480262137125
12017091004032015103408070818905191790340172168
12017091004032015104107073220505271980329175154
12017091004032015105060054315303901330257125132
12017091004032015105154068318205011710330169161
12017091004032015105634059716704301500280141139
12017091004032015106423072719005371820355183172
12017091004042011102872065318504681540314150164
12017091004042012101064058516504201440276141135
12017091004042012102418057315604171430274140134
12017091004042012110091052614303831340249126123
12017091004042013100315059015504351400295149146
12017091004042013104489072420605181950323173150
12017091004042014100268065116704841660318164154
12017091004042014100549057315804151480267136131
12017091004042014100686061415804561560300153147
12017091004042014101669064617404721580314161153
12017091004042014101956065517804771640313160153
12017091004042014102904064216304791630316158158
12017091004042014104843056715704101340276139137
12017091004042014105524058115504261460280145135
12017091004042014105543060116604351530282143139
12017091004042014106110059515604391520287144143
12017091004042014110111061117104401530287149138
12017091004042015100513055415004041420262135127
12017091004042015101518057215604161420274140134
12017091004042015104527061515604591550304155149
12017091004042015104577073421005241980326179147
12017091004042015104901059716204351450290145145
12017091004042015105371055214904031410262135127
12017091004042015106290060915604531510302149153
12017091004052011110054059915604431450298153145
12017091004052012101011061417204421480294150144
12017091004052012104105060615904471480299145154
12017091004052012104778057015804121510261137124
12017091004052013103396071819305251820343174169
12017091004052013104585058015704231390284140144
12017091004052013104800068918205071770330164166
12017091004052013105972067118204891680321165156
12017091004052013105981058715704301360294148146
12017091004052014101304073620205341780356182174
12017091004052014101977061716904481570291150141
12017091004052014102088060915904501490301149152
12017091004052014102179060816804401490291149142
12017091004052014102261062617204541510303151152
12017091004052014102989056315304101510259136123
12017091004052014103309076319805651960369185184
12017091004052014103312075720305541880366189177
12017091004052014103577067819304851780307162145
12017091004052014103715075220105511880363182181
12017091004052014105635063518004551600295151144
12017091004052014105837060116004411480293148145
12017091004052014105847072419605281810347182165
12017091004052014105873075520505501810369188181
12017091004052014105986076420905551900365189176
12017091004052015100139068820604821560326171155
12017091004052015100394068219004921770315163152
12017091004052015101012059815804401450295145150
12017091004052015101344060216204401460294150144
12017091004052015101599058216204201530267146121
12017091004052015102830059215804341450289148141
12017091004052015104264060715704501540296141155
12017091004052015104438073320105321780354179175
12017091004052015104676055515703981350263129134
12017091004052015104824075421305411830358183175
12017091004052015105071075520205531880365187178
12017091004052015105098077821305651960369192177
12017091004052015105100057515204231400283139144
12017091004052015105433060815404541500304149155
12017091004052015105461054515003951350260128132
12017091004052015105941061116404471500297149148
12017091004052015110059060215504471490298147151
12017091004052015110086063316204711640307159148
12017091004062012106019068819104971720325165160
12017091004062013101207071219305191780341175166
12017091004062013105234055415304011370264132132
12017091004062013105844070117905221780344179165
12017091004062014100518066918404851690316163153
12017091004062014101625063017804521530299149150
12017091004062014103380057914804311470284143141
12017091004062014104071055615504011450256132124
12017091004062014104647060015804421500292150142
12017091004062014105078055815604021380264130134
12017091004062014105520063419004441560288149139
12017091004062014105799068018604941620332175157
12017091004062014106093068918905001590341171170
12017091004062015102604066319204711640307156151
12017091004062015103161076720505621870375185190
12017091004062015103366058415804261420284140144
12017091004062015103817071319105221760346181165
12017091004062015104691060416704371550282144138
12017091004062015104830059715804391470292151141
12017091004062015104883059215704351500285146139
12017091004062015105026058415704271420285139146
12017091004072010102640078921005792070372194178
12017091004072011105072055815004081390269133136
12017091004072011105078055915104081390269134135
12017091004072013102021059616904271600267135132
12017091004072013102856076120005612050356188168
12017091004072013105321058916304261560270142128
12017091004072014101096057015904111470264134130
12017091004072014101308061318304301600270141129
12017091004072014102694060816304451580287144143
12017091004072014103215068319404891740315160155
12017091004072014105846058816404241420282137145
12017091004072014106244058315404291440285141144
12017091004072015100608067618804881770311159152
12017091004072015102659065418504691640305159146
12017091004072015102771068818805001790321167154
12017091004072015103015059315804351530282142140
12017091004072015103616065318404691680301160141
12017091004072015104390056716404031410262131131
12017091004072015104415058015304271420285142143
12017091004072015105473058215804241440280139141
12017091004072015106088068319004931760317165152
12017091004072015110014056616104051450260135125
12017091004082010102630069519505001760324166158
12017091004082010104297076120305581840374187187
12017091004082012104783059617704191420277136141
12017091004082013101202067017404961680328156172
12017091004082013104088064717604711590312159153
12017091004082013110020060515404511540297149148
12017091004082014104351058216204201480272137135
12017091004082014105341070518905161870329169160
12017091004082014105681058615804281430285139146
12017091004082014105778069618405121740338171167
12017091004082014106447058014704331430290142148
12017091004082015102411072018705331760357181176
12017091004082015104945071519005251750350177173
12017091004082015105563072518705381790359174185
12017091004092013101874069218605061720334168166
12017091004092014102019067118104901640326166160
12017091004092015101543066516904961600336167169
12017091004092015102027058816604221570265131134
12017091004092015103498057216304091470262130132
12017091004102014102659056715304141530261137124
12017091004102014103551061316104521520300152148
12017091004102014105687069118105101720338171167
12017091004102015103422071117305381710367182185
12017091004102015110007057315704161530263139124
12017091004112011105439059115504361500286143143
12017091004112014100346076720405631940369186183
12017091004112014103238065518204731620311155156
12017091004112014104075055314604071370270134136
12017091004112014105356067419604781570321158163
12017091004112015100375072519805271800347175172
12017091004112015100537067917805011700331168163
12017091004112015101975079319705961850411204207
12017091004112015102345065217604761590317160157
12017091004112015102797064616804781590319156163
12017091004112015106092064016704731580315159156
12017091004112015106234076920005691940375183192
12017091004122010102884063117904521600292151141
12017091004122011105438060916804411540287148139
12017091004122012104067076920205671990368193175
12017091004122013102680081120906022030399204195
12017091004122015102566059414904451550290150140
12017091004122015102764061815604621600302157145
12017091004122015103678065316604871630324165159
12017091004132014103085060515204531430310152158
12017091004142012100591070517805271800347174173
12017091004142012100777079220305891960393200193
12017091004142012102463060815704511530298152146
12017091004142013100689079120205891930396203193
12017091004142014101919072518305421710371182189
12017091004142014103269057613904371370300146154
12017091004142015100618064215904831570326164162
12017091004142015103009077220305691810388192196
12017091004142015103926060315604471460301153148
12017091004142015104849061814804701460324161163
12017091004142015104938070319105121790333166167
12017091004142015106468070618905171770340170170
12017091004142015110087064216204801560324162162
12017091004152009101968060717304341570277143134
12017091004152011103009065717604811640317164153
12017091004152011105353068718804991750324165159
12017091004152013101753065717404831660317159158
12017091004152014101058068518704981680330163167
12017091004152014101541056514804171440273137136
12017091004152014102998064217204701580312156156
12017091004152014103392056315704061420264139125
12017091004152014106361056215904031470256133123
12017091004152015100195066518004851610324165159
12017091004152015100445070320504981720326167159
12017091004152015100856063517804571580299151148
12017091004152015101320066918504841650319160159
12017091004152015101571066817304951690326166160
12017091004152015102007066818604821640318161157
12017091004152015102660060217004321560276146130
12017091004152015104050056715404131460267134133
12017091004152015104240063618004561570299151148
12017091004162013100711070019705031740329167162
12017091004162013104595065717904781660312158154
12017091004162013105611073719905381850353175178
12017091004162014105783066317804851660319162157
12017091004162014106052068918205071790328168160
12017091004162015100603068618005061760330170160
12017091004162015105969068718005071730334171163
12017091004172012102422056915304161450271141130
12017091004172013103962058015304271520275148127
12017091004172013104138067818704911800311160151
12017091004172013104956067618204941640330170160
12017091004172014104021059315604371540283151132
12017091004172014105592068418904951690326167159
12017091004182011104273055114504061430263135128
12017091004182012104966057215804141470267138129
12017091004182013104489056015604041420262137125
12017091004182013105677057416004141470267140127
12017091004182013106218057215804141470267138129
12017091004182014101338057516004151480267140127
12017091004182014103309057815804201510269140129
12017091004182014103312057416004141530261138123
12017091004182014103577065817204861680318164154
12017091004182014103715054114803931380255130125
12017091004182014105847060016704331570276145131
12017091004182014105873054314903941400254130124
12017091004182014105986057815804201500270139131
12017091004182014106179067818504931740319164155
12017091004182015104107058216104211510270146124
12017091004182015104322069219005021700332167165
12017091004182015104438057416004141530261137124
12017091004182015104577058015804221500272147125
12017091004182015104824059716604311550276146130
12017091004182015105071060416404401530287147140
12017091004182015105098060316404391540285147138
12017091004192009100976065918104781620316154162
12017091004192013105192059616104351490286142144
12017091004192014100834070518505201750345171174
12017091004192014105848069718205151700345176169
12017091004192015100486061716404531570296144152
12017091004192015102487058715704301390291139152
12017091004192015103161071118805231720351179172
12017091004192015103673056014904111400271137134
12017091004202011102515067617704991730326163163
12017091004202014104381059616304331460287142145
12017091004202014110081058216404181500268137131
12017091004202015104739057816304151500265134131
12017091004212011101542069816905291680361176185
12017091004212012101499059616104351460289139150
12017091004212012105612063216604661570309156153
12017091004212012105696058415004341490285142143
12017091004212012110098059519204031550248122126
12017091004212013101359056515404111440267136131
12017091004212014101061072820405241870337170167
12017091004212014101197071519205231810342170172
12017091004212014103545067618004961750321163158
12017091004212014105244070918405251780347175172
12017091004212014110123058816004281470281137144
12017091004212015100258067517704981650333164169
12017091004212015101593066616704991680331163168
12017091004212015104504068417505091690340168172
12017091004212015104561071119005211750346174172
12017091004212015104863071019005201750345175170
12017091004222011109191059518304121580254128126
12017091004222012100529059716604311530278141137
12017091004222012102080061917204471540293145148
12017091004222013100057065416804861670319159160
12017091004222013104802070316205411740367187180
12017091004222014100455072019805221820340174166
12017091004222014101392053015103791330246126120
12017091004222014102293061516004551480307152155
12017091004222014102579059716404331420291146145
12017091004222014104508059218004121580254128126
12017091004222015100556060317604271500277139138
12017091004222015101075069417905151770338174164
12017091004222015103074074820105471830364185179
12017091004222015103757059316204311510280144136
12017091004222015103899083720206352120423214209
12017091004222015104081067817904991660333160173
12017091004222015105372074720705401920348182166
12017091004222015105692059416804261470279140139
12017091004222015109086064517104741580316156160
12017091004232012101974060415904451520293146147
12017091004232012105828059814904491520297153144
12017091004232013102034060616304431480295145150
12017091004232013106245056314604171500267138129
12017091004232014101390069321004831680315160155
12017091004232014103208059516804271400287138149
12017091004232014105047057815904191420277133144
12017091004232014106165065718804691600309159150
12017091004232015100377071819705211870334170164
12017091004232015100571066017704831590324170154
12017091004232015104019058314704361540282146136
12017091004232015109032072019705231880335169166
12017091004242011100419058416404201500270140130
12017091004242012100662057115204191440275144131
12017091004242012102682060816004481530295150145
12017091004242012105613058415604281520276141135
12017091004242014100464057017703931390254132122
12017091004242014101057063717304641560308166142
12017091004242014102243075821105471920355185170
12017091004242014103035065719504621610301152149
12017091004242014104004057516904061420264132132
12017091004242014104561059017004201480272140132
12017091004242014110126058316004231490274139135
12017091004242015100862060916004491530296151145
12017091004242015102444055414604081360272138134
12017091004242015104629060218104211490272139133
12017091004242015104855055314704061340272138134
12017091004252011105562068918205071710336171165
12017091004252012103942070319005131770336167169
12017091004252013105318071618605301770353177176
12017091004252013110119065917504841680316160156
12017091004252015105384068818305051750330166164
12017091004252015106056069018405061730333167166
12017091004252015106160058617404121560256134122
12017091004262011106102073417905551870368184184
12017091004262014105916059216904231490274142132
12017091004262015102042072719005371840353176177
12017091004272010104297061516604491500299149150
12017091004282013101713064017604641600304157147
12017091004282014105067057515404211410280138142
12017091004282015102392067117105001830317162155
12017091004282015104197056915404151380277135142
12017091004292012101809085930505542350319166153
12017091004292014101069067618504911690322160162
12017091004292014105621066918104881730315162153
12017091004302013105352058415304311400291152139
12017091004302014102156059615604401520288144144
12017091004302014103186062516804571530304148156
12017091004302014103897069118005111740337172165
12017091004302015105022058916104281460282146136
12017091004312013104055058915504341470287144143
12017091004312013104987068518105041700334166168
12017091004312014105217059815404441430301148153
12017091004322012104407059516104341420292146146
12017091004322014100516054014103991340265132133
12017091004322014106253069017805121670345170175
12017091004322015100422054714903981340264132132
12017091004322015101829059715604411470294148146
12017091004332009100335060917704321530279142137
12017091004332014103869069018505051680337174163
12017091004332014105517060017704231510272138134
12017091004342013104235060415204521470305157148
12017091004342014102973067218604861720314157157
12017091004342014105275059815904391500289143146
12017091004342015100944075919905601950365191174
12017091004342015102082077220005721900382193189
12017091004342015103380067818404941680326165161
12017091004342015106491067918404951690326165161
12017091004352014101588055916103981400258131127
12017091004362012104792069018805021710331167164
12017091004372014104091066516604991610338165173
12017091004392009103516059515804371500287146141
12017091004392012100841056115104101420268135133
12017091004392012103931055916103981450253123130
12017091004392012106358059015704331470286142144
12017091004392013105566058316604171500267139128
12017091004392013106071055715404031420261133128
12017091004392014102691061015904511690282149133
12017091004392014103195066117304881660322165157
12017091004392014104411067819604821820300163137
12017091004392014104958067717705001690331170161
12017091004402012106253059816904291570272140132
12017091004402013102730000000000000000000134000
12017091004402014103899058015604241480276138138
12017091004402014104400053213503971290268129139
12017091004402015101339065617104851640321163158
12017091004402015102534065716704901670323163160
12017091004402015102813060816104471470300152148
12017091004402015103053059815804401490291147144
12017091004402015103613066216904931590334162172
12017091004402015104308067318304901680322163159
12017091004402015104547060015904411480293148145
12017091004412012101154067318604871670320159161
12017091004412013106446067618404921680324162162
12017091004412014100635066117204891670322162160
12017091004412015101168061317004431540289149140
12017091004412015102477068217805041770327166161
12017091004412015103687061416904451560289149140
12017091004412015104205066018304771620315163152
12017091004412015104826062017204481520296148148
12017091004412015105740067518104941650329165164
12017091004422014103963064418504591560303150153
12017091004452014105807070220005021740328166162
12017091004452015104709069719405031800323171152
12017091004482015103279070618605201850335174161
12017091004492014102565055715004071460261137124
12017091004492014103348063917504641630301153148
12017091004492014104346064516604791680311156155
12017091004492014106149064817004781700308155153
12017091004492015104209056715304141460268137131
12017091004502012106232059417204221490273145128
12017091004502013102941069019904911710320162158
12017091004502014101898059517004251550270149121
12017091004502015104895057715304241440280142138
12017091004512011101337061416604481530295149146
12017091004512013101446071119105201800340170170
12017091004512014100190069318205111720339170169
12017091004512015100198068318504981650333167166
12017091004512015100226068818505031700333168165
12017091004512015100671069017605141720342172170
12017091004522011102128061216304491520297149148
12017091004522012103076060415304511520299151148
12017091004522014104126071419405201820338176162
12017091004522015101232069918605131760337170167
12017091004522015103011071319305201780342174168
12017091004522015103979068319204911700321172149
12017091004522015106383058615304331510282149133
12017091004532011103385055615604001410259132127
12017091004532013106298060415904451520293146147
12017091004532014106013060215904431510292146146
12017091004542013100637068417905051700335167168
12017091004562013102819071619405221780344175169
12017091004562015103033068919604931750318162156
12017091004572012101386060417304311510280148132
12017091004572012105304060618304231760247124123
12017091004572013103668073119805331840349178171
12017091004572014100094068017905011690332168164
12017091004572015102277068018005001700330168162
12017091004572015103289075519605591920367184183
12017091004582012103980060215404481520296147149
12017091004582013105397057315504181400278138140
12017091004582014100631071121005011800321162159
12017091004582014103463055013704131290284142142
12017091004582014106005061017004401560284146138
12017091004582015101873059115904321440288148140
12017091004582015104260057815504231430280139141
12017091004582015104526058415904251440281140141
12017091004582015104742058816604221450277139138
12017091004582015104911060015604441440300149151
12017091004582015104974059016704231450278139139
12017091004582015105142067617704991740325159166
12017091004592013103370074719805491950354180174
12017091004592013105340062716804591560303151152
12017091004592014100490054815003981400258130128
12017091004592014102682059615904371460291152139
12017091004592014103492056614904171450272140132
12017091004592015100839070319105121750337170167
12017091004592015103321069119404971710326164162
12017091004592015104150070718805191740345171174
12017091004592015104879057115204191450274141133
12017091005002010102459069318905041720332168164
12017091005002014101953058515704281450283144139
12017091005002014103781059315904341450289147142
12017091005002014106193078822505631990364186178
12017091005012011102273070719105161800336168168
12017091005012013103777070418505191770342173169
12017091005012015104787070518705181760342176166
12017091005022013104977057915004291460283140143
12017091005032015100630057214704251450280142138
12017091005032015101950058715704301490281150131
12017091005032015105397057314704261460280142138
12017091005042010100540070219005121790333168165
12017091005042011105350060916204471530294147147
12017091005042012100936074918805611840377188189
12017091005052012105108066417304911640327164163
12017091005052012105609068617005161770339173166
12017091005052015103841075221005421870355179176
12017091005062010105167071118405271720355177178
12017091005062011104377058915504341450289144145
12017091005062012104614069918205171770340172168
12017091005062013110026059215904331530280141139
12017091005062014103190058315304301450285144141
12017091005062014110018058715204351480287142145
12017091005072014105267067017104991630336166170
12017091005072014105554057916204171390278140138
12017091005072015105734062816104671540313154159
12017091005092010104044061415604581490309156153
12017091005092011102353062117304481530295152143
12017091005092013101296065918004791660313163150
12017091005092014102204065918404751640311159152
12017091005092014105372067918104981750323168155
12017091005092015103661059317104221530269141128
12017091005102015102281063618104551610294147147
12017091005102015103988068819504931810312158154
12017091005112014102753073219805341820352178174
12017091005112015106192077322005531870366186180
12017091005112015106543075921605431830360185175
12017091005122011105960058415904251510274140134
12017091005132011104500072319105321880344177167
12017091005132013103507060118804131540259137122
12017091005132013103614058115504261440282143139
12017091005132014106193058515304321510281141140
12017091005142012100779063221404181580260135125
12017091005142013105700080720406031960407205202
12017091005142014102035058116804131490264132132
12017091005142014105694077219905731960377190187
12017091005142015101393058817304151490266133133
12017091005142015102047054014703931350258126132
12017091005142015103835053414003941350259126133
12017091005142015104032072118905321770355182173
12017091005152013103900060217904231480275136139
12017091005162013104980056715504121380274137137
12017091005162015100524059715804391530286154132
12017091005162015103621063217904531560297148149
12017091005162015105377066017704831620321161160
12017091005172011103537058915404351490286146140
12017091005172015102335066817304951730322161161
12017091005172015103193072818005481840364181183
12017091005172015103731065816804901630327165162
12017091005172015106117069518105141740340174166
12017091005182014102676055114904021380264133131
12017091005182014103601070919605131770336172164
12017091005182015103697060115504461490297148149
12017091005182015104261060115704441480296148148
12017091005192012105157058517404111460265134131
12017091005192014103977065918304761640312158154
12017091005192014110010062515904661540312156156
12017091005202007104877057916004191510268139129
12017091005202014102910068417205121750337169168
12017091005202015101553059616904271510276143133
12017091005212015102214057515704181420276138138
12017091005212015103026063016204681580310159151
12017091005212015103106058315404291450284143141
12017091005212015103248058115304281460282141141
12017091005212015103354063216304691640305161144
12017091005212015104402057515604191420277138139
12017091005232010105786056616703991440255128127
12017091005232014103942060414504591490310154156
12017091005242012106378058016204181470271139132
12017091005242013101996068118005011670334169165
12017091005242013110046073721505221830339177162
12017091005242014104774059316404291550274142132
12017091005252012104796064916804811620319154165
12017091005252012105842065917504841620322160162
12017091005252013100463062115604651600305159146
12017091005252013105629059616504311510280143137
12017091005252014104865059916504341580276143133
12017091005252015101606072020805121740338174164
12017091005252015101994060315004531510302157145
12017091005252015104507073120005311870344171173
12017091005252015109073061315304601530307160147
12017091005262010104916065217404781670311160151
12017091005262012100636066517904861610325162163
12017091005272014100474064317504681640304155149
12017091005292014100967065217104811590322158164
12017091005302013103301062317704461630283147136
12017091005312014100971058616304231550268146122
12017091005312014105125060318404191670252132120
12017091005322010102776056815804101450265137128
12017091005322010105629055614804081450263134129
12017091005322011100740064617904671670300156144
12017091005322012101555054214603961400256131125
12017091005322013100602058514604391480291147144
12017091005322014101809058514504401480292148144
12017091005322014103570059516004351560279148131
12017091005322014103833059515204431480295148147
12017091005322014106138054514803971400257133124
12017091005322015103243065615605001540346164182
12017091005322015105113065417804761580318159159
12017091005332015104314070018405161780338170168
12017091005342014103032058716304241500274141133
12017091005352012101248066917904901670323165158
12017091005352012101502069218505071750332169163
12017091005352014100098058116804131420271134137
12017091005352015105395066017104891660323165158
12017091005392010104562060815604521520300150150
12017091005392014100620061916504541510303149154
12017091005392015102686068017305071690338171167
12017091005392015105174067817205061680338170168
12017091005392015105335061216104511530298151147
12017091005402012105389062018304371540283139144
12017091005402014101418064617304731590314152162
12017091005402015101699059315604371520285142143
12017091005402015105214068717405131850328166162
12017091005412014102349062915204771590318161157
12017091005412014104308060714404631510312159153
12017091005442014100172060616604401460294146148
12017091005442014102170060316204411460295146149
12017091005442014105779060015604441420302147155
12017091005442015100602061115604551540301150151
12017091005442015104478059816104371510286148138
12017091005442015105309060616504411440297151146
12017091005472013106007065817004881760312156156
12017091005472014102647058817004181520266137129
12017091005472015104660058016004201480272141131
12017091005472015104995056715304141450269137132
12017091005492013104304073419205421770365175190
12017091005492015100123068317205111650346171175
12017091005492015102930065216104911620329165164
12017091005492015106015068117005111660345172173
12017091005502011101042068319304901750315162153
12017091005502013100900068917305161690347172175
12017091005512015104692068018604941710323164159
12017091005532013103324062118204391580281144137
12017091005532013105551058415604281420286148138
12017091005532014105935072319305301780352177175
12017091005532015101453056115704041380266132134
12017091005542013106060069018305071670340168172
12017091005542014101985064119104501610289147142
12017091005542014105313058515304321430289141148
12017091005542014106220060416504391530286146140
12017091005542015102782071518205331760357177180
12017091005542015105331064516804771560321154167
12017091005542015110024068018404961650331167164
12017091005562013103772057315004231380285142143
12017091005562015100902064217004721650307157150
12017091005562015103708068518505001700330167163
12017091005572015103109066616804981730325163162
12017091005572015105768066716804991730326163163
12017091005582013102571055615703991380261131130
12017091005582013103425056516504001390261131130
12017091006012013100354071220005121780334169165
12017091006012014104738076021105491920357183174
12017091006012015104897072319905241800344176168
12017091006012015110061073420105331810352176176
12017091006042014100595064119004511510300148152
12017091006062009103816058516004251350290136154
12017091006062014109044068118504961730323163160
12017091006072011100364077022505452000345185160
12017091006072012104104077522905461940352185167
12017091006072013100358077522205531990354190164
12017091006072013103157077823105471960351185166
12017091006072014104596078722605612040357187170
12017091006072014105926069420004941680326176150
12017091006072015101329079423105632040359191168
12017091006072015103824070020504951710324177147
12017091006092014103669069118905021740328164164
12017091006102013103801058415504291410288139149
12017091006122015100606059215204401580282145137
12017091006122015103430060917404351530282139143
12017091006132012101006071319405191810338171167
12017091006132012105197058815504331430290145145
12017091006132014103462069719904981710327164163
12017091006132014105772067017604941680326163163
12017091006132014106411058216604161460270135135
12017091006142014104738061317004431520291149142
12017091006142015101241058315604271450282141141
12017091006142015102798058215504271460281140141
12017091006142015104897058616504211510270140130
12017091006142015110061058716604211500271140131
12017091006152011102577066918504841710313155158
12017091006152013100354072218505371770360187173
12017091006152013101023055815704011400261133128
12017091006152013110036076621305531910362184178
12017091006152014101509057315404191410278139139
12017091006152014105794058816204261460280146134
12017091006152014106313077321205612010360185175
12017091006152015104659058314604371470290148142
12017091006162012100531069218305091730336172164
12017091006162014103469069319404991740325166159
12017091006162014105598065118504661670299152147
12017091006162015105861068517705081710337174163
12017091006172012100877058916504241480276138138
12017091006182011104831058614504411410300148152
12017091006182013103082066918604831710312158154
12017091006182014100628072918805411750366190176
12017091006192014102698057515104241440280141139
12017091006192014103867066317904841660318160158
12017091006192014105052067617804981730325163162
12017091006192015100672070519005151830332173159
12017091006192015103190066119304681610307156151
12017091006192015106178070519105141830331173158
12017091006202014101342061819304251630262134128
12017091006202014105926056315404091400269135134
12017091006202015100263077020805621900372187185
12017091006202015103824056515304121420270136134
12017091006232012105587056215804041460258135123
12017091006232014100876059517304221570265146119
12017091006232014100981059517304221560266145121
12017091006232014101272061215704551510304150154
12017091006242012100781073719305441880356183173
12017091006242014102008055515004051390266135131
12017091006242014103357066618804781680310160150
12017091006242014105442055513904161380278135143
12017091006242014105638060615804481530295150145
12017091006242015100803060215304491430306148158
12017091006242015102264074419705471900357182175
12017091006242015103587060315504481430305147158
12017091006242015104490055714504121340278133145
12017091006242015104799055414404101340276134142
12017091006252009105738066716904981660332167165
12017091006252011102532074119805431870356181175
12017091006252014102388060117504261450281140141
12017091006252014105970059717404231460277139138
12017091006252015100919065216204901620328165163
12017091006262012105115067917805011650336169167
12017091006262014103414069317805151690346168178
12017091006262015102848066017104891620327166161
12017091006262015102849067417904951680327166161
12017091006272012101673062315304701530317159158
12017091006272012105774055616303931410252127125
12017091006272013104051056815904091430266133133
12017091006272014102639062317404491550294147147
12017091006272014104587060016904311510280141139
12017091006272014105058061618504311540277141136
12017091006272014105960057417104031530250128122
12017091006272015102454059415104431480295148147
12017091006272015103842060117004311500281142139
12017091006282011104676058815304351490286145141
12017091006282013102313060415604481500298150148
12017091006282013102460080424705571940363185178
12017091006282013105399060615704491470302149153
12017091006292014103000065916304961590337162175
12017091006312012101150066517204931650328167161
12017091006312013105977057715604211390282141141
12017091006312013106181061317104421570285150135
12017091006312014103831057014504251440281141140
12017091006312014105343068218304991700329165164
12017091006312014106153064317204711650306156150
12017091006312015104144058316204211490272137135
12017091006312015104184064117004711620309158151
12017091006312015104586058316304201470273138135
12017091006322011105520071919005291720357178179
12017091006322012101685066617704891660323164159
12017091006322013103489060215304491510298150148
12017091006322014101924065817404841690315157158
12017091006322014103751058515404311470284140144
12017091006322014105624059615704391470292142150
12017091006322015102483065817904791590320163157
12017091006322015103522058415004341530281143138
12017091006322015104062059415504391470292141151
12017091006322015104886058314804351530282143139
12017091006492011104063056414804161420274143131
12017091006492012100624053114303881350253125128
12017091006492015100964051713703801270253124129
12017091006492015103908057215204201430277143134
12017091006492015104751055614504111390272142130
12017091006492015105028056214604161500266140126
12017091006502013105487060215904431490294148146
12017091006502013105526054415003941430251127124
12017091006502013105720059716104361410295145150
12017091006502014105304055316203911380253127126
12017091006502014105383056114804131360277139138
12017091006502014105660058414404401460294147147
12017091006502014106028056115904021430259130129
12017091006502014106335059415904351480287140147
12017091006502015100084063818004581630295146149
12017091006502015101569054114603951310264131133
12017091006502015103108068917605131680345168177
12017091006502015103368059515404411450296144152
12017091006502015103807054414803961320264131133
12017091006502015103930056215004121410271137134
12017091006512012101290058115604251470278143135
12017091006512013101925054015303871370250126124
12017091006512014100522057514804271410286144142
12017091006512014100879059516704281560272145127
12017091006512014102610057715504221450277141136
12017091006512014103905058915604331530280143137
12017091006512014105069066618704791660313158155
12017091006512015102163056315004131460267137130
12017091006512015104069065717304841770307156151
12017091006512015105135067617205041720332169163
12017091006512015105915063116304681670301153148
12017091006522012104392056715004171430274139135
12017091006522012105305055314804051420263134129
12017091006522013100401063617304631590304157147
12017091006522013101079063117004611590302155147
12017091006522013101795055514704081440264134130
12017091006522013102687058715104361450291148143
12017091006522013106012056616104051430262134128
12017091006522013106189058315404291500279143136
12017091006522014102092057515004251430282137145
12017091006522014105192053714403931420251128123
12017091006522015100383056715104161430273139134
12017091006522015100622054714104061350271134137
12017091006522015101783054714204051360269134135
12017091006522015102691061716604511550296149147
12017091006522015104650059415404401550285146139
12017091006522015105912055114704041390265134131
12017091006532011110069058615104351490286146140
12017091006532012103508056114204191450274142132
12017091006532012104112066418104831600323155168
12017091006532013105334062016404561550301152149
12017091006532013106031063116204691570312158154
12017091006532013110071052213703851280257126131
12017091006532014100253051914303761290247123124
12017091006532014102198059514804471490298149149
12017091006532014102567064316504781580320162158
12017091006532014105906057715204251450280145135
12017091006532015100168066217004921650327163164
12017091006532015102390058116104201430277139138
12017091006532015103007058215504271450282145137
12017091006532015103566061215904531520301149152
12017091006532015103627067417504991680331171160
12017091006532015103690052613703891310258127131
12017091006532015104953058115404271460281144137
12017091006532015104976057816104171410276140136
12017091006532015110002065517104841590325163162
12017091006542011103952056214104211420279140139
12017091006542012103410052913903901350255128127
12017091006542012104401064917104781610317159158
12017091006542014103653055614804081390269135134
12017091006542014104747064117204691620307154153
12017091006542014105791064016904711610310158152
12017091006542015100978060515404511480303148155
12017091006542015102039062716904581590299157142
12017091006542015102093065217304791570322158164
12017091006542015103315063515304821610321164157
12017091006552010104105054213904031320271132139
12017091006552013101336057816204161470269135134
12017091006552014106010058315704261490277143134
12017091006552014106170053113803931310262129133
12017091006552015102915066517904861650321163158
12017091006552015103077057616504111500261132129
12017091006552015105569057616604101510259132127
12017091006552015105573054514204031320271133138
12017091006552015106348055814704111330278133145
12017091006562010200007057816504131470266128138
12017091006562011103854054514803971380259131128
12017091006562012101892068920004891700319164155
12017091006562012102956068618804981740324167157
12017091006562014100529055716303941440250126124
12017091006562014102962057415304211440277139138
12017091006562014103283058815804301470283143140
12017091006562014104437058314804351470288146142
12017091006562014104922058516704181480270140130
12017091006562014105407066718004871640323161162
12017091006562014105725054214403981370261131130
12017091006562014105822055714804091410268136132
12017091006562015102891056515004151420273135138
12017091006562015103563056815304151420273135138
12017091006572010104503071318905241800344177167
12017091006572012110068058614704391440295149146
12017091006572013100720057716104161440272137135
12017091006572013104939057715504221490273144129
12017091006572014100439062016004601530307151156
12017091006572014101920057115504161470269142127
12017091006572014103780067918404951570338173165
12017091006572014104684055716903881440244125119
12017091006572014104702064016804721720300158142
12017091006572014106217059716604311580273140133
12017091006572014106280058916404251550270138132
12017091006572015101755057114804231410282140142
12017091006572015103024064216204801530327163164
12017091006572015110027061716804491570292148144
12017091006572015110071056615204141460268137131
12017091006582011105806057215704151420273136137
12017091006582012104832066217704851710314162152
12017091006582012104926055914904101460264133131
12017091006582013105241055516103941370257128129
12017091006582014102140065217004821560326156170
12017091006582014106158056816404041450259128131
12017091006582015100882068616605201690351178173
12017091006582015102765068818605021770325172153
12017091006582015103351060617604301540276140136
12017091006582015105579070117105301740356176180
12017091006582015105898066717104961680328171157
12017091006592012104247069118905021720330169161
12017091006592013105210054814004081390269134135
12017091006592013105528055214804041390265132133
12017091006592014101147059314304501580292150142
12017091006592014102149065616204941700324165159
12017091006592014102673064317004731570316159157
12017091006592014105538065917804811650316162154
12017091006592014106159058616204241470277142135
12017091006592015100501070316405391680371186185
12017091006592015100503066217004921620330162168
12017091006592015101619067918304961720324165159
12017091006592015104756062817004581560302154148
12017091006592015105715060614704591500309156153
12017091006592015105721065115904921570335164171
12017091006592015106379067218404881690319162157
12017091006592015106419058413904451560289151138
12017091007002011101031059315304401470293150143
12017091007002012101393071019205181800338174164
12017091007002013101264057616304131430270136134
12017091007002014105595072619105351810354182172
12017091007002014106328060716004471500297148149
12017091007002015100141070417805261770349178171
12017091007002015105736058215804241480276138138
12017091007002015105921070517905261770349177172
12017091007002015105968070219605061670339177162
12017091007002015106216058916104281540274139135
12017091007012011100420058215104311480283145138
12017091007012011100964062516304621540308146162
12017091007012011103111064316204811660315159156
12017091007012011104700058215404281510277142135
12017091007012012101723061816104571620295160135
12017091007012013103606056517903861390247124123
12017091007012014100590066617404921660326162164
12017091007012014103150056515504101400270132138
12017091007012015102800069719005071680339172167
12017091007012015106067055013904111440267137130
12017091007022012102774069619005061720334172162
12017091007022013101729058116504161430273137136
12017091007022013103844056714804191440275135140
12017091007022014102718065717304841680316160156
12017091007022015101526058716104261510275138137
12017091007022015102878062717204551540301159142
12017091007022015103236065117104801560324160164
12017091007022015105999060615504511530298147151
12017091007022015106406064716604811660315157158
12017091007032012104087064616604801600320159161
12017091007032012104930051213303791250254126128
12017091007032012105451061815804601570303151152
12017091007032015104697063415604781580320164156
12017091007042014102155061917204471540293148145
12017091007042015101672059816304351530282144138
12017091007042015104454059916304361530283143140
12017091007052011100625056414504191490270147123
12017091007052014105256059316204311480283146137
12017091007052014105417064117004711610310159151
12017091007052015104963065716804891660323162161
12017091007052015104980060014704531520301152149
12017091007052015110040061916204571600297152145
12017091007062012100231066717804891600329159170
12017091007062013100904056716204051420263135128
12017091007062013104286057816604121430269135134
12017091007062014100656056715604111470264132132
12017091007062014103034064016604741590315159156
12017091007062015102850065217004821620320162158
12017091007062015103386065117004811610320163157
12017091007062015105423056514804171450272139133
12017091007072010105118057114604251440281145136
12017091007072014103476055915104081410267133134
12017091007082012103946063017004601550305151154
12017091007092013103823058715804291520277143134
12017091007092015101318072120305181780340173167
12017091007092015105476072020305171780339174165
12017091007102012101374062517604491580291153138
12017091007102014101565055114404071380269134135
12017091007102015101771071619105251780347173174
12017091007102015105365061716304541590295152143
12017091007112014104419059914004591520307156151
12017091007112014104573054814404041370267132135
12017091007122014102024062016604541510303149154
12017091007132013101248070218305191800339173166
12017091007132015101174069016405261750351176175
12017091007132015103079057716104161440272136136
12017091007142011104995069520204931750318161157
12017091007142014100470066118304781680310158152
12017091007142014104048055715704001380262129133
12017091007152012100363056815804101400270136134
12017091007152015102013056915204171420275137138
12017091007152015102810063316404691570312156156
12017091007152015103335056614904171410276138138
12017091007162015106385062716504621580304152152
12017091007172012104759055915104081420266138128
12017091007172014103882064217304691570312157155
12017091007172014110026054715303941410253129124
12017091007172015100428054014803921350257126131
12017091007172015102043053214303891330256125131
12017091007182012104493057115604151400275137138
12017091007182015104868065916104981690329164165
12017091007182015105032066416604981670331163168
12017091007192011105539064617004761560320163157
12017091007192013104938059516404311500281143138
12017091007192014100523057715204251480277144133
12017091007192014100554064617404721630309154155
12017091007212014100169067918504941670327162165
12017091007212014103280056514804171390278140138
12017091007212014106242058815204361530283154129
12017091007222013105510058315804251440281139142
12017091007232015104307069619105051730332168164
12017091007242014105927067017304971640333167166
12017091007242015102662068218704951640331168163
12017091007292011101761074420105431870356182174
12017091007292015100909059517504201530267139128
12017091007302014110062064217104711600311156155
12017091007312011101041057215304191450274135139
12017091007312011105898064816404841590325159166
12017091007312013102691056414804161370279135144
12017091007322012105406065318204711660305157148
12017091007322014105369061716804491580291149142
12017091007322015104811059215304391520287146141
12017091007332013100783059515904361580278153125
12017091007332015104713060416404401570283152131
12017091007342014100616059115204391480291146145
12017091007342014105872058215804241430281142139
12017091007342015103558067617804981660332168164
12017091007342015104333067817705011680333168165
12017091007342015105400058515804271550272140132
12017091007342015105913058115604251550270138132
12017091007352014104170064116104801560324161163
12017091007352014105166057316104121400272138134
12017091007352015105743068218904931730320165155
12017091007362011101180067017704931650328167161
12017091007362012104085063717404631560307151156
12017091007362015102383065417704771610316157159
12017091007372011101837056716004071450262130132
12017091007372013101042053214003921290263129134
12017091007372013104796063816204761570319157162
12017091007372014105927057215104211520269137132
12017091007372015102094054614204041330271131140
12017091007372015102662057615204241530271138133
12017091007372015103265061715804591530306153153
12017091007382012110016056414904151390276137139
12017091007382015102114056715204151390276138138
12017091007382015102865056615104151390276138138
12017091007382015103261073219005421790363185178
12017091007392011102236059017004201520268139129
12017091007392013104246067817205061740332173159
12017091007392014104157068017205081750333174159
12017091007392015103385066616505011690332171161
12017091007402013109177058916804211430278146132
12017091007412010102928067118404871660321162159
12017091007412012105263064719104561560300152148
12017091007412014102254058915904301550275142133
12017091007412015100510072719305341830351180171
12017091007412015101554072719605311800351180171
12017091007422012103348065318204711740297145152
12017091007422012106040070919105181750343171172
12017091007422014103021068118704941740320164156
12017091007422015101281060615704491520297150147
12017091007422015102647062715704701620308157151
12017091007422015102919062815704711640307156151
12017091007422015103545064817704711750296152144
12017091007422015103659064917804711740297150147
12017091007452015100874075319205611840377188189
12017091007462014103841063916804711570314154160
12017091007462014105389065916604931620331169162
12017091007462015100184064116004811650316159157
12017091007462015105107062816004681590309154155
12017091007482014102248057114904221530269141128
12017091007482014106472057514804271480279139140
12017091007492014101289058515804271520275140135
12017091007492014104316064516904761600316159157
12017091007492015101612065717904781780300157143
12017091007492015103539057815104271430284146138
12017091007492015103894065918104781750303160143
12017091007502011106559055214204101360274136138
12017091007502015103219068217105111780333171162
12017091007512012105495061116404471560291146145
12017091007512014110033067417305011660335166169
12017091007522010102928065217504771660311161150
12017091007522011102556056915304161490267138129
12017091007522014103399057915604231440279142137
12017091007522015102580063316004731550318157161
12017091007552012104772057715104261470279145134
12017091007552014104968057415404201460274139135
12017091007552015100786059715504421500292151141
12017091007562013104575059815404441490295144151
12017091007572013104655080921805911940397192205
12017091008012014101832060916104481480300153147
12017091008012014106503058315704261560270141129
12017091008012015102906058616104251550270140130
12017091008022015105144065617104851620323164159
12017091008022015110010067318404891660323163160
12017091008052014103661065017104791620317162155
12017091008052015106032056914004291390290154136
12017091008132013104167069919305061770329170159
12017091008142015102288072618905371800357179178
12017091008172015102555056514404211410280136144
12017091008182014104280065617804781710307159148
12017091008182015101549068918505041700334169165
12017091008202014104432057016404061430263130133
12017091008212014104458055714404131500263139124
12017091008222012104431057315504181420276134142
12017091008272013104320069218205101740336177159
