02008052805292003106382073418905451790366182184
02008052805292003106943065015504951570338165173
02008052805302000100129077019105791880391194197
02008052805302000100957074618905571860371186185
02008052805302000107386079317906142010413215198
02008052805302002100255000000005091680341167174
02008052805302003102511070617105351720363177186
02008052805302003109314070817005381710367181186
02008052805302003110197069617305231670356175181
02008052805302004100849074819105571830374186188
02008052805302004104470067116605051680337172165
02008052805302004105702078018905911950396195201
02008052805302004109125090322906742290445225220
02008052805302005102640071017305371710366181185
02008052805302005102698070917605331680365175190
02008052805302005102849084519906462060440223217
02008052805302005103691069216905231680355175180
02008052805302005104032070017505251740351175176
02008052805312004102131054615403921360256130126
02008052805312004102833071217005421640378187191
02008052805312004103274060815804501520298151147
02008052805312004104135067117105001610339165174
02008052805312004104642066116404971630334164170
02008052805312004104684065316304901630327158169
02008052805312004106895068716505221620360173187
02008052805312005100093071817905391770362177185
02008052805312005100216068817305151680347171176
02008052805312005100623000000004070000000000130
02008052805312005102036067817105071640343173170
02008052805312005102052068817505131680345172173
02008052805312005102117000000000001630000157000
02008052805312005102154067616805081650343170173
02008052805312005102292064315704861640322163159
02008052805312005102367069917605231710352177175
02008052805312005102495000000004080000000000131
02008052805312005102508065116204891590330168162
02008052805312005103571067416705071660341171170
02008052805312005103689066916405051640341171170
02008052805312005103794067617005061650341169172
02008052805312005104148064015504851530332162170
02008052805312005104224065916504941610333163170
02008052805312005104308075019005601870373194179
02008052805312005104445069016805221610361177184
02008052805312005104467072816905591720387182205
02008052805312005105261070117905221760346173173
02008052805312005105420064816304851610324164160
02008052805312005105864066716505021640338166172
02008052805312005106246066317004931590334165169
02008052805312006200003071718005371700367180187
02008052805322001100473070717805291700359177182
02008052805322001103410063015004801550325163162
02008052805322002103925068317305101630347172175
02008052805322002105164072118205391800359180179
02008052805322003100795067616505111640347167180
02008052805322003102932064416004841610323161162
02008052805322004102428067516805071660341170171
02008052805322004102567070218005221710351173178
02008052805322004102948068917605131750338168170
02008052805322004104021064216404781550323163160
02008052805322004106613068317305101670343168175
02008052805322005100089069817805201720348170178
02008052805322005102029074118905521880364182182
02008052805322005102234068417305111760335172163
02008052805322005102251070418005241780346175171
02008052805322005102528071018505251790346173173
02008052805322005103058070818205261800346175171
02008052805322005103166069517905161720344172172
02008052805322005103932074318405591830376184192
02008052805322005104457070218305191670352181171
02008052805322005104716073419005441780366185181
02008052805322005104880072218905331750358183175
02008052805322005104970073219205401790361177184
02008052805322005105673071218205301800350175175
02008052805322005106903067817205061680338170168
02008052805322005110130069817605221730349173176
02008052805332000101646069317305201730347173174
02008052805332001103660070718405231730350179171
02008052805332005101760072718705401810359181178
02008052805332005102297068717405131740339171168
02008052805332005102305069416505291760353173180
02008052805332005102609070317605271730354179175
02008052805332005102637088120706742490425199226
02008052805332005106397072018405361780358179179
02008052805332005106819076119405671880379188191
02008052805332005110185066417204921630329165164
02008052805332006100713070117305281750353174179
02008052805342003104252073119305381790359176183
02008052805342003106824070218305191750344173171
02008052805342003109301072018405361750361181180
02008052805342004101525069118105101700340167173
02008052805342004105826068917605131690344170174
02008052805342005100929069017305171620355176179
02008052805342005101044072518705381760362179183
02008052805342005102965074719305541820372184188
02008052805342005102983072617905471740373185188
02008052805342005103021064215904831550328160168
02008052805342005103684073818405541750379186193
02008052805342005103734071918605331800353179174
02008052805342005103930072418705371770360182178
02008052805342005104930069717405231750348176172
02008052805342005105273069917605231750348172176
02008052805342005105552070417005341770357171186
02008052805342005105924072718605411760365181184
02008052805342005106115074020605341860348173175
02008052805342005109322073317905540000000000191
02008052805342006100857072918505441830361186175
02008052805342006103623070518105241740350176174
02008052805342006106788069017605141710343173170
02008052805352002100819071417605381760362179183
02008052805352004101093060916304461550291150141
02008052805352004102312068117805031670336170166
02008052805352004110169070517605291770352179173
02008052805352005100031072418405401800360180180
02008052805352005100681072918805411750366179187
02008052805352005101811072317805451800365182183
02008052805352005102542072518505401760364180184
02008052805352005103784074918305661870379187192
02008052805352005103928066016005001580342163179
02008052805352005104234071517605391790360179181
02008052805352005104395070117205291780351169182
02008052805352005106195062616504611570304156148
02008052805352005106919072618705391760363183180
02008052805352005109267061315704561550301155146
02008052805352005109319061315904541530301149152
02008052805352006101017068516605191700349174175
02008052805362003107129076420605581860372190182
02008052805362004100330000016700000000000000000
02008052805362004103077068017405061720334167167
02008052805362005103434069717305241690355170185
02008052805362005103981074520705381910347172175
02008052805362006105335066320104621630299148151
02008052805372001101613073218805441790365180185
02008052805372003102890053114203891320257130127
02008052805372005101306000015500000000000000000
02008052805372005101417064017404661570309155154
02008052805372005101698085422506292120417208209
02008052805372005102705061416704471550292148144
02008052805372005103831073919005491860363180183
02008052805372005104967074018705531870366176190
02008052805372006102170074420805361820354183171
02008052805382002101001069717105261710355174181
02008052805382003100738068417805061720334165169
02008052805382004100323071918605331760357177180
02008052805382004102971073120305281840344177167
02008052805382004104022066617504911650326163163
02008052805382005100213082522805972130384196188
02008052805382005102342069217005221680354174180
02008052805382005105297066517004951630332165167
02008052805382005109055076519105741860388193195
02008052805382005110206071318005331750358178180
02008052805392003104677077320005731930380191189
02008052805392004104590069417205221710351171180
02008052805392004104741071618405321710361175186
02008052805392005100079068616105251640361172189
02008052805392005101647065916304961590337168169
02008052805392005104643066716505021650337170167
02008052805392005106190089522506702200450225225
02008052805392005106864067116305081640344172172
02008052805392005110084066016204981580340165175
02008052805402003101141063915904801570323164159
02008052805402004110121051713503821260256127129
02008052805402005101172067116005111610350166184
02008052805402005102582058415204321460286144142
02008052805402005106846078319805851920393196197
02008052805402005110168069917705221700352173179
02008052805412000100957070618205241710353175178
02008052805412001103160079120505861920394193201
02008052805412002104938064116604751610314156158
02008052805412003103882051514903661240242118124
02008052805412004100176069017505151670348172176
02008052805412004101198061915104681510317155162
02008052805412004110067067216205101620348171177
02008052805412005103246070217805241730351174177
02008052805422002100517065717304841710313158155
02008052805422004101210070018605141740340171169
02008052805422004101267054614504011400261132129
02008052805422004102827079920505941980396202194
02008052805422004105657063617104651680297150147
02008052805422004110265067118104901710319158161
02008052805422005100436070617305331740359175184
02008052805422005101626063617304631680295151144
02008052805422005102206078519805871950392196196
02008052805422005102605066117204891720317159158
02008052805422005103691051614803681280240119121
02008052805422005106448083621206242000424209215
02008052805422006105875069818505131650348179169
02008052805422006109258070617405321680364175189
02008052805432001103676088222506572160441215226
02008052805432003100055066617304931630330164166
02008052805432004104470053414603881360252133119
02008052805432004106895063115304781510327161166
02008052805432005103689052315603671280239117122
02008052805432005104032067017104991690330167163
02008052805432005104224052514303821340248129119
02008052805432005104467053416303711270244121123
02008052805432006106128066417004941590335164171
02008052805442002105164069117805131670346000000
02008052805442003109314053713903981330265134131
02008052805442005102029069518505101730337172165
02008052805442005102292064616404821630319159160
02008052805442005103925060718204251450280140140
02008052805442005104716069718705101720338168170
02008052805442005105864068116705140000000000173
02008052805452001100473052715303741310243123120
02008052805452002100255000000003751340241120121
02008052805452003102511053114403871340253129124
02008052805452003110197054000000000000256132124
02008052805452004102948052213403881320256131125
02008052805452004103518070018205181730345170175
02008052805452004104456069018005101720338174164
02008052805452004104607071018805220000000000180
02008052805452005100520071417705371770360180180
02008052805452005102251051714503721290243119124
02008052805452005102640053614503911370254130124
02008052805452005103058052014603741320242120122
02008052805452005104457051613603801310249126123
02008052805452005105673054214803941410253130123
02008052805462001104162084521606292080421205216
02008052805462001104938069117505161700346171175
02008052805462004110172069417805161740342166176
02008052805462005101195069618605101730337174163
02008052805462005102117053413803961320264127137
02008052805462005102367052014603741290245125120
02008052805462005102383073518405511780373180193
02008052805462005102508052414703771300247126121
02008052805462005102625070816805401710369187182
02008052805462005103204052613903871300257128129
02008052805462005103794051614403721280244121123
02008052805462005104445050814103671240243122121
02008052805462005104880049413203621190243117126
02008052805462005105261053414803861330253127126
02008052805462005105420051314203711270244120124
02008052805462005105841072419005341790355177178
02008052805462005109322000013000000000000000000
02008052805462006103838067217005021670335161174
02008052805462006109205068417005141670347173174
02008052805472000100279058314804351420293144149
02008052805472000101646064717104761560320161159
02008052805472001103410050913303761230253121132
02008052805472002103435062117504461520294146148
02008052805472002103925052614503811310250124126
02008052805472003101697061517704381480290144146
02008052805472003102932054714704001310269131138
02008052805472004101624051214003721300242122120
02008052805472004101755065216404881600328163165
02008052805472005102637053416003741310243120123
02008052805472005102983050613103751220253123130
02008052805472005106397000014500001390000131000
02008052805472005110185065517004851640321161160
02008052805472006102019065115304981700328177151
02008052805482002105923073519605391810358175183
02008052805482004101093000000003991470252132120
02008052805482004101480070817805301750355177178
02008052805482004103077050914303661260240117123
02008052805482004105082051815003681300238120118
02008052805482005100203051414303711280243120123
02008052805482005101044052014003801340246126120
02008052805482005103409073619705391810358175183
02008052805482005105804056415204121480264138126
02008052805482005105924052314203811330248128120
02008052805482005106195055415603981450253132121
02008052805482005106919053814803901350255126129
02008052805482005109267056100000000000253131122
02008052805482005110152065916904901660324160164
02008052805482005110213065417704771610316155161
02008052805492001103660052714703801250255129126
02008052805492003102912055616203941430251126125
02008052805492003106824053014703831320251128123
02008052805492005101760056115604051420263135128
02008052805492005102305072218105411780363188175
02008052805492005102609052414603781270251124127
02008052805492005102705055615803981370261131130
02008052805492005103021054115003911380253128125
02008052805492005103156079220405881930395203192
02008052805492005103930055215204001410259133126
02008052805492005104562065020004501530297144153
02008052805492005105273053714903881360252126126
02008052805492006100713071618205341790355185170
02008052805492006101688081222005922020390199191
02008052805492006105335056216204001390261131130
02008052805492006106773080921605932020391197194
02008052805502004100719063216204701580312156156
02008052805502004102971067618404921750317164153
02008052805502004104731065917104881600328162166
02008052805502004105241063116504661530313154159
02008052805502004110202071518205331790354177177
02008052805502005103680061219204201390281136145
02008052805502005104930069617905171780339165174
02008052805502005110169071319305201760344175169
02008052805502006103623067817405041580346166180
02008052805502006106788068617305131730340167173
02008052805512003104252053815203861320254125129
02008052805512003107129055215503971360261132129
02008052805512004110167063100000000000327164163
02008052805512005100031051513903761300246124122
02008052805512005102542051914003791300249126123
02008052805512005103784053314803851320253125128
02008052805512005103981055415803961360260132128
02008052805512005106298064616104851570328161167
02008052805512005106701067817405041700334170164
02008052805522004104590052814203861300256123133
02008052805522005100225081620206142010413212201
02008052805522005103097070518305221760346174172
02008052805522005104967066217004921670325162163
02008052805522005106190051713503821280254123131
02008052805522005106248071618105351750360182178
02008052805522006102170065716904881660322162160
02008052805532003100738052813903891330256128128
02008052805532005101172052614203841270257127130
02008052805532005101255066219104711640307156151
02008052805532005102342054214803941340260131129
02008052805532005105114067218204901620328160168
02008052805532005105387077020305671860381193188
02008052805532006100912067117704940000000000161
02008052805532006101969067017604941700324163161
02008052805542005100213072620405221900332174158
02008052805542005105371078020805721940378189189
02008052805542006100699000016900001600000000000
02008052805542006104212078020705731950378184194
02008052805552001103160073018005501800370183187
02008052805552004101198056214304191410278141137
02008052805552004102827077319705761860390198192
02008052805552005102206074918705621840378188190
02008052805552005106846055315204011450256127129
02008052805552005109055075519005651840381188193
02008052805552005110168054114004011330268135133
02008052805552006101731065817604821590323155168
02008052805552006102887075018805621850377188189
02008052805552006104770065916904901580332164168
02008052805562004101210057515604191450274137137
02008052805562006105875071018605241740350178172
02008052805572003101688069016105291650364178186
02008052805572005100079055614704091430266139127
02008052805582001104938049613003661240242121121
02008052805582003100055053414703871350252126126
02008052805582003103675079220405881930395197198
02008052805582004104456060515404511440307157150
02008052805582005102538066417304911690322160162
02008052805582005102605065217304791670312154158
02008052805582005103925056617103951350260130130
02008052805582005106448080220505971940403201202
02008052806002002103435057018503851350250127123
02008052806002003101697057018503851350250126124
02008052806002004102649051613403821270255126129
02008052806002005105179073318805451840361185176
02008052806002006104308073318805451840361185176
02008052806012003110249074320805350000000000210
02008052806012005110186060815804501530297147150
02008052806012006101584063817004681550313159154
02008052806022004103008063716404731580315158157
02008052806022004103285063316404691580311157154
02008052806022004104481062315704661550311155156
02008052806022004105241052014303771260251125126
02008052806022005104021063016304671580309156153
02008052806032004104731056415804061420264134130
02008052806032005100858072218605361830353179174
02008052806032005101047053714203951270268126142
02008052806032005103374064516604791600319152167
02008052806032005106530053113803931260267125142
02008052806042005103097052414203821330249126123
02008052806052001103077069017305171700347176171
02008052806052004104078069619305031780325165160
02008052806052005100576069217705151680347172175
02008052806052005101549067217604961570339166173
02008052806052005101563074919705521870365185180
02008052806052005101679059014404461410305148157
02008052806052005104026070618005261760350173177
02008052806052005104492071318105321750357175182
02008052806052006101830071618305331760357176181
02008052806052006105757070316905341690365177188
02008052806052006105759070717605311700361182179
02008052806062001102352068316905141680346167179
02008052806062003102891069918305161760340171169
02008052806062003106058070618205241770347175172
02008052806062004105611070418305211670354176178
02008052806062005100392071718105361750361181180
02008052806062005101507074720805391850354177177
02008052806062005103120054615203941390255128127
02008052806062005103284081220806041880416201215
02008052806062005105971054715203951400255130125
02008052806062006100240080020105992090390196194
02008052806062006104983081821106072130394199195
02008052806062006105248074020105391780361180181
02008052806082000110102000016000000000000000000
02008052806082001103160069516805271710356177179
02008052806082004102101068317705061700336168168
02008052806082004102827075918505741960378190188
02008052806082005101255052114403771310246122124
02008052806082005102206070117505261730353176177
02008052806082005105114054714504021360266130136
02008052806082005105943069216505271680359174185
02008052806082005106455073418205521820370181189
02008052806082006102887072918205471780369182187
02008052806092000100785000000000000000000000183
02008052806092002100442068417005141670347172175
02008052806092004102718069116305281700358182176
02008052806092005104271072919605331900343176167
02008052806092005105663070918205271710356178178
02008052806102003102913072218605361740362176186
02008052806102004106633065017004801730307151156
02008052806102005101929064916804811650316165151
02008052806102005102446064416204821600322164158
02008052806122003101688069216805241680356175181
02008052806122005102538054414903951340261132129
02008052806132003103675055115104001370263134129
02008052806132005103198066017304871600327156171
02008052806132005106219072817405541770377189188
02008052806132005106504076319005731940379194185
02008052806132005106852052014603741320242121121
02008052806142003106870075720605511910360181179
02008052806142004101111056715504121400272136136
02008052806142004105501080221805842040380198182
02008052806142005100132076621005562010355179176
02008052806142005106201077821005681980370190180
02008052806142006103953070517705281750353173180
02008052806142006105650070617805281750353172181
02008052806152004102741068917605131680345170175
02008052806152004107029069317105221680354173181
02008052806152005104884061116104501520298148150
02008052806152005105521072419005341840350181169
02008052806162003100022052614403821330249122127
02008052806162004105485068317105121700342169173
02008052806162005105526066016204981620336166170
02008052806162005110113072318705361770359178181
02008052806172003106926064315604871570330161169
02008052806172004100791067716505121640348163185
02008052806172004104078055415503991480251131120
02008052806172005100081063116004711600311153158
02008052806172005100949052914103881360252126126
02008052806172005101937071417805361760360185175
02008052806172005102313052614103851340251125126
02008052806172005102723072818805401860354181173
02008052806172005103683063215504771540323159164
02008052806172005105443000013800001300000125000
02008052806172006101665071818105371700367184183
02008052806182005100117051513503801290251126125
02008052806182005101661052313703861290257127130
02008052806182005102819070017705231730350173177
02008052806182005106047052513703881300258127131
02008052806192001102352065416504891600329163166
02008052806192005101404054115303881390249130119
02008052806192005101549066616205041640340176164
02008052806192005101679000013500001230000125000
02008052806202003102891053914703921360256130126
02008052806202005100010062217804441680276150126
02008052806202005101507067217604961640332166166
02008052806202006104634076720005671990368194174
02008052806202006104873079320605872020385197188
02008052806212001103077064716404831650318162156
02008052806212004106225074420105431850358183175
02008052806212005105663070319205111830328170158
02008052806222004101522057015704131530260137123
02008052806231998104034053114203891290260126134
02008052806242003102913000000000000000000000178
02008052806242004106633049613803581190239114125
02008052806242005100733082221606062130393198195
02008052806242005101929051514903661250241115126
02008052806242005102390077419705771930384189195
02008052806242005102446053514503901310259129130
02008052806262005104641000000004811600321161160
02008052806262005105285055414804061380268133135
02008052806272003106031065915205071590348170178
02008052806272004100260064615904871600327158169
02008052806272006100804068717605111710340167173
02008052806272006100808068717605111700341167174
02008052806282002100260066616305031580345168177
02008052806282003102699072718505421790363180183
02008052806282004102741051913603831330250127123
02008052806282004105485064115604851580327161166
02008052806282004105501071518305321810351179172
02008052806282005100145069817305251730352176176
02008052806282005102140076719405731910382190192
02008052806282005105422071818405341790355175180
02008052806282005105521065517204831700313159154
02008052806292004102332063716104761600316158158
02008052806292004103047079320805851960389198191
02008052806292004105268064916904801640316161155
02008052806292005100667080020205981990399200199
02008052806292005103198055716803891410248124124
02008052806302002101313068518005051770328172156
02008052806302004105431061415604581450313153160
02008052806302005101062067416705071650342166176
02008052806302006101280054114303981330265131134
02008052806302006104149054114303981330265132133
02008052806302006106604066315805051580347169178
02008052806312003106926056715104161450271141130
02008052806312004100447091624806682220446224222
02008052806312005101819054014403961380258128130
02008052806312005103603054915003991370262132130
02008052806312005105934050913403751210254121133
02008052806312005106154054014303971390258128130
02008052806312005106434071418005341760358176182
02008052806312006102099068117805031650338169169
02008052806322003106870065514905061700336167169
02008052806322005100530065017404761630313164149
02008052806322005101373077019605741850389194195
02008052806322005101429085523306222180404203201
02008052806322005105462054414903951360259134125
02008052806322006102352068917505141590355176179
02008052806322006104399069317605171600357177180
02008052806332003107226070418005241700354179175
02008052806332004106842066016604941620332165167
02008052806332005104371068718205050000000000167
02008052806332005106450070719005171730344173171
02008052806332006102453071018605241770347176171
02008052806332006103752070919005191720347174173
02008052806332006104413069318605071700337167170
02008052806342001102588072117505461760370181189
02008052806342004105638073519605391880351176175
02008052806342004109256062814704811550326161165
02008052806342005100373072018305371770360183177
02008052806342005102819060414904551480307152155
02008052806562002100260048812903591180241117124
02008052806562004102332049613303631210242117125
02008052806572001104257000000000000000000119000
02008052806572004109256049413003641190245119126
02008052806582003102699059417704171410276139137
02008052806582004103047059216904231420281140141
02008052806582004106372064516504801610319162157
02008052806582004106842056614004261420284143141
02008052806582004110063062816104671560311156155
02008052806582005100599051713603811290252124128
02008052806582005102140061318404291430286144142
02008052806582005106375051913703821280254126128
02008052806582005106615065417804761630313156157
02008052806582006103140054815603921440248128120
02008052806582006103254055115603951460249130119
02008052806582006103378056815604121470265136129
02008052806592003107226068618305031730330167163
02008052806592004103636064516304821590323163160
02008052806592004105638067017005001670333169164
02008052806592005100373071019305171760341174167
02008052806592005100667071919405251730352174178
02008052806592005101355061615804581530305151154
02008052806592005105519064016104791590320162158
02008052807002002101229059716704301480282141141
02008052807002003104307069118905021730329169160
02008052807002005102236050813603721260246124122
02008052807002005103038056016203981370261133128
02008052807002005103754062115104701540316165151
02008052807002005106186069717505221740348174174
02008052807002006102194069317305201720348174174
02008052807002006103888073118405471810366183183
02008052807002006105075072118005411760365182183
02008052807012004101248074518805571860371186185
02008052807012005103611068617505111700341170171
02008052807032003102358054415203921390253127126
02008052807042005101907051813803801310249127122
02008052807042005102392000013900001320000128000
02008052807042005106244052614003861330253129124
02008052807042006100903052716503621220240115125
02008052807042006101687052716403631230240115125
02008052807062006101279053914503941360258129129
02008052807062006104157053814503931360257129128
02008052807082004107188076619405721860386198188
02008052807102002101831051013403761310245124121
02008052807102003105781051413503791310248125123
02008052807112003101960000000003811260255123132
02008052807112004103047053717103661250241000000
02008052807112004106372052714303841370247129118
02008052807112004110063052314503781330245127118
02008052807112005102140054317503681250243119124
02008052807122003102699055616503911370254127127
02008052807122003102927062718304441480296145151
02008052807122004103636059116704241470277140137
02008052807122005100667069918805111730338168170
02008052807122005101355053215203801350245123122
02008052807122005105519068800000000000336173163
02008052807132005106585068017105091660343165178
02008052807152003104307051914403751340241121120
02008052807152004100749056815504131410272140132
02008052807152005103611057315804151390276139137
02008052807152005106079057815804201440276143133
02008052807162005103754060014704531500303151152
02008052807192004101248056814904191500269145124
02008052807212002103295068117605051710334168166
02008052807212005103012068117605051710334168166
02008052807232003107348072719705301790351175176
02008052807272003110124051714703701280242121121
02008052807332004104602068617205141850329172157
02008052807342004105673078120005811950386190196
02008052807362001102242073900000000000352000000
02008052807362005102333075719405631830380188192
02008052807382003107348050113803631190244118126
02008052807402004103158070117605251760349172177
02008052807412006102275058216604161400276134142
02008052807412006102862077519505801900390194196
02008052807422005100179070517005351770358180178
02008052807432006102993068417605081710337173164
02008052807432006105999068317705061690337173164
02008052807442001102989062916504641550309158151
02008052807442004102989049212803641190245119126
02008052807452005106686063017704531640289147142
02008052807452006100936070518505201690351172179
02008052807452006101647067217005021600342165177
02008052807462003103620067117105001650335167168
02008052807462003104977067217005021650337169168
02008052807462005101171069617505211690352171181
02008052807462005102330061815604621590303154149
02008052807462005105103065516504901590331164167
02008052807472004104602054414503991420257134123
02008052807472005100595068117705041620342169173
02008052807472005106738063117704541580296149147
02008052807472005110147075419905551850370186184
02008052807482002103887000000000000000253125128
02008052807482004106399066617304931590334167167
02008052807482004106402079419605981880410203207
02008052807482005100301068716305241680356175181
02008052807482005102333074019005501810369186183
02008052807492004104102081900000000000412202210
02008052807492004105879071216305491710378185193
02008052807492005104083076119405671860381188193
02008052807492005105107000000004771530324161163
02008052807492005105458064916204871590328165163
02008052807492005109260070917805311760355176179
02008052807501999106723065500000000000332163169
02008052807502005105121067216505071600347174173
02008052807502005109218072618205441810363187176
02008052807512004103633000000000000000000000000
02008052807512005101110070117305281710357174183
02008052807512005105564070217605261720354175179
02008052807532003101124069617805181730345173172
02008052807532004109228000000000000000000000000
02008052807532005102512070918105281760352176176
02008052807532005105838066416305011640337166171
02008052807552006102471077320305701950375187188
02008052807552006104916077320305701950375188187
02008052807552006106151077420305711960375188187
02008052807552006106507077320305701950375188187
02008052808152001102989051413303811280253125128
02008052808152005104798052114203791320247126121
02008052808152005105313054815103971340263134129
02008052808161999106723053000000000000250123127
02008052808162004106399050713003771240253125128
02008052808162005102512051713703801280252122130
02008052808162005104270052414103831340249127122
02008052808162005105121055316003931430250124126
02008052808162005105838051813703811270254123131
02008052808162005109218053315603771270250122128
02008052808162005110147052814303851300255130125
02008052808172002105437071518705281790349177172
02008052808172003101124055114304081360272131141
02008052808172003102765059515404411470294142152
02008052808172003103002068516905161660350171179
02008052808172003103263000018400001840000184000
02008052808172004100517068716305241650359175184
02008052808172004100846071818905291770352175177
02008052808172004103220051213103811280253125128
02008052808172004103755068418005041690335168167
02008052808172005100528074319705461870359185174
02008052808172005101022069017105191700349173176
02008052808172005101497056316204011420259134125
02008052808172005101533068117605051660339165174
02008052808172005102461064516404811620319160159
02008052808172005102478064716104861620324163161
02008052808172005103514068716805191660353178175
02008052808172005103515070616905371760361184177
02008052808172005106311065917304861670319160159
02008052808172005106380067316505081670341166175
02008052808172005107030056216204001420258133125
02008052808172006100467069917805211760345176169
02008052808172006103194069317905141700344175169
02008052808172006105731068117105100000000000000
02008052808172006106448066216005021630339169170
02008052808182005100399068717205151650350175175
02008052808182005101308074017905611840377190187
02008052808182005101596068717505121650347170177
02008052808182005102301067617505011670334165169
02008052808182005102563066016604941630331162169
02008052808182005102671067317404991650334165169
02008052808182005102891068317705061660340172168
02008052808182005103792067117504961640332167165
02008052808182005103793067916905101670343170173
02008052808182005106726072819405341750359175184
02008052808182005110017070117805231720351170181
02008052808182006100497067315905141650349169180
02008052808182006100761069117805131690344168176
02008052808182006101832070017605241750349177172
02008052808182006102368070917405351810354177177
02008052808182006102506069917505241750349177172
02008052808182006103099069818305151700345170175
02008052808182006103696061716304541500304153151
02008052808182006104079071118505261740352178174
02008052808182006104153066516704981620336165171
02008052808182006104154069517705181710347177170
02008052808182006110043068817205161690347173174
02008052808192002100680066616804981620336163173
02008052808192003102121072017605441760368184184
02008052808192004100788069417005241650359180179
02008052808192004102272068317105121660346174172
02008052808192005100274066318004830000000000164
02008052808192005100397075519505601790381188193
02008052808192005101418067516705081610347174173
02008052808192005102213066516804971610336166170
02008052808192005102527072017705431760367184183
02008052808192005102666070818005281760352176176
02008052808192005102847069417505191710348177171
02008052808192005105844066216704951600335164171
02008052808192005106482067317205011600341168173
02008052808192005106870066116804931580335165170
02008052808192005106984066017004901570333163170
02008052808192006100065073618605501780372177195
02008052808192006100839069517705181740344173171
02008052808192006103950069718005171730344173171
02008052808202004103151050813403741270247122125
02008052808202004104348108829607922680524275249
02008052808202005100585073119005411780363182181
02008052808202005101235070618205241780346175171
02008052808202005102672050413503691240245120125
02008052808202005102756069718705101740336169167
02008052808202006100958077119905722040368181187
02008052808202006106210072818505431730370181189
02008052808212003102998064316804751580317156161
02008052808212004104873065416204921640328163165
02008052808212005100425063815604821600322160162
02008052808212005102535064316704761610315154161
02008052808212005102571075518905661820384183201
02008052808212005105188065116004911560335161174
02008052808212005105316066316804951620333164169
02008052808212005106469078519205931820411195216
02008052808212005106576065416504891630326162164
02008052808212006101029074118005611750386188198
02008052808212006102266072119305281690359165194
02008052808212006104288073617705591750384190194
02008052808222001102114065217004821640318161157
02008052808222002100800053314303901350255125130
02008052808222004102959069720304941750319158161
02008052808222004103112065116804831650318156162
02008052808222004106465063600000000000000000154
02008052808222005101042058016104191310288133155
02008052808222005101885066616904971650332164168
02008052808222005102287066617504911650326164162
02008052808222005103997069317305201610359173186
02008052808222005104107066817204961630333165168
02008052808222005106016068117105101690341165176
02008052808222005106327071218405281720356174182
02008052808222005110209065116904821630319158161
02008052808222006101938071718505321740358174184
02008052808222006102781073618805481770371182189
02008052808222006105353073818705511780373187186
02008052808232002100581091323706762250451228223
02008052808232003100718050913603731330240122118
02008052808232003101859063216604661570309155154
02008052808232005101924053214703851340251124127
02008052808232005105578067417604981670331174157
02008052808232005106695053414803861340252125127
02008052808232005109317051413603781350243123120
02008052808242001103111059016804221500272135137
02008052808242002105018071118305281750353175178
02008052808242004102434067718004971660331165166
02008052808242005103029071017705331750358177181
02008052808242005103605083621106252050420207213
02008052808242005105227067317504981710327167160
02008052808242006105244083520906262040422207215
02008052808252001102095050411703871160271126145
02008052808252004105607073917205671790388185203
02008052808252004106527066016904911630328162166
02008052808252005103188070817805301760354173181
02008052808252005104019064215604861410345153192
02008052808252005104675078922105681910377202175
02008052808252005106263069517705181670351176175
02008052808262003103278072319205311750356180176
02008052808262003109287052213503871280259130129
02008052808262005100076070819005181750343175168
02008052808262005103199072317105521600392182210
02008052808262005104039000000000000000242118124
02008052808262005104397048612503611200241118123
02008052808262006102190076219705651920373188185
02008052808272005101488076620905571920365187178
02008052808272005106951068918105081720336171165
02008052808272006102245076420705571920365187178
02008052808282000103418067416805061620344169175
02008052808282002100601067615605201690351174177
02008052808282003106350051313803751300245122123
02008052808282004100846075119905521860366182184
02008052808282005100128050813303751260249123126
02008052808282005100660054715103961360260128132
02008052808282005103250067716805091610348163185
02008052808282005104007053214503871350252125127
02008052808282006101365069117105201770343172171
02008052808282006102941057116904021450257000000
02008052808282006104821056916604031470256129127
02008052808282006105429078519605891940395187208
02008052808282006106416067316905041620342171171
02008052808282006110018068717105161700346175171
02008052808292005104273062015504651510314154160
02008052808292006102965052914203871300257126131
02008052808292006104517052113903821270255125130
02008052808302002105437049813303651210244118126
02008052808302002107298000000004251520273000000
02008052808302003103002056514904161440272135137
02008052808302003103263056014504151410274138136
02008052808302005102269070317305301750355178177
02008052808302005102731071817605421780364184180
02008052808302005103087070617905271790348178170
02008052808302005103514056114604151440271136135
02008052808302005103515056014604141420272137135
02008052808302005105807058715604311480283142141
02008052808302005106574067717505021690333166167
02008052808302005110128071717905381790359182177
02008052808302006101705072819405341870347176171
02008052808302006103300071518505301780352178174
02008052808302006104966071618205341760358181177
02008052808302006106725072919605331860347176171
02008052808312002107654059116804231430280138142
02008052808312003102765051413503791250254127127
02008052808312003102854056615004161460270139131
02008052808312005102461051014203681230245120125
02008052808312005102478051013603741260248123125
02008052808312005102563055014704031340269137132
02008052808312005106311065416704871530334149185
02008052808312005106380057416104131420271134137
02008052808312006102368067517105041670337167170
02008052808322004110145068918005091740335169166
02008052808322005101533063316404691550314153161
02008052808322005102644067017804921610331161170
02008052808322005103738067316605071630344170174
02008052808322006102912072018505351780357179178
02008052808322006105594069317805151740341171170
02008052808332002104713069417505191620357169188
02008052808332003100380068117505061640342168174
02008052808332004105445073019705331700363167196
02008052808332004110176070617005361760360181179
02008052808332005102301056115804031370266139127
02008052808332005102356077320105721940378188190
02008052808332005102671058416304211490272141131
02008052808332005102691076920605631920371187184
02008052808332005102891000014400001350000127000
02008052808332005103792000015800001360000136000
02008052808332005103793058216404181470271141130
02008052808332006103696054715303941350259129130
02008052808342003102746052213803841350249127122
02008052808342005106726052414303811340247124123
02008052808342005110017064516404811530328160168
02008052808342006101832066817004981670331167164
02008052808342006102506057615104251430282144138
02008052808342006104079057915204271430284145139
02008052808352002107683054615103951420253127126
02008052808352004104873063415704771560321158163
02008052808352005105188065016004901540336163173
02008052808352006101029069417505191690350182168
02008052808352006104288070017705231740349179170
02008052808362000100593052000000000000242119123
02008052808362003102998000000003791300249125124
02008052808362003106645000000000000000246122124
02008052808362004106465000000000000000252125127
02008052808362005100585053915303861370249129120
02008052808362005101235052514203831340249128121
02008052808362005102535052513703881300258127131
02008052808372001103111053716603711340237115122
02008052808372002105018052414003841310253125128
02008052808372004105607052214103811320249124125
02008052808372005102287060315404491460303150153
02008052808372005102571067717505021680334164170
02008052808372005102756066617004961670329163166
02008052808372005105316062816004681580310149161
02008052808372006100958065015204981630335169166
02008052808382004103417052013603841330251128123
02008052808392004102434052814503831340249123126
02008052808392004103840065916404951650330166164
02008052808392004106527062816404641540310154156
02008052808392004109280062016204581510307152155
02008052808392005103029058415004341440290146144
02008052808392005104675057115804131470266136130
02008052808392005105227054114903921360256127129
02008052808402005100076053714703901320258130128
02008052808402005106951055016203881310257130127
02008052808402006102190067317404991690330165165
02008052808422005103199063516704680000000000153
02008052808422005105807052214503771280249123126
02008052808422005109315063115104801570323157166
02008052808422006103070064117204691580311152159
02008052808422006106287063016604641560308144164
02008052808432005104273059415304411430298145153
02008052808432006102844069018205081690339171168
02008052808432006105918069118405071690338170168
02008052808432006106511069218405081690339171168
02008052808442002103820068316505181710347178169
02008052808442003103013000000000000000000000000
02008052808442006101705061516304521520300151149
02008052808442006103655068916305261720354179175
02008052808442006106725061516304521520300152148
02008052808452005106216069500000000000348170178
02008052808462005110128068317605071700337168169
02008052808462006104966068017605041680336167169
02008052808472005103738068417305111720339165174
02008052808482003102622088522306622160446223223
02008052808482003104478069718505121670345171174
02008052808482004103171081921006092010408204204
02008052808482005100322058215204301410289139150
02008052808482005107044073619005461780368185183
02008052808492002106491069418505091680341171170
02008052808492005109109073018705431820361180181
02008052808502002102935072419205321770355177178
02008052808502003107414073319305401770363178185
02008052808502004103064063415804761500326159167
02008052808502004109280052414703771270250123127
02008052808502006106212066217804841640320157163
02008052808512004100763054113504061290277130147
02008052808512004106554074320305401870353183170
02008052808522005100663052114603751270248119129
02008052808522005103961066916805011630338169169
02008052808532005105247078719605911890402205197
02008052808542003102694084321206312050426212214
02008052808552005109166067717305041700334168166
02008052808572002103820068117005111720339176163
02008052808572004102782074818305651850380194186
02008052808572006102676062517604491520297148149
02008052808572006103655068816905191710348177171
02008052808572006104243069817805201710349172177
02008052808572006104595063817404641560308151157
02008052808582004102552072000000000000000000184
02008052808582004105006066616005061610345169176
02008052808582004110120072318305401790361177184
02008052808582005105781072218005421760366179187
02008052808582006101303081220606061930413208205
02008052808582006102287076819305751900385194191
02008052808582006102971066316005031610342167175
02008052808582006103271079419306011970404206198
02008052808592006102829084521606292170412201211
02008052809002005102576061216804441530291148143
02008052809002005102598070219205101760334167167
02008052809002005110156060916604431530290146144
02008052809002006102673077619905771900387000000
02008052809002006102683079720105962000396203193
02008052809002006102844069817705211730348176172
02008052809002006103029064017004701560314157157
02008052809002006103347070519505101750335167168
02008052809002006103379070419205121760336167169
02008052809002006105918068717805091700339171168
02008052809002006106511068717705101700340172168
02008052809022003107050069817605221700352176176
02008052809022005103460073018905411790362178184
02008052809022005106396070517705281690359172187
02008052809022006100217069416505291660363180183
02008052809032003102622072416705571730384187197
02008052809032004103171077119505761870389196193
02008052809042002102935054015003901330257128129
02008052809052004103195069217505171710346172174
02008052809052005100085069217905131710342170172
02008052809052005105555068417205121720340170170
02008052809062005103961065816504931590334166168
02008052809062005105247071417805361700366182184
02008052809072003102488066917304961660330163167
02008052809072004103340068718405031630340166174
02008052809082001103714065817104871570330159171
02008052809082003107187073618405521780374185189
02008052809082005101663069917605231720351170181
02008052809082005105727070018105191700349167182
02008052809092003105475060818004281470281136145
02008052809092004102351061816104571510306151155
02008052809092005103169062316404591530306150156
02008052809092005109166056215804041420262133129
02008052809092005110064061816004581520306149157
02008052809102004102782069400000000000359179180
02008052809112005100934054514603991350264135129
02008052809112005100944055314604071360271138133
02008052809112006102287072318505381770361180181
02008052809112006102676057919003891390250124126
02008052809112006104595058019103891380251125126
02008052809122006102829068717605111660345165180
02008052809132004104095077619705791800399198201
02008052809132004105006055514304121390273138135
02008052809132004110216084422406202080412217195
02008052809132005105781068916905201660354173181
02008052809132006103271069417705171740343169174
02008052809142003102538000000000000000000000155
02008052809142005102362066317204911720319160159
02008052809142005103460052514703781310247122125
02008052809142005106396055115303981420256134122
02008052809142006101994072219205301790351176175
02008052809142006103232072318605371820355177178
02008052809142006103333072418805361800356179177
02008052809172003102622072517105541780376189187
02008052809182004103171076018805721900382191191
02008052809192004103195066016804921600332166166
02008052809202001100392055615504011480253124129
02008052809212005101663053114603851330252126126
02008052809212005105727053014403861330253126127
02008052809222003105475059317904141440270136134
02008052809232003104562063416604681580310151159
02008052809232003107187066216604961610335167168
02008052809242004102351051300000000000243120123
02008052809242005103169051613903771310246122124
02008052809242005103703054413904051300275138137
02008052809242005110064052114403771310246122124
02008052809262005106639093523107042240480235245
02008052809282004110216079821605822010381192189
02008052809282005103513063715804791500329158171
02008052809282006102878067416105131640349173176
02008052809322003102892072318405391690370176194
02008052809362005102013075618805681840384188196
02008052809362006106573066516005051610344165179
02008052809362006110011066516005051610344165179
02008052809372000101532078820705811890392196196
02008052809412005103513066715405131630350171179
02008052809412005109108068118204991680331166165
02008052809412006102878064916104881570331163168
02008052809422005102443072220505171830334170164
02008052809452005102139084219506472000447222225
02008052809462003103024078719005971940403204199
02008052809502000101532074618805581890369187182
02008052809502005102013073418105531780375184191
02008052809502005105256066117004911600331163168
02008052809542005109108066518304821680314164150
02008052809552005102443069920404951760319163156
02008052810002005102139080818706212020419202217
02008052810012003103024076418605781840394188206
02008052810022005102013069317305201710349173176
02008052810032000101532072918805411780363181182
02008052810032005105256055214504071370270135135
