02008051305292005106504000000000000000000000000
02008051305302000100129072917905501830367178189
02008051305302000107386067916905101660344172172
02008051305302001102588069916905301690361175186
02008051305302002100260066516005051620343170173
02008051305302002100931074619905471840363182181
02008051305302005102761000016300001580000158000
02008051305302005104032070217205301760354177177
02008051305302005105526070017405261680358175183
02008051305302005106396070317905241700354181173
02008051305312000100957075018705631850378187191
02008051305312002102259067416805061660340168172
02008051305312003100457073519305421840358180178
02008051305312003106123000018800001810000189000
02008051305312004102332067616805081690339165174
02008051305312004102773079120205891980391192199
02008051305312004103765068917405151680347172175
02008051305312004110203065617204841650319163156
02008051305312004110262070817705311690362178184
02008051305312005100440066000000000000000000000
02008051305312005100552071919605231770346164182
02008051305312005101189070117005311800351171180
02008051305312005101462000018300001760000000000
02008051305312005102296069217405181710347172175
02008051305312005102698065817204861620324160164
02008051305312005104467068816405241590365177188
02008051305312005106773069317105221670355166189
02008051305322003103343070700000000000000000179
02008051305322003106382069918805111680343167176
02008051305322003107326064817204761610315156159
02008051305322004100559068517105141710343167176
02008051305322004104135071218505271700357177180
02008051305322005100050064716704801580322157165
02008051305322005103374000017900001660000000000
02008051305322005104224064416604781590319155164
02008051305322005105103070117305281650363172191
02008051305322005106205064316504781580320158162
02008051305322005106644065016404861620324161163
02008051305322005106819073017905511830368181187
02008051305322005110200064416804761570319155164
02008051305332003104151071218105311740357176181
02008051305332004102900000000000000000000000000
02008051305332004102915070117405271730354181173
02008051305332004103263072618605401820358180178
02008051305332004106551074018605541830371185186
02008051305332004110169072317505481790369185184
02008051305332005100744066316804951600335163172
02008051305332005101110068516805171600357170187
02008051305332005101171066216205001590341167174
02008051305332005102401073618705491870362180182
02008051305332005103798068716805191670352171181
02008051305332005105032068415505291640365178187
02008051305332005105775072318305401760364181183
02008051305332005106375066017204881640324157167
02008051305332005110121072918005491800369185184
02008051305342002102719071317905341760358178180
02008051305342003106031066416205021600342167175
02008051305342003107414068817505131700343170173
02008051305342004100635070418105231720351176175
02008051305342005100055069616905271650362179183
02008051305342005100220068717205151580357179178
02008051305342005100964069218205101710339171168
02008051305342005102333073318105521780374185189
02008051305342005102341065816004981550343163180
02008051305342005103048075819905591830376186190
02008051305342005103686072317905441750369179190
02008051305342005105345073519105441710373184189
02008051305342005105765069917005291730356180176
02008051305342005106078069419904951610334160174
02008051305342005106631074717105761880388192196
02008051305342005106949000000005171720345171174
02008051305342005107093068017205081700338168170
02008051305342005109322072018505351750360181179
02008051305342006101017066917104981640334166168
02008051305352001106797082800000000000378000000
02008051305352003110151063615504811540327160167
02008051305352004101071000017000001780000181000
02008051305352004101267074217105711830388190198
02008051305352004101544066615805081580350170180
02008051305352004103885091222206902230467230237
02008051305352004110216093923707022300472233239
02008051305352005100274069118305081740334165169
02008051305352005101563071918605331860347171176
02008051305352005101658072918805411810360178182
02008051305352005101843070518805171690348172176
02008051305352005102885000000000000000000000000
02008051305352005103462072800000000000373186187
02008051305352005104063075518505701830387200187
02008051305352005104726068916605231650358174184
02008051305352005104966074417805661860380192188
02008051305352005105291068717805091730336169167
02008051305352005105586073718405531810372185187
02008051305352005105645073517105641850379192187
02008051305352005106185081820506132040409205204
02008051305352005106279072419305311770354177177
02008051305352005109310066718004871690318160158
02008051305352005110130073019105391790360181179
02008051305362004100744000000000001830000178000
02008051305362005100681073918605531840369186183
02008051305362005101698071618905271840343172171
02008051305362005101748074719005571860371186185
02008051305362005102367067717305041640340170170
02008051305362005103058074118605551850370187183
02008051305362005103793069917805211700351176175
02008051305362005103797069617805181710347173174
02008051305362005104290069517705181700348174174
02008051305362005104641065117004811600321159162
02008051305362005109307070717805291750354179175
02008051305372003100795064516104841560328000000
02008051305372004104342000000000000000000000000
02008051305372004106928072118705341720362171191
02008051305372005100327072219405281710357176181
02008051305372005102209065717004871610326160166
02008051305372005102236074720405431830360178182
02008051305372005102299063415904751500325155170
02008051305372005103134067518904861640322147175
02008051305372005103982000019300001660000179000
02008051305372005109315062616204641530311154157
02008051305372006102676073220205301860344173171
02008051305372006104595073419905351890346173173
02008051305382001103335070117705241730351173178
02008051305382004103082066916905000000000000167
02008051305382004104633066416205021610341170171
02008051305382005104198064815504931540339160179
02008051305382005104799068717305141740340168172
02008051305382005105789066116404971570340168172
02008051305382006101008066416005041610343169174
02008051305392003106350077619905771940383193190
02008051305392004104590085623106252080417205212
02008051305392005101044073619705391860353174179
02008051305392005106115074019905411910350175175
02008051305392005110179069517805171710346174172
02008051305402005100211071717705401710369183186
02008051305402005104354076821105571960361189172
02008051305402005106138077520505701940376188188
02008051305402005106190091827406442220422212210
02008051305402005106311077420905651920373189184
02008051305402005107044077018305871810406201205
02008051305412002107299069817905191710348172176
02008051305412003100055066516704981650333167166
02008051305412004100176068016605140000000000171
02008051305412004103189000000005131660347170177
02008051305412004104661070817805301770353172181
02008051305412004105006070700000000000357174183
02008051305412005102238000000000000000000000174
02008051305412005102256081023605742010373191182
02008051305412006103925079020105891940395199196
02008051305422001103160079419406001880412206206
02008051305422002101849070916905401670373184189
02008051305422003102694000000005721830389192197
02008051305422003107100067016305071630344169175
02008051305422003107348075818905690000000000188
02008051305422004102549068116705141580356164192
02008051305422004102827080421305911930398199199
02008051305422004103340064616404821530329158171
02008051305422004106074068816805201680352173179
02008051305422005100811071417405401720368179189
02008051305422005104032067016705031690334169165
02008051305422005104467064415204921550337166171
02008051305422005104643070517005351710364175189
02008051305422005105877073218305491840365186179
02008051305422005106364071400000000000374186188
02008051305422005109277072918005491750374184190
02008051305432000100957069317505181700348173175
02008051305432000107386070117605251680357169188
02008051305432004102773070917405351770358176182
02008051305432004103191066917604931720321163158
02008051305432004104456000022300002180000218000
02008051305432004106716079419705971910406201205
02008051305432004110067069917005291690360180180
02008051305432005100552067917205071610346166180
02008051305432005100588075718805691790390199191
02008051305432005101877076621005561860370196174
02008051305432005105316069318105121710341171170
02008051305432005105526068417605081710337167170
02008051305432005105792071918705321750357174183
02008051305432005106396064915704921630329167162
02008051305442003100457069118805031550348167181
02008051305442004103257065216804841630321157164
02008051305442004110235065816804901630327162165
02008051305442005102206083620606302020428206222
02008051305442005103680075219905531830370176194
02008051305442005104015065815605021550347173174
02008051305442005106819068417405101670343169174
02008051305452002103500075221505371940343181162
02008051305452003105026071717905381770361177184
02008051305452003106123000017700001770000170000
02008051305452004104607066217404881650323162161
02008051305452005101195067500000000000338171167
02008051305452005102383071217005421740368184184
02008051305452005102666071618205341750359178181
02008051305452005105841068117105101650345170175
02008051305452005105844063716904681530315154161
02008051305452005106455075420005541860368184184
02008051305452006102899068916805211590362174188
02008051305452006103088070017205281670361178183
02008051305462004102767066616505011610340166174
02008051305462004103060067516005150000000000181
02008051305462004110115061916504541520302148154
02008051305462004110167000000000000000000000192
02008051305462004110262064615904871610326163163
02008051305462005101189069017005201710349176173
02008051305462005101462000000000000000000000000
02008051305462005102296000000000001790000178000
02008051305462005102732068216605161660350171179
02008051305462005105448066014605141600354170184
02008051305462005106838072219705251760349172177
02008051305472003102912000000000000000000000000
02008051305472004103765069616705291760353177176
02008051305472004106865000000000001670000170000
02008051305472005102333069417705171740343171172
02008051305472005103048070318205211760345173172
02008051305472005104224068916905201720348171177
02008051305472005106205069017305171720345173172
02008051305472005106644068617005161700346172174
02008051305472005106773070216305391730366182184
02008051305472005109322000000000000000000157000
02008051305472005110200068317305101690341168173
02008051305482002102719064715304941560338166172
02008051305482002105923069717405231740349172177
02008051305482003107226069517605191720347170177
02008051305482004100559063615904771590318156162
02008051305482004103064061316304501470303149154
02008051305482004103230060116204391440295142153
02008051305482004110242062916104681540314150164
02008051305482004110248061416304511450306148158
02008051305482005100220062916104681560312155157
02008051305482005100497066117304881670321165156
02008051305482005100949061016304471460301147154
02008051305482005102341061615504611520309154155
02008051305482005102499061616204541540300147153
02008051305482005102812066418204821630319161158
02008051305482005103409069916805311690362174188
02008051305482005105578067317205011700331169162
02008051305492001102989062216904531510302158144
02008051305492002103925064416404801570323160163
02008051305492004102915066316804951580337165172
02008051305492005100964064716904781630315163152
02008051305492005103058067617605001680332165167
02008051305492005103798069217005221690353173180
02008051305492005104445070418105231710352176176
02008051305492005106279064317204710000000000148
02008051305492005106375067317205011660335172163
02008051305492005106631000000005271630364179185
02008051305492005109217071418205321760356180176
02008051305492005110121068017105091620347169178
02008051305492006109205070017605241740350181169
02008051305502001106797072818605421800362184178
02008051305502002104192059115104401450295145150
02008051305502003110151062215704651550310156154
02008051305502004100778067516705081670341170171
02008051305502004110216074318805551840371186185
02008051305502005103068071718705301760354177177
02008051305502005105575067800000000000000000000
02008051305502005105583060614704591470312153159
02008051305502005105645064616804781590319158161
02008051305502005107005070317805251790346177169
02008051305502006102676069218705051810324169155
02008051305502006104595070219305091810328171157
02008051305512002101343000018500001870000000000
02008051305512003100774000015500001690000174000
02008051305512003102891000000000000000000000000
02008051305512003104835068417205121730339171168
02008051305512003107326067316705061680338171167
02008051305512005101603074519505501890361181180
02008051305512005102367065616904871610326161165
02008051305512005102885000000004990000000000166
02008051305512005103793067716905081660342172170
02008051305512005103797067516805071660341173168
02008051305512005104063066317204911660325164161
02008051305512005104290066117004911620329167162
02008051305512005104966071517505401790361185176
02008051305512005106185075119305581950363186177
02008051305512005109307065516604891600329164165
02008051305522004100330065100000000000322000000
02008051305522004100394067016505051720333168165
02008051305522004100744000000000000000000171000
02008051305522004103066066217404881600328160168
02008051305522005100650076019805621860376187189
02008051305522005101217066117704841630321158163
02008051305522005101395070017305271720355179176
02008051305522005101760000000000000000000000000
02008051305522005105094078721605711920379192187
02008051305522005106298066516804971630334166168
02008051305522005106587000017500001690000164000
02008051305522005106791000000004821620320155165
02008051305532005100327068817805101630347169178
02008051305532005102236070618705190000000000174
02008051305532005103134066717704901780312142170
02008051305532005103982065317904741600314161153
02008051305532006101279072118705341780356183173
02008051305532006104157072018705331790354182172
02008051305542004103082063215204801540326157169
02008051305542004104342000000000000000000000163
02008051305542005104354057815104271350292144148
02008051305542006101008061915604631540309147162
02008051305552003106350068118005011680333170163
02008051305552004104590075018505651800385187198
02008051305552004106074069116805231680355174181
02008051305552005106190076419105732020371190181
02008051305552005107044069716705301730357174183
02008051305562001103160072817805501790371188183
02008051305562003100055062916004691550314156158
02008051305562003102694072500000000000000000188
02008051305562003103745068200000000000321171150
02008051305562005100211066916705021710331167164
02008051305562005102256072019505251760349177172
02008051305562005106311067917405051610344173171
02008051305562005110179062716004671520315155160
02008051305572003110171065717904781620316154162
02008051305572004102827079919506042030401199202
02008051305572004103189065316804851610324160164
02008051305572004105006065316804851610324160164
02008051305572004106716077618805881890399200199
02008051305572005102206078619705891860403197206
02008051305572005102238065600000000000000000162
02008051305582003101688062714404831460337160177
02008051305582003107348069316805251730352176176
02008051305582003110131072718205451760369184185
02008051305582004100846074619705491830366181185
02008051305582005100585070117605251780347175172
02008051305592004100517065516704881650323161162
02008051305592004110067067515705181630355171184
02008051305592005100098062215804641480316153163
02008051306002004110176064216304791570322158164
02008051306002005105985068517805071690338168170
02008051306002005106455071017405361710365179186
02008051306012004100788060814904591490310149161
02008051306012004110167071417905351800355000000
02008051306012005102812065116804831620321160161
02008051306021999106723070016605341720362179183
02008051306032004100778068617805081710337167170
02008051306032005102478064417204721600312155157
02008051306032005103068068217205101700340173167
02008051306032005104289060515204531430310155155
02008051306032005106035063715904781570321159162
02008051306032006106451071817905391820357179178
02008051306042003102765056814104271360291140151
02008051306042003104568000015600001610000000000
02008051306042005103689066515905061600346169177
02008051306042005107005069417005241680356174182
02008051306052001103526063716204751530322156166
02008051306052002103051071717605411760365186179
02008051306052005105943067216305091590350169181
02008051306062003100774056600000000000319139180
02008051306062003102891000000000000000000000000
02008051306062005102528072417305511720379184195
02008051306062005106024068317605071710336162174
02008051306072004100394067617605001670333167166
02008051306072005101603071518605291860343173170
02008051306072005104280068718405031700333167166
02008051306072005106394069517105241650359181178
02008051306082004102971072020405161820334175159
02008051306082005101922070016705331770356180176
02008051306082005103198071418305311720359176183
02008051306082005104552071418305311720359176183
02008051306082005105999067917605031650338000000
02008051306092005100756062615504711510320156164
02008051306092005109055071017605341720362176186
02008051306102001103160068116805131680345169176
02008051306102003102694070117505261660360177183
02008051306102004100846073719105461800366182184
02008051306102005100093074819205561880368185183
02008051306102005100576074819105571870370184186
02008051306102005101798074718605611940367184183
02008051306102005102029072517405511850366185181
02008051306102005103514074218405581910367186181
02008051306102005103684000000000000000000000000
02008051306102005109295070617505311720359175184
02008051306102006105759065716504921610331163168
02008051306111999106736071418405300000000000175
02008051306112001106736070717805291730356174182
02008051306112002107086067616905071650342169173
02008051306112002110098071618405320000000000173
02008051306112003102078070617905271730354171183
02008051306112003106390067417405001620338169169
02008051306112004102827075420205521990353179174
02008051306112004106554065417504791610318159159
02008051306112004106716075118505661890377192185
02008051306112005102251072518605391800359181178
02008051306112005102961070218005221770345173172
02008051306112005103932068200000000000359177182
02008051306112005106169072217805441750369182187
02008051306122004106727066916605031640339169170
02008051306122004110063067017204981620336164172
02008051306122005102206078118905921870405199206
02008051306122005106984072918205471800367184183
02008051306122006103655072718005471760371182189
02008051306132001103410066817604921630329163166
02008051306132003101688065815605021560346167179
02008051306132003102510000018300000000000000000
02008051306132005104795061115604551460309152157
02008051306132005105104073419805361860350173177
02008051306132005106552080022105791940385182203
02008051306132005106903074718905581820376185191
02008051306132005106938071818705311760355181174
02008051306142001102114070618005261730353179174
02008051306142003102538000000000000000000000000
02008051306142004101205065700000000000330169161
02008051306142004103123070017305271670360180180
02008051306142004106811069116205291610368182186
02008051306142004110258068016905111690342171171
02008051306142005102084071918405350000000000000
02008051306142005103874072818405441780366181185
02008051306142005106320070317905241730351171180
02008051306142006101832072818705411770364180184
02008051306151999106723069916805311720359179180
02008051306152005104194072418105431650378186192
02008051306152005105985068118105001700330165165
02008051306162004100260066616804981640334165169
02008051306162005100145000000000000000345172173
02008051306162005104234065216104911630328163165
02008051306162005106221064816204861580328162166
02008051306172001103526062116904521540298150148
02008051306172003104568067817305051690336165171
02008051306172004110024066017104891630326158168
02008051306172005100695068517905061660340168172
02008051306172005102962065716604911640327163164
02008051306172005103689066617004961590337163174
02008051306172005105884067416705071670340168172
02008051306182003106098063916104781510327157170
02008051306182004105485067816205161640352173179
02008051306182004110251066216105011590342163179
02008051306182005103460068215905231700353179174
02008051306182005103778063816004781520326156170
02008051306182005109125068717205151770338168170
02008051306182006102170069217905131680345164181
02008051306192002102644069516605291670362176186
02008051306192002102852070418505191740345172173
02008051306192002105164069317605171670350171179
02008051306192003102913068616705191690350175175
02008051306192004106225089022906612210440223217
02008051306192004106508073220505271840343173170
02008051306192005103434069117205191580361177184
02008051306202004102927070517905261770349175174
02008051306202004104067065816604921630329162167
02008051306202004104677070018005201720348173175
02008051306202005103792069817605221720350176174
02008051306202005104832067616805081620346168178
02008051306202005106394071018405261730353179174
02008051306212004102971068919904901760314168146
02008051306212005102204072719405331860347177170
02008051306212005109267000000000000000000000000
02008051306222003101902073822205161900326170156
02008051306222003104562069319005031840319177142
02008051306222005101922060915804511550296135161
02008051306222005102313065117204791620317159158
02008051306222005104076065517004851630322162160
02008051306222005107054069218205101730337169168
02008051306232005100093069517605191740345171174
02008051306232005102248069717805191740345171174
02008051306232005103198067917405051680337165172
02008051306232005103514069017405161740342173169
02008051306232005104552068317605071680339166173
02008051306232005105999071218105311760355167188
02008051306242005102251068317505081730335169166
02008051306242005102961070117705241780346175171
02008051306242005106169072318005431810362184178
02008051306242005109055073018205481740374183191
02008051306251999106736066317504881680320158162
02008051306252004106727066417604881680320161159
02008051306252004110063000017400001610000000000
02008051306252006103655068017705031670336169167
02008051306262002106707073518505501840366184182
02008051306262003102078068217705051580347167180
02008051306262004110139074419505491860363186177
02008051306262005106552067717605011630338164174
02008051306272000101532080020205982020396196200
02008051306272003102622080821105971990398200198
02008051306272005100660073418005541790375189186
02008051306272005100663067717405031700333166167
02008051306272005100667082020506152050410208202
02008051306272005102013068517705081670341167174
02008051306272005106217066316604971650332000000
02008051306282001103410072820705211850336174162
02008051306282005100310066717004971620335166169
02008051306282006100804068117205091610348170178
02008051306292004101205070100000000000358176182
02008051306292005101335069318005131690344172172
02008051306292005103460066516704981640334171163
02008051306292005104754067516505101600350175175
02008051306292005105884067917605031650338164174
02008051306292005106320069117405171700347173174
02008051306292006101280000000000001730000181000
02008051306302002105164066416604981600338164174
02008051306302003103675073919005491810368184184
02008051306302004105485066417004941590335165170
02008051306302005102819070518105241700354173181
02008051306302005104636067419504791600319159160
02008051306302006104149072919605331730360181179
02008051306312004106842069517005251740351172179
02008051306312005106434066515705081580350170180
02008051306312006102019068718804991710328170158
02008051306312006102065074619205541850369184185
02008051306322002104713079500000000000398197201
02008051306322005101436067416805061600346170176
02008051306322005102036077719105861910395196199
02008051306322005106564065016804821560326161165
02008051306322005106695079120405871940393193200
02008051306332003106098063116004711510320158162
02008051306332003106824070418005241780346174172
02008051306332004110251064915804911550336164172
02008051306332005103778063316104721500322157165
02008051306342004102927067016905011630338170168
02008051306342004104677066917304961650331167164
02008051306342005103792066518004851580327164163
02008051306352003102488067717505021620340166174
02008051306352005101308067517305021610341169172
02008051306352006103752067717505021620340165175
02008051306352006104413069517605191680351175176
02008051306572001104257062415904651550310156154
02008051306582005100097063815804801550325159166
02008051306582005100624063215204801490331159172
02008051306582005100667073618505511820369185184
02008051306582005101355066316904941640330161169
02008051306582005102013070417805261710355175180
02008051306582005104839067817505031670336166170
02008051306582005105519065215604961610335170165
02008051306582005105670056914604231440279143136
02008051306582005106434063815004881550333162171
02008051306582005107042067316505081660342168174
02008051306582006104821061200000000000303152151
02008051306592000101532076419105731910382188194
02008051306592003102622075518405711870384191193
02008051306592003103580066817304951630332000000
02008051306592003103620063916104781570321161160
02008051306592003104567000000000000000000000000
02008051306592003106824065817104871640323163160
02008051306592004101093065817404841670317165152
02008051306592004101248066216404981610337171166
02008051306592004103347064216304791600319163156
02008051306592004104022064516904761560320159161
02008051306592004104731067217304991640335165170
02008051306592005101403069116705241700354174180
02008051306592005101796068817805101700340167173
02008051306592005105560069218005121660346171175
02008051306592005110017064915804911570334160174
02008051306592005110064067017304971620335164171
02008051307002005105646066816705011620339171168
02008051307012004106910066800000000000331159172
02008051307012005101040069817405241680356178178
02008051307032002105261065017704731620311165146
02008051307072004103933000000005820000000000192
02008051307072005106261068916505241630361176185
02008051307092005106585060114204591420317151166
02008051307102005104839065816704911650326163163
02008051307112004104731065216404881610327162165
02008051307112005100667070418005241690355176179
02008051307112005101355067517505001660334162172
02008051307112005105519000000004961670329168161
02008051307112005107042067717305041660338167171
02008051307122000101532074618605601780382190192
02008051307122003102622070417705271730354173181
02008051307122005102013066816805001620338166172
02008051307122005105646065016604841580326166160
02008051307122005110064066417404901650325163162
02008051307132004101248065316304901640326164162
02008051307132004103347065316004931580335168167
02008051307132005110017064516004851540331154177
02008051307152005101796071019305171780339175164
02008051307152005109126072119905221840338169169
02008051307202004103933000021300001940000190000
02008051307212000102324069818905091790330169161
02008051307212004103269071718405331750358176182
02008051307252005104107063615004861460340157183
02008051307272005109126072419405301850345171174
02008051307282004102131080420805961910405202203
02008051307302002100879069317605171700347176171
02008051307302005102558088622106652160449225224
02008051307312005102985070418205221760346172174
02008051307322003102672071518205331670366182184
02008051307332005101041072518105441780366180186
02008051307342005104148061315204611490312154158
02008051307342005104247000000004481490299149150
02008051307362003104656075119005611800381189192
02008051307362005100079067217205001590341167174
02008051307362005100138072317905441790365177188
02008051307372004103269069618205141680346172174
02008051307402005100076074100000000000362183179
02008051307432003104977000000000000000000000000
02008051307432005102558083022506052110394199195
02008051307432005103019071219805141760338170168
02008051307442002100879070517405311770354182172
02008051307442003102672073018605441760368184184
02008051307442005106738068317005131640349174175
02008051307442005106870065316604871630324161163
02008051307452000103551065715405031570346166180
02008051307462005103611067017804921700322159163
02008051307472005101041068317805051730332165167
02008051307492004106399066416604981570341166175
02008051307492005103061066917704921670325163162
02008051307492005103548063315904741560318157161
02008051307492005109059067818404941690325164161
02008051307492006101705077419605781880390191199
02008051307492006105956077419705771870390191199
02008051307502005103111080221805841980386195191
02008051307512001103323000000000000000000000000
02008051307512005103083063516204731550318159159
02008051307512005103734066116504961650331165166
02008051307522004103112069617905171770340173167
02008051307522005101404072318405391790360180180
02008051307522005102727069617405221740348178170
02008051307522005103252076519205731880385187198
02008051307532004104102073318505481870361182179
02008051307532005104930069617905171730344174170
02008051307532005106784070518805171700347176171
02008051307532006102453069918105181700348177171
02008051307542003104656068716605211660355180175
02008051307542004109125065617004861560330163167
02008051307542005104083066517504901630327162165
02008051307542005109260065116004911550336163173
02008051307552006102099063716304741540320157163
02008051307572004109256072317605471740373181192
02008051308172004109125060415704471500297147150
02008051308182000106042000000000000000000166000
02008051308182001102352068917705121720340172168
02008051308182004100764068817205161700346171175
02008051308182004103457063917504641550309153156
02008051308182005100399071718205351740361172189
02008051308182005102446064015804821570325164161
02008051308182005104273069017105191690350172178
02008051308182005105224068117905021680334166168
02008051308192003100752068016505151640351176175
02008051308192004101075063916804711570314155159
02008051308192004103071065816704911590332165167
02008051308192005101606000017500001590000000000
02008051308192005102203069817505231720351178173
02008051308192005104007065717404831580325158167
02008051308192005104352067117604951660329160169
02008051308192005104930070717605311750356180176
02008051308192005105006060516304421360306140166
02008051308192005105012069117605151680347172175
02008051308192005105317066900000000000334000000
02008051308192005105686066716904981600338165173
02008051308192005106784069417605181650353175178
02008051308192005109166061415404601490311151160
02008051308192005109218063115204791470332164168
02008051308192006102453068817305151660349173176
02008051308202001102434064417304711590312153159
02008051308202002102935089124006512200431217214
02008051308202002103795063915504841570327000000
02008051308202003104677081220306091960413210203
02008051308202004100699066616804981590339168171
02008051308202005100119068717405131680345170175
02008051308202005100397067517305021640338169169
02008051308202005101306074700000000000386186200
02008051308202005101524061815804601530307156151
02008051308202005101527072317905441740370186184
02008051308202005101929065816804901590331165166
02008051308202005102378069117905121730339172167
02008051308202005102390000000000001740000175000
02008051308202005103700063415804761510325161164
02008051308202005103794067817105071690338170168
02008051308202005104125071717905381770361180181
02008051308202005104308000014900001440000152000
02008051308202005105261070417505291700359179180
02008051308202005105420067717005071680339170169
02008051308202005105565066916905001620338167171
02008051308202005105673071019005201740346172174
02008051308212001106681065716704901640326164162
02008051308212002107322067216705051660339169170
02008051308212004102051066616505011630338168170
02008051308212004104741082123405872060381194187
02008051308212005100132065815405041590345169176
02008051308212005100292067818504931620331165166
02008051308212005100801071417805361790357179178
02008051308212005100807068118005010000000000169
02008051308212005101647000000005071650342168174
02008051308212005102052064916704821650317156161
02008051308212005102705073221105211870334169165
02008051308212005102866066516305021590343170173
02008051308212005102980066817104971640333167166
02008051308212005103616069817805201690351169182
02008051308212005103738061014404661530313154159
02008051308212005103782063714804891460343170173
02008051308212005104265073318805451790366180186
02008051308212005106491071017805321650367177190
02008051308212005106919082821106172010416209207
02008051308212005107030065216704851600325164161
02008051308212006102194072418405401800360176184
02008051308212006102993066000000000000329167162
02008051308212006103888070517605291680361175186
02008051308212006104289076120005611970364179185
02008051308212006105075070117305281710357176181
02008051308222002102845068016805121650347174173
02008051308222004103636069419005041700334167167
02008051308222004105547000000000000000318158160
02008051308222004106633086021506450000000000216
02008051308222004106738000014500001440000000000
02008051308222004110121060514204631440319156163
02008051308222005101316068518505001790321164157
02008051308222005101318069318505081760332166166
02008051308222005101336060314804551480307153154
02008051308222005101343000000005141710343171172
02008051308222005101533070018605141740340171169
02008051308222005102258062415004741520322159163
02008051308222005102683069420204921780314163151
02008051308222005104948069820204961710325164161
02008051308222006101708081021305971970400202198
02008051308222006103696074620005461840362181181
02008051308232001107662067517505001620338168170
02008051308232002103313068217005121670345175170
02008051308232003110144067516505101650345168177
02008051308232004102272065716304941640330164166
02008051308232004103159064215804841580326161165
02008051308232005101418066715905081660342169173
02008051308232005102213068116705141660348173175
02008051308232005105285069517905161830333172161
02008051308232005105706070018405161790337165172
02008051308232005106016000016300001550000159000
02008051308232005106464065815904991580341171170
02008051308232005107052063316704661550311153158
02008051308232006103029061716204551490306145161
02008051308232006106212061716204551490306145161
02008051308242001106935063617304631550308152156
02008051308242002106028063116304681550313155158
02008051308242002106742066716205051580347169178
02008051308242003100390065516304921720320164156
02008051308242004103315067617105051680337171166
02008051308242004109228000000000000000000000000
02008051308242004109256071718005371750362179183
02008051308242005102400071317905341690365185180
02008051308242005102598071117405371730364181183
02008051308242005103029063916404751570318156162
02008051308242005103196068416805161700346171175
02008051308242005105540068517805071690338169169
02008051308242005110219064415504891570332162170
02008051308252004100520073519005451770368176192
02008051308252005101006067616405121670345169176
02008051308252005105619073118705441750369174195
02008051308252005106524069019204981790319000000
02008051308252005109321061316304500000000000154
02008051308262003102585066317004931640329161168
02008051308262004102187075318505681820386190196
02008051308262004103766069117905121710341170171
02008051308262005103930072018205381780360180180
02008051308262005105319072718205451720373182191
02008051308262005106100073419105431840359180179
02008051308262006102506073018405461880358179179
02008051308262006104079073218605461820364183181
02008051308272003103278072218705351830352180172
02008051308272005105804000000005340000000000000
02008051308272005106263067617305031640339168171
02008051308272005106540068900000000000327170157
02008051308272005109303070018205181680350175175
02008051308272006103584072118205391780361183178
02008051308272006104183072118205391780361183178
02008051308282003106870077319905741820392196196
02008051308282004103127000000000000000000000000
02008051308282004110265000000004970000000000162
02008051308282005101663067116405071660341166175
02008051308282005103454064215204901630327164163
02008051308282005105727067316505081660342167175
02008051308292003101264074619305531860367187180
02008051308292003102507072520405211740347174173
02008051308292003102949066017304871640323163160
02008051308292003103331064317504681600308155153
02008051308292005100530068217805041690335166169
02008051308292005101344064418204621570305153152
02008051308292005101626067017104991670332166166
02008051308292006100713073120505261710355173182
02008051308292006103036070619605101670343170173
02008051308292006104966072520205231720351171180
02008051308292006106193000000000000000000000000
02008051308302001102572068418205021710331169162
02008051308302001110193066917804911620329164165
02008051308302004104657067517505001580342166176
02008051308302005100117065016504850000000000163
02008051308302005100402067317005031640339166173
02008051308302005102312065817304851640321158163
02008051308302005106856061715504621510311150161
02008051308312001102352066817204961610335166169
02008051308312003100752067216505071600347169178
02008051308312003102177071118205291730356175181
02008051308312003107187073318205510000000000195
02008051308312004100764068216505171660351174177
02008051308312004105875076419105731910382187195
02008051308312005101606000000000000000000153000
02008051308312005104631067716305141610353179174
02008051308312005105012071216705451800365181184
02008051308312005105686063015204781610317167150
02008051308312005106227069917805211700351173178
02008051308312006105122071819605221680354175179
02008051308312006106138076219205701900380186194
02008051308322000106042000000005041580346171175
02008051308322005105224063916204771570320158162
02008051308322005109218062715604711470324153171
02008051308332001101613061215804541500304149155
02008051308332004102749081221405982110387197190
02008051308332004104741062917104581530305152153
02008051308332005102390000000000000000000000000
02008051308332005103976060314704561480308158150
02008051308332005104273073918805511750376185191
02008051308332005105807068017305071690338169169
02008051308332006102941068317405091700339166173
02008051308332006103350072317705461770369188181
02008051308342001104938071017605341730361180181
02008051308342004101210064816604821630319160159
02008051308342004105885058215204301430287148139
02008051308342005100801069817305251740351177174
02008051308342005101316066117304881660322167155
02008051308342005101318065316804851640321166155
02008051308342005101591066216604961590337164173
02008051308342005102446065216504871590328165163
02008051308342005102705069720404931760317162155
02008051308342005106195065716304941590335163172
02008051308342005106919071718805291740355178177
02008051308352002103795063600000000000324162162
02008051308352003104378000000000000000000000000
02008051308352004100699068217405081700338172166
02008051308352004103457061415804561540302151151
02008051308352004105547064917104780000000000160
02008051308352005101929061016204481520296154142
02008051308352005103794067817605021700332171161
02008051308352005105006065216104911610330168162
02008051308352005105261067917405051700335172163
02008051308352005105420067717405031710332170162
02008051308352005105565068517705081700338172166
02008051308362002102935077020805621880374191183
02008051308362002107322068217005121690343170173
02008051308362004106633067217404981700328167161
02008051308362005100807000000000000000317154163
02008051308362005101647062316004631540309153156
02008051308362005102866062116004611530308154154
02008051308362005104125068517505101630347171176
02008051308362005104265064116404771590318157161
02008051308362006102194068516305221760346176170
02008051308362006103696066017604841610323159164
02008051308362006103888067616705091690340164176
02008051308362006105075068616705191670352172180
02008051308372002105517065316604871580329161168
02008051308372002106491065717804791580321158163
02008051308372004101198062816604621540308154154
02008051308372005100292071118005311720359184175
02008051308372005101533066618704791640315156159
02008051308372005102400073819105471800367184183
02008051308372005102683067518004951740321168153
02008051308372005104948071718805291780351176175
02008051308372005110101065317104820000000000000
02008051308382005102287069616905271730354174180
02008051308382005102356067817205061660340166174
02008051308382005102691067417305011630338166172
02008051308392003100390065917404851640321167154
02008051308392004103315065117204791590320158162
02008051308392005103029063515704781570321157164
02008051308392005103196066316404991600339163176
02008051308392005105540066316604971570340167173
02008051308392005110219065816904891610328163165
02008051308412001104244066816705011680333166167
02008051308412002100800066717304941630331164167
02008051308412004103766068218005021660336169167
02008051308412004110236067716405131720341170171
02008051308412005102571063816404741610313156157
02008051308422003102464063615204841580326160166
02008051308422005101663065716504921590333163170
02008051308422005102019062515404711480323157166
02008051308422005102368062315604671530314159155
02008051308422005102628059515404411450296150146
02008051308422005105727065616404921600332163169
02008051308422005109319064516404811600321156165
02008051308422005110031061115504561460310149161
02008051308422006102266068017005101690341170171
02008051308422006103054067116705041640340170170
02008051308432003103331063516304721560316154162
02008051308432003105063072117805431800363184179
02008051308432004104657068318604971600337162175
02008051308432005103930074018805521830369189180
02008051308432005106100071019705131730340170170
02008051308432005110168079520105942020392203189
02008051308432006102506075920205571860371191180
02008051308432006104079071419705171790338169169
02008051308442001102572072718705401820358179179
02008051308452003107187069117205191680351178173
02008051308472001104938069316105321740358179179
02008051308472005106448076018505751820393190203
02008051308492004110259072118705341820352181171
02008051308502002103088069817705211760345172173
02008051308532001104244063616404721570315158157
02008051308532002100800064817504731560317156161
02008051308532002105517064716404831550328160168
02008051308532004105427068717805091710338173165
02008051308532005100991068318504981700328165163
02008051308532005102287068517105141680346169177
02008051308532005110101000000004810000000000165
02008051308542005109146065416804861610325163162
02008051308552002104020070317505281790349183166
02008051308552004102669061815904591570302154148
02008051308562003102448072318605371790358178180
02008051308562005105523075119505561840372183189
02008051308562005110221068317905041660338169169
02008051308572005103570066516804971590338165173
02008051308572005106639084422306212080413207206
02008051308582005102979071320405091800329171158
02008051308592003100263060115004511460305153152
02008051308592004101042070517105341790355175180
02008051309002003103002071417605381680370181189
02008051309002004100323068117105101690341172169
02008051309002004104332063516504701590311000000
02008051309002005101701066217304891620327158169
02008051309002005104492067217804941660328160168
02008051309002005104716071718105361640372184188
02008051309002005105313066315505081600348171177
02008051309002006101303081021105991980401198203
02008051309002006102287080921105981980400196204
02008051309002006102829080221005921630429196233
02008051309012005100091054514104041300274133141
02008051309012005101466079220205901960394196198
02008051309012006102673082920606232050418207211
02008051309012006102683082720506222030419208211
02008051309022005106448076218105811890392197195
02008051309032003101697074019505451910354186168
02008051309032004110259067618104951700325164161
02008051309042004100047085124806032190384203181
02008051309042005102211068717505121650347171176
02008051309052005100603066316704961600336170166
02008051309052005102508066616704991590340172168
02008051309052005106450068117405071700337166171
02008051309052006102246070918005291780351178173
02008051309052006103107070218805141770337169168
02008051309052006103964070318905141760338169169
02008051309062005100991066217504871610326161165
02008051309072003101392063315604771560321158163
02008051309072004109253068018904911750316173143
02008051309072005101022072618905371820355181174
02008051309072005105491068917205171700347172175
02008051309082002110153069517005251770348000000
02008051309082004102923065216804841650319162157
02008051309082005104192072019305271780349179170
02008051309092002103435072218205401800360182178
02008051309092003102448072217405481810367186181
02008051309092005103803095923807212320489242247
02008051309102005105523074419305511740377191186
02008051309112002107298070618305231780345000000
02008051309112005106639075721005471830364173191
02008051309122005102979071822504931810312163149
02008051309122005103347060916804411500291143148
02008051309132003103002070718505221710351174177
02008051309132005104716070618205241710353175178
02008051309142004103195069417605181690349177172
02008051309142006101303077620605701920378193185
02008051309142006102287077620605701920378193185
02008051309142006102829077518405911880403204199
02008051309152006102673082120606152000415205210
02008051309152006102683082220706152000415205210
02008051309162004100323068817605121730339172167
02008051309162005106448072719505321800352178174
02008051309172005104156069519604991760323167156
02008051309202003102720078320205811900391194197
02008051309202005100603067017104991640335170165
02008051309202005102508067217105011620339172167
02008051309202005105491068116905121630349172177
02008051309212005104192069118605051750330172158
02008051309232004100829059813904591430316156160
02008051309232005102692000000004641450319159160
02008051309372003102699076619305731850388195193
02008051309372004100829000000004681500318154164
02008051309372004103047079720405931960397199198
02008051309372005102692070516905361710365185180
02008051309392000105963070918505241850339185154
02008051309472005103928071417805361760360175185
02008051309502003102699071617805381770361180181
02008051309512004103047073518705481790369184185
02008051309582005102139083420006342040430214216
02008051310012004103107000020900002080000218000
02008051310012005102030087322006532140439217222
02008051310032003102699072718205451750370184186
02008051310042004103047072017905411780363180183
02008051310152004103107085521406412090432223209
