02007040704301999105452071718305341790355176179
02007040704302001103088073717805591830376187189
02007040704302002100383074018305571730384190194
02007040704302002107229078620105851930392197195
02007040704302002109421076900000000000000000178
02007040704302003100625075820505531820371186185
02007040704302003104922063116904621550307154153
02007040704302003107414070817705311760355176179
02007040704302003110122079720205951870408219189
02007040704312000100129071217805341760358180178
02007040704312000106042069018005101690341170171
02007040704312001100473076818905791840395194201
02007040704312001106294070417705271760351170181
02007040704312002100626070918705221750347175172
02007040704312002100800070117505261740352173179
02007040704312002105350077619705791940385193192
02007040704312002107322067717505021610341165176
02007040704312002110153000000004961640332166166
02007040704312003102529078719705901920398193205
02007040704312003104978073218505471820365182183
02007040704312003106309074519605491880361184177
02007040704312003107302075418105731920381188193
02007040704312004103019070818105271690358176182
02007040704312004103165073518405511770374182192
02007040704312004103328067416905051670338169169
02007040704312004103497064816004881610327163164
02007040704312004104684070217805241690355177178
02007040704312004104740066515605091510358173185
02007040704312004105106075418805661870379188191
02007040704312004106074069517605191710348175173
02007040704312004106336070919205171740343171172
02007040704312004107174072217405481820366188178
02007040704322001103526069716805291580371179192
02007040704322002106742076019105691800389191198
02007040704322003104474074919105581840374184190
02007040704322004100327072318705361740362177185
02007040704322004101304075818505731850388192196
02007040704322004102474069817405241690355175180
02007040704322004104772074018605541770377182195
02007040704322004104808072818105471770370184186
02007040704331999106190088221806642080456224232
02007040704332001106171070417905251650360173187
02007040704332002110141072718605411780363178185
02007040704332003102486067816305151670348173175
02007040704332003105707074218505571800377187190
02007040704332003109116079100000000000000000191
02007040704332003109317072418305411690372185187
02007040704332004100837083120506262070419215204
02007040704332004101927098725907282450483243240
02007040704332004102652071217405381690369182187
02007040704332004102961073518705481780370184186
02007040704332004103332099025907312470484248236
02007040704332004104288087923706422190423211212
02007040704332004104353079919206071920415204211
02007040704332004105002070717805291720357175182
02007040704332004105584080219506071930414203211
02007040704332004106847080120805932000393191202
02007040704332004107152063216904631550308156152
02007040704332004110024071818205361730363179184
02007040704332004110103080120405971910406190216
02007040704342002101825072618605401750365177188
02007040704342003104252069718405131680345176169
02007040704342003105022065116604851600325162163
02007040704342003105620067716905081650343170173
02007040704342004102051072418505391750364179185
02007040704342004104651071418105331710362180182
02007040704352002101849074319305501770373185188
02007040704352003105888060315504481470301151150
02007040704352004101589073019005401820358177181
02007040704352004104965081520006152040411202209
02007040704352004110082069817105271650362178184
02007040704362001102434093524106942190475229246
02007040704362002107557081721706002000400202198
02007040704362003104856079920305961960400202198
02007040704362003110101071016805421780364186178
02007040704362004101192073617905571780379187192
02007040704362004102732068016905111630348170178
02007040704362004103182067616905071640343169174
02007040704362004104359079019905911910400194206
02007040704362004104525093423606982280470233237
02007040704362004104650068417005141680346168178
02007040704362004105023068417105131640349170179
02007040704362004105069092024806722220450216234
02007040704372001103382000000000000000000180000
02007040704372004100557077821105671940373187186
02007040704372004101591077421305611920369180189
02007040704372004102027083123505962040392198194
02007040704372004105001078920605831980385195190
02007040704372004105501075919905601890371185186
02007040704372004106053066515805071690338172166
02007040704372004109226080419106131860427209218
02007040704382000103418000000005011660335168167
02007040704382001107120071118405271820345169176
02007040704382002105920072118705341830351175176
02007040704382003102078079919806011830418198220
02007040704382004105072071517905361750361182179
02007040704382004105897072518405411820359180179
02007040704392004102272064516304821550327159168
02007040704392004102902063116304681540314156158
02007040704392004102959074418405601790381188193
02007040704402001106681070619405121670345170175
02007040704402002100902064015804821490333161172
02007040704402002107313117031308572890568286282
02007040704402003105026071017105391780361184177
02007040704402004103159064916404851560329165164
02007040704402004104488066016404961630333161172
02007040704402004105719065216004921590333164169
02007040704412001105815068917805111670344174170
02007040704412003100807069917305261680358172186
02007040704422003100558065517604791620317159158
02007040704422004101784077219905731870386195191
02007040704422004102535077320405691850384192192
02007040704422004103215079620005961970399200199
02007040704422004103634065317404791590320161159
02007040704432000106042068317905041650339166173
02007040704432002105350069217405181710347172175
02007040704432002109421071619305231950328168160
02007040704432003107414062915704721540318157161
02007040704432004100779068817305151760339168171
02007040704432004102992073018505451840361185176
02007040704432004105106067817205061650341171170
02007040704432004106781067316905041720332164168
02007040704441999104304066400000000000000000167
02007040704442000109435065216904831640319161158
02007040704442001100473076518805771840393194199
02007040704442002103761067317404991700329163166
02007040704442003109399063616104751530322157165
02007040704442004101065063316704661540312157155
02007040704451999105452069316905241700354176178
02007040704452001103526062814704810000000000177
02007040704452004102969067917205071670340167173
02007040704452004104698064316804751580317156161
02007040704452004105710063816904691530316154162
02007040704462004104772068717005171630354173181
02007040704472002100800070418805161750341171170
02007040704472002101849065416304911650326165161
02007040704472003104474070117705241720352175177
02007040704472003106309068918805011750326162164
02007040704472004100327069618005161700346171175
02007040704472004101589067016905011610340169171
02007040704472004101986069020804821730309158151
02007040704472004104524074519505501820368185183
02007040704472004104684067717005071710336168168
02007040704472004105649067720404731720301154147
02007040704472004106091067419404801680312160152
02007040704482001106171065418504691650304000000
02007040704482003109317068818505031710332168164
02007040704482004102961070818705211750346169177
02007040704491999106190078120405771890388191197
02007040704492000104331069617305231710352180172
02007040704492003105711073419105431780365183182
02007040704492004100778065617104851580327165162
02007040704492004104273068017405061620344170174
02007040704492004104353072818505431790364182182
02007040704492004105584071118805231750348170178
02007040704492004110103060015504451490296147149
02007040704502002110190105126407872640523259264
02007040704502003104252066316904941600334168166
02007040704502003105620068316505181670351175176
02007040704502004102051068016805121640348169179
02007040704502004105642072119005311790352178174
02007040704512000107249082121806032030400203197
02007040704512004110167071217805341750359182177
02007040704522001102434081221805941990395199196
02007040704522001103382000000005051740331170161
02007040704522004105069076118305781900388192196
02007040704522004105501068917405151720343174169
02007040704532000103418000000004840000000000166
02007040704532003104856073118405471770370184186
02007040704532003110101066416704971600337165172
02007040704532004102732066116504961590337164173
02007040704532004103182066216604961610335165170
02007040704532004104650066016704931610332163169
02007040704532004105023066316804951600335166169
02007040704532004105897065416304911630328165163
02007040704542002100260072816905591750384184200
02007040704542002100662069118105101740336169167
02007040704542003102078071716605511640387168219
02007040704542004100495074618805581820376189187
02007040704542004101203068817805101730337169168
02007040704542004102027081723105861970389185204
02007040704542004106510074318105621820380192188
02007040704552001107120070417605281780350176174
02007040704552002100488066516505001650335165170
02007040704562004102959069817905191690350171179
02007040704592004101678070517805271740353175178
02007040704592004104761070617305331710362178184
02007040705012003101275000000006252770348173175
02007040705022004105826072318105421790363181182
02007040705022004106744074819205561860370184186
02007040705031999104244068816705211650356172184
02007040705032003100276067216805041630341173168
02007040705032003102647072618505411790362178184
02007040705032003105711071718405331760357174183
02007040705032004100699072318705361770359179180
02007040705032004102602081520906062080398199199
02007040705032004103354077320005731930380194186
02007040705032004104069077319505781950383192191
02007040705032004104469077019105791830396190206
02007040705032004104490077420105731940379194185
02007040705032004105614072918805411760365185180
02007040705042002106091067716405131650348171177
02007040705042003106044086320706562050451214237
02007040705042004102899067216405081640344169175
02007040705052003107446068916905201670353172181
02007040705052004104102079421305812000381188193
02007040705062002101369075418305711840387189198
02007040705062003105600069716105361610375173202
02007040705072003102487072818505431800363182181
02007040705072003104374076820805601860374190184
02007040705072004100476071917805411790362180182
02007040705072004102462098026807122400472236236
02007040705092002102019072718805391780361179182
02007040705092004100495070317605271700357179178
02007040705092004106510064917804711720299167132
02007040705102003102912074718605611830378187191
02007040705102003106793000000005800000000000198
02007040705102004102649069118105101680342167175
02007040705102004105315069417905151760339174165
02007040705102004109032082521406110000000000213
02007040705112004100540072217805441730371184187
02007040705112004101205083421506191980421210211
02007040705112004102885074519205531870366184182
02007040705122004102363063815304850000000000169
02007040705122004110169072518705381800358175183
02007040705132001101000067517305021650337166171
02007040705132002103791073018405461790367182185
02007040705132004103274059615404421470295144151
02007040705132004104676069417805161720344172172
02007040705132004104693068817705111710340170170
02007040705142004102567064816204861630323160163
02007040705142004102665079719805991930406203203
02007040705142004104760078019405861830403196207
02007040705142004107323077819905791910388196192
02007040705142004109265073417705571720385185200
02007040705142004110040070317505281720356176180
02007040705142004110148052714603811270254125129
02007040705152002100576071717305441730371183188
02007040705152003105097069716705301680362000000
02007040705152004103283069117005211690352181171
02007040705152004104247073816905691700399193206
02007040705152004105587073617605601770383192191
02007040705162003102647066616605001640336167169
02007040705162004102602072018305371780359182177
02007040705162004103354068117105101610349177172
02007040705162004104069068617405121630349176173
02007040705162004104490068117105101690341171170
02007040705162004105826064416504791580321159162
02007040705171999104244065617104851580327159168
02007040705172000100756072518605391790360180180
02007040705172003100276066016904911580333165168
02007040705172003105467073419405401830357179178
02007040705172003106044072419805261690357181176
02007040705172003106213072317605471830364186178
02007040705172003107446062014204781420336162174
02007040705172004103388071617705391800359179180
02007040705172004104559073320405291840345179166
02007040705182002100701069418005141700344172172
02007040705182004100699067617405021680334170164
02007040705182004105307068917605131700343172171
02007040705182004105614066616505011660335171164
02007040705192003102167067217504971670330165165
02007040705192003103263080420406001980402201201
02007040705192003104145074017805621870375184191
02007040705192003106365073717205651960369183186
02007040705192004100790072818305451820363185178
02007040705192004106117071418605281700358177181
02007040705192004106533077119805731920381186195
02007040705192004109385070917705321720360181179
02007040705202002103046080620905971930404197207
02007040705202002107286076119705641910373187186
02007040705212003102487069617505211690352174178
02007040705212004100476068716905181660352176176
02007040705222003104374069218305091680341171170
02007040705232002100451079821905792010378192186
02007040705232003100529073019605341910343173170
02007040705232003102912069917405251700355177178
02007040705232003105975070817505331750358175183
02007040705232004102462087523106442100434214220
02007040705232004104782080121805832010382193189
02007040705242002100581063515004851320353152201
02007040705242004100565061519104241520272140132
02007040705242004107153061519104241520272139133
02007040705252001101000066917704921660326162164
02007040705252002102019054114004011300271131140
02007040705252002103791071618005361760360179181
02007040705252004102649061316004531550298149149
02007040705272003106793000000005890000000000194
02007040705272004103525000018100001530000144000
02007040705272004110216062618104451550290144146
02007040705282001100034076120605551840371186185
02007040705282001100054000000004711530318155163
02007040705282004100540069317805151720343169174
02007040705282004102363064716504821580324161163
02007040705282004102885070018205181700348173175
02007040705282004104693062416604581510307153154
02007040705292000100756069917505241720352177175
02007040705302003105097067816705111680343175168
02007040705302004100789074218405581840374193181
02007040705302004103286066517104941680326165161
02007040705302004105587073518805471840363184179
02007040705302004106459062715704701560314153161
02007040705312004100239080820806002020398199199
02007040705322000100279071418105331760357000000
02007040705322003102488072818605421810361180181
02007040705322003103263073218705451830362183179
02007040705322003104145070817705311810350173177
02007040705322003105581065216504871650322161161
02007040705332000101089070416605381650373173200
02007040705332004106533069317305200000000000182
02007040705332004110160071316705461720374183191
02007040705352002103716077519105841910393197196
02007040705352003101171000000000000000385191194
02007040705352004102966076320105621860376189187
02007040705352004103435066616904971630334166168
02007040705392002100451068618505011690332168164
02007040705392004104782073619905371810356177179
02007040705412002100581070018305170000000000190
02007040705412004102225067717705001630337165172
02007040705412004105718069317705161660350180170
02007040705422004107294070317205311670364179185
02007040705432001104108063716204751570318160158
02007040705452003105581067217604961640332166166
02007040705462002105083071518605291750354179175
02007040705462004102927071618505311780353177176
02007040705462004103547086623006362210415203212
02007040705472002103274059015004401460294148146
02007040705472003101171072419705271780349172177
02007040705472003105781067017204981670331164167
02007040705472004106519066216904931620331162169
02007040705482001107725067517505001650335168167
02007040705482004101191067517604990000000000000
02007040705482004101670083321606172060411207204
02007040705482004104456072418305411810360185175
02007040705482004105601066316904941610333163170
02007040705502003102901000016700001690000169000
02007040705502004107333075019705531860367183184
02007040705512002105562073318805451820363182181
02007040705522004101468071118405271760351175176
02007040705532004107294065616304931600333167166
02007040705542004105718067917705021710331166165
02007040705562004102829078520505801930387193194
02007040705562004106504078320105821940388196192
02007040705582002103435075519705581860372190182
02007040705582003100774063817504631590304168136
02007040705582004103982067717804991660333169164
02007040705592000107308077419805761920384192192
02007040705592003102294067317305001650335166169
02007040705592004102927069317105221770345178167
02007040705592004104763068517405111650346172174
02007040706002001106069072218905331800353176177
02007040706002003100178075219105611900371187184
02007040706002004100174071419005241800344176168
02007040706002004100559074418605581870371187184
02007040706002004101263070418505191740345174171
02007040706002004107109072117805431770366180186
02007040706012002100534073519005451840361179182
02007040706012003101171074020105391870352178174
02007040706012003102585072118505361790357180177
02007040706022001101359076320305601940366187179
02007040706022003102440075519205631900373184189
02007040706022004101644070917705321680364184180
02007040706022004109368000018700001730000183000
02007040706032000101631082620706192020417208209
02007040706032004101282072620005261800346174172
02007040706032004102083072618405421770365184181
02007040706032004103047081120206092070402200202
02007040706032004103784069016905211690352176176
02007040706032004105853075619705591850374183191
02007040706042002100921069218105111740337169168
02007040706042003102875082321806052050400206194
02007040706042003103797067617005061680338171167
02007040706042004100839075218905631860377188189
02007040706042004100941066316604971640333169164
02007040706042004102776081721206052010404203201
02007040706042004103384000000005081680340170170
02007040706042004104840067016705031640339167172
02007040706042004110270072718005471820365187178
02007040706052003102478072618205441780366181185
02007040706052004101468058116004211440277139138
02007040706052004106375071818505331720361181180
02007040706052004110026068917805111730338170168
02007040706052004110064067917305061680338166172
02007040706062004100449069417505191700349172177
02007040706062004100764072518005451780367177190
02007040706062004110173065315205011620339165174
02007040706072004102829075519305621820380187193
02007040706072004106504074919205571850372187185
02007040706082004106609079020005901950395191204
02007040706092002105141068917205171660351173178
02007040706092004105739062017404461510295147148
02007040706102002103435062918604431550288146142
02007040706132003100774063516504701620308165143
02007040706132003102294056416803961370259129130
02007040706132004101263065618304731630310155155
02007040706132004101265071417605381710367177190
02007040706132004103855068916905201650355170185
02007040706132004103982064217004721610311166145
02007040706142000107645067017904911670324165159
02007040706142003102923068117005111610350170180
02007040706142003105182071219205201790341174167
02007040706152001106069068917705121700342172170
02007040706152004100174067917505041680336168168
02007040706152004103443070517305321780354176178
02007040706152004109256071617905371770360180180
02007040706162003104108071217305391750364181183
02007040706162003106527075419205621840378190188
02007040706162004100559067918004991730326162164
02007040706162004103784070119205091730336173163
02007040706162004109368070017605241700354175179
02007040706172002100534068717805091700339169170
02007040706172003102585069217805141720342175167
02007040706182000101631078719305941940400201199
02007040706182002100921071819205261800346175171
02007040706182004103047077320005731900383190193
02007040706182004103491076418905751860389192197
02007040706182004103952073019105391810358182176
02007040706192000106072064218204601600300156144
02007040706192003102875076419405701850385189196
02007040706192003103797066816205061690337169168
02007040706192004100941066116804931700323162161
02007040706192004102776074418405601840376190186
02007040706192004103384000000000000000337164173
02007040706192004104803071717905381680370179191
02007040706192004106375072118105401770363183180
02007040706202004100764069417305211700351172179
02007040706202004102209077419905751870388187201
02007040706202004104586063416704671560311159152
02007040706202004104840068017005101620348000000
02007040706212001110083074517405711800391196195
02007040706222004100449068518005051750330166164
02007040706222004103292067816605121660346164182
02007040706232004100092068417305111660345172173
02007040706232004101208058715704301510279142137
02007040706232004102973066617004961590337167170
02007040706232004103091067717105061630343170173
02007040706232004105121068717505121680344172172
02007040706232004107159068417205121680344173171
02007040706242004104468063617004661510315155160
02007040706252004102792073118405471820365182183
02007040706262003102775072320605170000000000000
02007040706262004101265062816404641580306169137
02007040706262004104677072119905221860336171165
02007040706272004103950072118505361750361175186
02007040706282002101313070719205151800335173162
02007040706282003102923066917104981630335164171
02007040706292003104108069216805241720352176176
02007040706322000101631000000005431730370177193
02007040706322003105475064215204901530337164173
02007040706322004103047071518705281720356181175
02007040706322004103491073318305501780372183189
02007040706332003101197072318305401770363180183
02007040706332004103475071219405181720346172174
02007040706332004105938072218405381800358180178
02007040706342002105027070716505421700372183189
02007040706342003102875077519205831820401196205
02007040706342003106217070116605351720363179184
02007040706352004100447075019305571850372186186
02007040706352004102776071318505281770351174177
02007040706362001110083069316005331650368177191
02007040706372001106640077421405601900370190180
02007040706382002107086072118705341780356176180
02007040706382004106263000000000000000000000180
02007040706392002100559063116204691510318157161
02007040706392002104515067818304951630332166166
02007040706392003103735058615404321450287146141
02007040706392004109289063116004711540317159158
02007040706402004102922060715304541460308152156
02007040706402004103150071418305311780353178175
02007040706411999103042080121305881970391195196
02007040706412004104064075719705601900370186184
02007040706422002101313069318405091710338170168
02007040706422002103795066017404861630323163160
02007040706422004100760068618605001710329164165
02007040706432001103410063016104691600309156153
02007040706432001105303075117505761860390196194
02007040706432004100141070217205301690361179182
02007040706432004100542066515605091650344169175
02007040706432004102900066916605031630340168172
02007040706442003105273073222505071890318159159
02007040706442003105475066515705081590349170179
02007040706442004100185069017605141730341172169
02007040706442004104430068216905131660347170177
02007040706442004104981068117805031650338167171
02007040706442004105360000014600001560000164000
02007040706442004105561080820806002000400199201
02007040706442004106402070417405301700360173187
02007040706442004109179072618205441760368182186
02007040706452000101607064517004751580317159158
02007040706452001103036062915304761520324158166
02007040706452002100536075820805501860364175189
02007040706452003101197072517705481720376187189
02007040706452003104568065615405021640338161177
02007040706452004102266060714304641440320157163
02007040706452004102886073419905351830352171181
02007040706452004103518066416604981650333165168
02007040706452004105938060717404331470286139147
02007040706462004103491072618105451760369182187
02007040706472002109439074918505641840380188192
02007040706472004102101065716704901610329161168
02007040706482004101031071518505301750355176179
02007040706482004104626071518805271800347179168
02007040706482004109220079120505861950391198193
02007040706502004100653073219005421810361178183
02007040706502004105820073319105421810361178183
02007040706522003102535076719405730000000000198
02007040706522003103735055214304091350274136138
02007040706522003105155081721306042020402200202
02007040706522004102659082720906182040414209205
02007040706532003101238071717905381770361179182
02007040706542000110111061517504401550285146139
02007040706552004106196065916604931610332165167
02007040706552004106695068617105151660349171178
02007040706562004102321070118605151670348172176
02007040706572002103088068917305161730343171172
02007040706572004102945067116305081600348167181
02007040706572004104185082119906221960426209217
02007040706572004104338073519005451770368191177
02007040706582002101230058414904351420293148145
02007040706582002103795067418104931630330167163
02007040706582004102900067017404961670329163166
02007040706582004105638075418705671960371189182
02007040706592000102639063821204261510275000000
02007040707001999101927071518705281800348173175
02007040707002000100128065016604841640320156164
02007040707002003100670066416704971680329167162
02007040707002003110212065916904901660324160164
02007040707002004104430052213103911250266129137
02007040707002004109125075318705661860380182198
02007040707002004109179064916004891610328157171
02007040707012002100466071918505341770357175182
02007040707012003103458072118605351770358180178
02007040707012004101310077523005451910354174180
02007040707012004102957076419605681870381191190
02007040707012004105194072818905391760363182181
02007040707012004109273081120906021950407205202
02007040707022004100781069817405241670357175182
02007040707022004101031070018505151780337170167
02007040707022004101849067016505051630342169173
02007040707022004104626070518005251770348176172
02007040707022004106000067816905091670342170172
02007040707032001105384083620206342050429219210
02007040707032004103932058500000000000311150161
02007040707032004109220075420105531950358182176
02007040707042001101307065816804901580332160172
02007040707042003105495065316004931650328164164
02007040707042004103069069617205241680356175181
02007040707042004105625066215805041620342173169
02007040707062003105155077820905691900379187192
02007040707062004102659075418905651820383187196
02007040707072003102535077419705771930384192192
02007040707072004101274087521706582090449221228
02007040707272003102865061416104531460307149158
02007040707272003103406072019205281720356175181
02007040707281998103351061215204601480312150162
02007040707282002100539072818305451770368181187
02007040707282002101823075320405491860363182181
02007040707282002105164068417905051660339168171
02007040707282002105872062918004491560293146147
02007040707282003101614060216004421500292145147
02007040707282003102612051314203711260245120125
02007040707282004100263060915204571530304157147
02007040707282004101301069418005141710343172171
02007040707282004103284065117104801630317156161
02007040707282004105635067017204981670331166165
02007040707282004110262074018905511820369187182
02007040707292002100235066116704941630331165166
02007040707292002104616066716605011590342163179
02007040707292003104882066316704961660330166164
02007040707292004101099066917204971650332166166
02007040707292004101310058314704361420294144150
02007040707292004102971063716704701570313157156
02007040707292004104178064016704731600313158155
02007040707292004104642065716404931570336165171
02007040707292004105128057514004351430292141151
02007040707292004105660076818505831880395193202
02007040707292004105811068917605131650348168180
02007040707292004106372065816904891550334165169
02007040707292004106727065816304951620333165168
02007040707292004106780067016905011680333168165
02007040707292004106984065916804911550336165171
02007040707292004110236065816304951650330166164
02007040707302000106135064016604741550319158161
02007040707302001101622065416004941650329164165
02007040707302002109216076918005891770412197215
02007040707302003100568066716804991640335165170
02007040707302003102900067017304971590338171167
02007040707302003103803069718405131690344171173
02007040707302003103890067717305041590345174171
02007040707302003105155059315604371400297143154
02007040707302003110083067417205021620340164176
02007040707302004101794076417505891760413199214
02007040707302004102659070918405251800345173172
02007040707302004104348064417004741550319158161
02007040707302004104654067816205161610355175180
02007040707302004105559072918505441750369182187
02007040707311999101718081222205902000390198192
02007040707312002100466065517104841610323160163
02007040707312003102535075719605611860375189186
02007040707312003102551000000005011680333167166
02007040707312004100496066317704861630323162161
02007040707312004100598072717905481740374183191
02007040707312004100928067917405051720333167166
02007040707312004101324076519705681870381189192
02007040707312004101566073518905461840362182180
02007040707312004103034062015504651510314153161
02007040707312004103183068017305071680339170169
02007040707312004105344073818805501810369184185
02007040707312004107110000000000000000000000167
02007040707322001107606075620005561930363184179
02007040707322002105250000000000000000324162162
02007040707322002110028064115704841540330163167
02007040707322003110004072119005311780353172181
02007040707322004102292082720806192000419210209
02007040707332003102355068700000000000000000165
02007040707332003106521062716904581500308152156
02007040707332003110141064516004851610324164160
02007040707332004100322069817605221730349172177
02007040707332004101274068416805161650351173178
02007040707332004104739068216705151620353170183
02007040707332004105577072018205381710367177190
02007040707332004106857065817404841660318157161
02007040707342001104938067316705061650341171170
02007040707352004104272069518305121720340170170
02007040707362004104270068617905071720335165170
02007040707402004100180074418105631830380182198
02007040707412004110262076418805761880388194194
02007040707422001110254067318104921710321166155
02007040707422002101823067017005001680332167165
02007040707422002110028063817604621570305154151
02007040707422003103406065117004811640317159158
02007040707422004109409069118505061720334172162
02007040707432000106135062716304641520312153159
02007040707432002100539070617805280000000000180
02007040707432003110083065816604921620330162168
02007040707432004102814068717205151730342169173
02007040707432004102971065917604831630320167153
02007040707432004103308070618305231690354175179
02007040707432004105635065916904901630327162165
02007040707432004105660072718105461800366182184
02007040707432004105811070217605261650361180181
02007040707432004109167069917805211700351171180
02007040707442002110201056014604141400274146128
02007040707442003102551065000000000000324161163
02007040707442003102900069617405221720350176174
02007040707442003104882065716604911650326162164
02007040707442004101324070218205201740346172174
02007040707442004101543068518405011670334162172
02007040707442004101676070218305191760343170173
02007040707442004104348068618405021680334167167
02007040707442004106372066116204991660333166167
02007040707452001101622062314504781540324157167
02007040707452002100235063415204821490333161172
02007040707452003100568000000004781450333161172
02007040707452003103890070900000000000363181182
02007040707452004101099061215604561500306153153
02007040707452004102914067517005051650340171169
02007040707452004104654065716504921630329166163
02007040707452004105530070117805231700353176177
02007040707452004106780061015604541480306153153
02007040707452004109369057414104331370296144152
02007040707462003103803068117405071680339167172
02007040707462003104216065817504830000000000000
02007040707462004100928068617905071710336166170
02007040707462004103183068317505081670341170171
02007040707472001104938064214904931490344166178
02007040707472004100496000000000000000316152164
02007040707472004101566072719705301840346176170
02007040707472004101572071518605291750354176178
02007040707472004105344073218805441920352162190
02007040707472004106736069718205151750340175165
02007040707472004107110070200000000000341170171
02007040707472004110108061918104381550283136147
02007040707482004104270072419205321780354176178
02007040707502002103680071318705261780348173175
02007040707512003103635068718005071690338165173
02007040707522002100653065817404841660318162156
02007040707522003100713069818005181730345171174
02007040707522003106081065917504841690315158157
02007040707522004101349070218605161760340168172
02007040707522004103080068017205081710337175162
02007040707522004107225073617605601800380187193
02007040707542002100879071118505261730353175178
02007040707542002105152079619805982000398197201
02007040707552004103911061815904591520307153154
02007040707562003102927070219105111760335174161
02007040707562004100180079720505922050387183204
02007040707572004103308068217005121690343173170
02007040707572004109167066716505021600342171171
02007040707582002102656073118805431820361176185
02007040707582002103090065816804901620328163165
02007040707592002105985070320005031870316166150
02007040707592004100456077220305691880381187194
02007040708002004100047074021005301850345179166
02007040708002004100260070718805191750344170174
02007040708002004101316068218105011650336169167
02007040708012004100841067717505021660336168168
02007040708012004106736071119505161720344174170
02007040708022003104216000000000000000341171170
02007040708022004105530071918205371820355178177
02007040708032002103680067517205031680335164171
02007040708052002100171062515804671490318156162
02007040708052003107216072218405381760362182180
02007040708052003107348067017904911620329167162
02007040708052004104746068717505121710341171170
02007040708052004106965069717705201690351171180
02007040708062002100879068118904921660326166160
02007040708062003109315070517805271760351176175
02007040708062004101002066417404901660324161163
02007040708062004101349069417805161680348173175
02007040708062004106238066715605111580353172181
02007040708062004109372068918105081690339173166
02007040708071999106736067417005041670337169168
02007040708072003102504066217204901660324161163
02007040708072004103489071017305371800357181176
02007040708072004107002070618605201670353179174
02007040708082004102340066916105081470361180181
02007040708092002105152073918605531840369185184
02007040708092004106966069318205111650346174172
02007040708092004107225073618305531780375185190
02007040708102004101989058015504251500275144131
02007040708102004106049067817805001790321160161
02007040708112002102656069217905131620351179172
02007040708112002103090068816705211770344168176
02007040708112004100456076420005641860378189189
02007040708112004101907068617905071680339168171
02007040708122002105985069820404941850309164145
02007040708131999107278065116104901600330159171
02007040708132003100738062916104681540314157157
02007040708132003102843064316104821580324159165
02007040708132004104682063815704811570324160164
02007040708152004100260067117304981630335168167
02007040708152004101316067617305031640339169170
02007040708152004107030064119204491590290145145
02007040708182001102242063116804631550308152156
02007040708182004104748075319905541860368190178
02007040708191999109379072618105451780367183184
02007040708192003107216055414404101390271138133
02007040708192004101002065917004891630326166160
02007040708202004107002071017705331630370178192
02007040708222004101855067717105061660340173167
02007040708222004105985069318405091690340167173
02007040708222004106183073619005461910355184171
02007040708222004109278076319505681910377190187
02007040708232002105152071516605491680381179202
02007040708232003101124069618505111740337169168
02007040708232004102052000000000000000000000000
02007040708232004110204066517404911640327164163
02007040708252004101246000000004531520301152149
02007040708452001102242053515303821300252123129
02007040708461999109379068117805031650338164174
02007040708462001104257062316204611520309152157
02007040708462002100931060716504421460296148148
02007040708462002106542067616605101620348171177
02007040708462002110145068517005151680347171176
02007040708462004101907066816904991640335164171
02007040708462004102881065516104941620332164168
02007040708462004103178061716504521570295148147
02007040708462004103790062600000000000309155154
02007040708462004104137065916804911610330167163
02007040708472002105225066716005071630344171173
02007040708472004102329073017105591650394184210
02007040708472004106195064216804741630311159152
02007040708472004110174064317204711570314160154
02007040708482003106945066516505001610339166173
02007040708482004104462073417905551760379187192
02007040708482004106401069819005081720336171165
02007040708492003101124068417105131730340176164
02007040708492004110204068717405131680345173172
02007040708512004101953057914604331460287146141
02007040708521999103228066416904951590336164172
02007040708522002100767067917805011690332168164
02007040708522002104192063217104611600301154147
02007040708522002107683057115304181450273138135
02007040708522003102638074318305601800380186194
02007040708522004101186066918004891680321163158
02007040708522004103926072618905371790358178180
02007040708522004106492069017905111700341172169
02007040708532004101239000000005241660358180178
02007040708542000106616066217604861620324159165
02007040708542001102352069018005101690341171170
02007040708552000104299080219006122030409208201
02007040708552003105906067716805091590350173177
02007040709012002106542067216905031560347172175
02007040709012002110145064216004821550327163164
02007040709012004102881068617505111670344175169
02007040709012004106195054615703891330256129127
02007040709012004110174066717404931650328162166
02007040709022002102366070418305211750346172174
02007040709042004104277072119605251790346172174
02007040709052003107129080721605912010390199191
02007040709052004103245080821805902000390197193
02007040709062001110170061914504741440330157173
02007040709062004103287067718304941750319167152
02007040709072001102352068217305091660343173170
02007040709072004105693074119505461810365188177
02007040709082000106616069618105151700345175170
02007040709082003105906066916205071600347166181
02007040709082004103840063515904761580318157161
02007040709082004104979069516705281680360179181
02007040709082005104321065016104891580331161170
02007040709122000104244084021606242070417211206
02007040709132003102874072918605431790364180184
02007040709142000106259063916304761560320154166
02007040709142000107190065917204871590328163165
02007040709142003103163058113304481340314150164
02007040709142004101756072818805401750365184181
02007040709152004103016077819605821910391194197
02007040709152004103171076218905731870386189197
02007040709152004103188077119305781880390192198
02007040709192004101671078021205681890379186193
02007040709192004104277067817904991670332164168
02007040709202002107270075219605561860370183187
02007040709202003105116065517104841660318162156
02007040709202003107129071019105191780341174167
02007040709202004103245071619405221790343175168
02007040709212004100624067418404901700320167153
02007040709212004102920064200000000000000000169
02007040709222001103671000000004950000000000000
02007040709242004103840063416704671640303160143
02007040709242004103974067016005101630347171176
02007040709242004104979070117205291690360179181
02007040709252000104244075019405561830373180193
02007040709252003106407071118205291740355173182
02007040709252004100323072017905411800361181180
02007040709252004107200067217504971680329163166
02007040709252004110231071518505301790351172179
02007040709262003103163072718405431710372184188
02007040709282003102874070518205231710352177175
02007040709302004103016074019105491900359183176
02007040709302004103171072018205381760362179183
02007040709302004103188073618305531830370184186
02007040709352002107270074219005521810371188183
02007040709382000104244072619305331830350178172
02007040709392003106407067517604991670332164168
02007040709392004100323071318305301780352177175
02007040709402004110231067217704951630332166166
02007040709422003102874067017204981660332165167
02007040709432004106778077619905771920385191194
02007040709442004103016070817705311730358179179
02007040709442004103219074821405341940340182158
02007040709442004103499078120105801950385192193
02007040709442004104666073519505401840356183173
02007040709452004103171070517505301720358180178
02007040709452004103188072018305371760361181180
