12007040803582002110151056815204161440272137135
12007040803582003110068055314604071360271137134
12007040803592000104443061516804471530294145149
12007040803592000110171055114904021380264131133
12007040803592001103018054816203861360250130120
12007040803592002107237056315404091380271137134
12007040803592002110020055816003981390259134125
12007040803592003107361060515904461480298148150
12007040803592003110185066819404741640310155155
12007040803592004100262000000000000000000183000
12007040803592004102753056515804071390268133135
12007040803592004103054056516104041420262134128
12007040803592004103111068118105001690331169162
12007040803592004103267063916604731610312154158
12007040803592004103735071018605241710353175178
12007040803592004104948000000005111800331170161
12007040803592004105652059815404441530291153138
12007040803592004109319067918604931740319163156
12007040803592004110166075518705681910377187190
12007040804002001100265057716704101560254135119
12007040804002001103739057915904201410279137142
12007040804002002100852056800000000000278000000
12007040804002002102294055215303991390260131129
12007040804002004102929000000005170000000000000
12007040804002004103039055514804071360271132139
12007040804002004110267055214704051370268131137
12007040804012003100654070818105271720355176179
12007040804012003102249075620205541950359186173
12007040804012003104570056815904091320277131146
12007040804012004101548066416804961650331159172
12007040804012004102762074120605351790356177179
12007040804022002100997072520705181750343174169
12007040804022002104129069318405091750334171163
12007040804022002104463072420905151720343172171
12007040804022003102881072020505151800335171164
12007040804022004100474073820305350000000000176
12007040804022004101982061016204481500298159139
12007040804022004102744072321505081710337169168
12007040804022004102834071920205171810336171165
12007040804022004103007072720205251810344175169
12007040804022004103043071821105071740333167166
12007040804022004103059072221405081720336167169
12007040804022004103210072421405101730337167170
12007040804022004104556069618905071660341169172
12007040804022004105322069819904991670332166166
12007040804022004105349069719105061650341165176
12007040804022004109401061315604571560301151150
12007040804022004110212074620105451830362183179
12007040804032003104960069118905021780324159165
12007040804032003110118065216204901630327164163
12007040804032004100504067518104941700324160164
12007040804032004101725069819405041690335167168
12007040804032004104421069618705091690340167173
12007040804032004105460062116504561520304148156
12007040804032004106018060315804451510294146148
12007040804032004106701072018605341790355174181
12007040804042001100668069318105121730339170169
12007040804042003102828073719305441860358183175
12007040804042004102837067716805091690340172168
12007040804042004102884056215604061340272133139
12007040804052002102785067618704891670322166156
12007040804052002105980000000004160000000000000
12007040804052003106621058700000000000280138142
12007040804052004109281074919505541830371187184
12007040804062001102199056013904211490272137135
12007040804062001102200071119405171730344174170
12007040804062001102414056415804061430263134129
12007040804062002100724067218004921700322164158
12007040804062002104076055915404051390266133133
12007040804062004100096068218404981730325167158
12007040804062004100684072719605311840347171176
12007040804062004101124075418905650000000000191
12007040804062004101764072017105491840365000000
12007040804062004102663068517605091680341171170
12007040804062004106157000016000001520000140000
12007040804062004106632069118905021840318157161
12007040804072000101550068118604951660329165164
12007040804072003102414057016004101490261131130
12007040804072004104460071318405291820347173174
12007040804082002102172063219304391530286146140
12007040804082002102706060316004431500293146147
12007040804082004100203059717504221500272138134
12007040804082004102566058414504391390300154146
12007040804082004103101052714703801250255126129
12007040804092004100043000020900001900000172000
12007040804092004102487076019805621900372190182
12007040804092004103098072319105321830349174175
12007040804102002101892082220806142010413208205
12007040804102002110126054114503961350261128133
12007040804102003100998082422505992070392204188
12007040804102003101957067317005031640339168171
12007040804102003106813055615304031310272131141
12007040804102004100623083300000000000407208199
12007040804102004101354000000000000000000000129
12007040804102004101626056317103921370255125130
12007040804102004101735080422505792030376174202
12007040804102004102924080519906062020404207197
12007040804102004102994077120705641910373188185
12007040804102004103802064917304761640312156156
12007040804102004103870074320205411820359183176
12007040804102004106029061416304511540297146151
12007040804112003100652071518305321810351177174
12007040804112003101328060915404551490306154152
12007040804112003105071071520305121850327164163
12007040804112004100486062517104541600294146148
12007040804112004101438070918605231820341172169
12007040804112004102172073219505371880349175174
12007040804112004102794070318705161750341171170
12007040804112004103339078421705671970370187183
12007040804112004103495074820605421850357182175
12007040804112004104690075320605471850362184178
12007040804112004107017075620505511890362182180
12007040804122003102646000000005160000000000168
12007040804122003103948095123507162350481237244
12007040804122004100262070018705131750338000000
12007040804122004103377066117304881600328163165
12007040804132002101336058016104191410278139139
12007040804132002104129055015004001310269131138
12007040804132004101055078221105711880383195188
12007040804132004102467067418704871770310157153
12007040804132004102579067418704871770310157153
12007040804132004104948073720905281810347172175
12007040804142000106061067617105051680337168169
12007040804142001103416068518305020000000000000
12007040804142002110156054515203931260267128139
12007040804142003100805058416204221410281136145
12007040804142004101240055915204071370270134136
12007040804142004102812055815204061370269134135
12007040804142004107062061917904401480292143149
12007040804152001105659070519905061710335166169
12007040804152003103051055815903991380261128133
12007040804152004101765061016504451500295147148
12007040804162002100997055615604001390261130131
12007040804162002103294080921105982030395198197
12007040804162002104463057216304091480261132129
12007040804162003102737084021706232140409210199
12007040804162003102881056015504051340271136135
12007040804162003109295079421505791960383194189
12007040804162004101751080323205711960375190185
12007040804162004102744059016204281490279136143
12007040804162004102834057016004101440266133133
12007040804162004103007055615703991380261130131
12007040804162004103059058816304251490276135141
12007040804162004103210060616204441580286144142
12007040804172001102426065420604481610287000000
12007040804172001104824072618805381770361183178
12007040804172002100927055415304011400261132129
12007040804172004105013000000005071740333000000
12007040804172004105048055915804011440257135122
12007040804182002103304057214704250000000000135
12007040804182002105260062617604501540296146150
12007040804182003102391083421206222150407212195
12007040804182003103175057915604231450278142136
12007040804182004101956084821906292210408212196
12007040804182004105227062217104511540297146151
12007040804192000101573076620605601920368184184
12007040804192003102704056714604210000000000149
12007040804192004100933076019105691920377196181
12007040804192004100936082921306162000416211205
12007040804192004101764069018005101750335175160
12007040804192004102742077320105721990373190183
12007040804192004103262072419905251830342171171
12007040804192004105178080621105951950400204196
12007040804192004105631066320604571750282144138
12007040804192004105637000000005711990372190182
12007040804202000110229069916305361640372180192
12007040804202002107654075819305651820383203180
12007040804202003101933075719005671930374192182
12007040804202003106685054714404031350268131137
12007040804202004100248061317504381530285146139
12007040804202004100740060718004271540273140133
12007040804212002110065074018505551820373183190
12007040804212003107269080022305772020375192183
12007040804212004100684058415804261400286140146
12007040804222002102283073519305421810361183178
12007040804222004100257064417504691650304157147
12007040804222004102925000000005391850354000000
12007040804232003102191074219605461780368190178
12007040804232004101082080121605851950390204186
12007040804242003105071070619705091750334167167
12007040804242004100716059515204431550288149139
12007040804242004102531060615704491470302152150
12007040804242004105039060916104480000000000149
12007040804242004105716059515304421540288150138
12007040804242004110042059015304371500287146141
12007040804252002101892077221105611890372191181
12007040804252003100053066316904941650329165164
12007040804252003100693066716405031710332164168
12007040804252003104527071822504931740319158161
12007040804252004101735078421005741950379183196
12007040804252004103588072820405241730351179172
12007040804252004103716069315805351790356180176
12007040804252004104380064920104481820266133133
12007040804252004106349072118205391710368190178
12007040804262002101683071317905341770357178179
12007040804262002104926070517005351780357177180
12007040804262003100630053815203861310255126129
12007040804262003107038053115103801280252121131
12007040804262004100730070918505241760348175173
12007040804272001105247058217904031380265134131
12007040804272001110093071919605231760347173174
12007040804272002103025065717104861700316166150
12007040804272002104901054600000000000000000143
12007040804272003101879069418405101680342173169
12007040804272003105858068417205121640348175173
12007040804272003110117063116304681520316155161
12007040804272004100287066917904901720318157161
12007040804272004102157072318105421800362183179
12007040804272004102193064717604711700301156145
12007040804272004105658082722306042040400203197
12007040804282002104746073120405271830344176168
12007040804282004103693073020305271830344176168
12007040804292002109032000017200001510000150000
12007040804292003101736069716905281750353175178
12007040804292004101427085623006262110415211204
12007040804292004101751073822105171790338171167
12007040804292004102747072518405411790362181181
12007040804292004106975078720605811960385192193
12007040804302000101470069319904941630331166165
12007040804302004103702074419405501900360178182
12007040804302004105817079720605911900401203198
12007040804312002100573069217205201730347170177
12007040804312002102982060314904540000000000153
12007040804312003100862076520305621870375190185
12007040804312003102391062116604551480307151156
12007040804312004100933077719805792020377196181
12007040804312004101956062916704621510311155156
12007040804312004104143071718305341780356179177
12007040804312004104879058817204161510265132133
12007040804312004107147068518205031650338166172
12007040804321999104764076417705871940393204189
12007040804322002100840060116404371490288146142
12007040804322002106896059114604451420303148155
12007040804322004100936069317005231700353177176
12007040804322004102742061315204611510310153157
12007040804322004105511070819405141800334170164
12007040804322004105637061415204621520310153157
12007040804322004106505077119505761910385199186
12007040804332004101704058615204341410293144149
12007040804332004102577061216304491610288145143
12007040804342002107654069619205041730331171160
12007040804342002110001081127005411900351180171
12007040804342003103442059916804311420289149140
12007040804342003106828074620205441840360182178
12007040804342004100200057315704161420274137137
12007040804342004102857066418304811720309160149
12007040804351999101279070418205221730349172177
12007040804352004103882088722606612160445222223
12007040804352004104755000000005321790353175178
12007040804352004105936069517705181670351174177
12007040804362004102033067119804731770296155141
12007040804362004102252075719005671850382192190
12007040804362004103679059115604351440291150141
12007040804362004103869081820806102010409205204
12007040804362004106256096928206872430444238206
12007040804362004110007068319904841830301154147
12007040804372003102667061516904461500296148148
12007040804372003103043068316805151650350173177
12007040804382000101833074119305481820366180186
12007040804382001101684059717504221440278137141
12007040804382002102283000000005291750354180174
12007040804382002104388067317504981580340164176
12007040804382003110085059615904371480289144145
12007040804382004101915059417004241450279140139
12007040804382004102275071017005401710369181188
12007040804382004103669072018605341820352178174
12007040804382004110109062718204451530292146146
12007040804392003102452072919505341810353179174
12007040804392003104603069919305061750331167164
12007040804392004100665064217104711530318157161
12007040804392004100678063217704551510304152152
12007040804392004101766082223005922010391198193
12007040804392004104246064016404761570319155164
12007040804392004105964055814904091410268132136
12007040804392004110224062617304531550298142156
12007040804402001104574078221405681920376188188
12007040804402004100952078320005831950388192196
12007040804412003101909078318605971900407203204
12007040804422001101706073600000000000371000000
12007040804422002101863079121005811950386196190
12007040804422002104746057815204261480278142136
12007040804422003104910060416204421500292148144
12007040804422004101143079320205911970394200194
12007040804422004101346058614604401440296152144
12007040804422004103023060616204441500294149145
12007040804422004103693058915204371480289145144
12007040804422004105095078521105741880386191195
12007040804422004105177000016400001540000153000
12007040804432002105356074018505551830372184188
12007040804432003101938061016104491500299152147
12007040804432004102769068617805081660342171171
12007040804432004103324058615504311470284145139
12007040804432004104176000000004831670316158158
12007040804432004110131072920205271840343176167
12007040804441997103474071418905251790346176170
12007040804442002107595064917004791690310157153
12007040804442003102684078520005851960389192197
12007040804442003107074071117705341710363181182
12007040804442004102001076320005631890374182192
12007040804442004102015060115704441460298155143
12007040804442004103441080320905941940400199201
12007040804442004104081063818204561610295150145
12007040804442004104432082220706152050410203207
12007040804442004106627079620905871950392195197
12007040804452002102282075719205651810384191193
12007040804452004101198079620505911940397205192
12007040804452004109288070317205311740357174183
12007040804462003106828066517404911620329165164
12007040804462004103355068317305101580352173179
12007040804462004103507070218005221750347175172
12007040804462004105629073119305381840354179175
12007040804462004106343060815104571480309152157
12007040804462004107253067616905071670340166174
12007040804462004110010000017400001580000149000
12007040804472002102252071919205271800347176171
12007040804472004105217080721405931910402193209
12007040804481999101279065317504781640314159155
12007040804482001103312059416104331460287143144
12007040804482004104755072818805401850355178177
12007040804492002100164058116104201440276138138
12007040804492003101796053212904031300273131142
12007040804492003103043058415404301450285141144
12007040804512003106501000016400001670000171000
12007040804522001106447068119404870000000000155
12007040804522002105513054514803971330264125139
12007040804522004102962058116004211480273136137
12007040804522004109269071219405181680350176174
12007040804532000106865073020205281790349180169
12007040804532001104574072220405181770341169172
12007040804532003102335066319204711680303154149
12007040804532004104261069517705181700348175173
12007040804542003104446057816404141470267138129
12007040804552001103325060715604511460305147158
12007040804552002100969065017104791640315161154
12007040804552004102008058116104201480272138134
12007040804552004110227055914704121410271137134
12007040804562000107582000000000000000000000152
12007040804562002110001058116804131450268132136
12007040804562003102813075820905491850364185179
12007040804562003104963072018705331780355177178
12007040804562004105779076719905681840384187197
12007040804571997103474058814604420000000000152
12007040804572003102473070519005151780337168169
12007040804572004100362070318405191700349177172
12007040804572004102748073318405491830366183183
12007040804572004104769070120105001740326164162
12007040804572004105821069918105181750343174169
12007040804581999110153059215404381430295150145
12007040804582004101015081322705862020384198186
12007040804592003102684055015203981350263129134
12007040804592004106627054915103981350263129134
12007040805002002102252070719105161760340169171
12007040805002004104001078620405821970385195190
12007040805022000106580065117304781640314159155
12007040805022001105273068217905031710332166166
12007040805022001105278076520205631860377189188
12007040805022002101490056414604181450273136137
12007040805022004105670078220805741900384192192
12007040805032001104306066517404911630328160168
12007040805032004106822087923306462240422214208
12007040805042003103762070118405171720345175170
12007040805042004101367075020105491880361187174
12007040805062000106865059616604301500280144136
12007040805062002105381083023105992080391203188
12007040805062002107509085421906352170418211207
12007040805062003102205077819805801930387195192
12007040805062003105574084324505982100388200188
12007040805062004102271082623105952070388195193
12007040805062004105766085522306322150417210207
12007040805072004103217061215804541420312155157
12007040805082003100179060916104481520296147149
12007040805082003105699062317604471500297149148
12007040805082003106133067018004901650325161164
12007040805082004102380072418905351770358176182
12007040805082004103411071617305431770366184182
12007040805082004105615071419005241720352179173
12007040805091999102072066818004881650323158165
12007040805092003101812060815804500000000000149
12007040805092003102473000014600000000000000000
12007040805092004101084074620205441850359180179
12007040805092004104806000000005321810351179172
12007040805092004107061070200000000000000000000
12007040805092004110260066216704951630332165167
12007040805102001109085065015804921530339166173
12007040805102002106692068217105111660345172173
12007040805102004103690000000003931250268124144
12007040805102004105297072417705471770370183187
12007040805112000103579058014604341460288143145
12007040805112003103623072620805181850333171162
12007040805112004103413073618105551800375186189
12007040805122001106643078719405931870406193213
12007040805122003105080075619105651880377196181
12007040805122004100641076020005601850375190185
12007040805122004105987076019205681790389186203
12007040805132004102184067815505231560367170197
12007040805142004106119072018805321770355177178
12007040805152004105223067917705021710331166165
12007040805152004105228070918505241760348175173
12007040805162000101497081320206112040407204203
12007040805162000106156070318505181770341178163
12007040805162002105565069018505051700335168167
12007040805162004105222071418405301810349177172
12007040805172003104387057216204101420268135133
12007040805172004110083069818105171740343171172
12007040805182001100508069500000000000351173178
12007040805182002103175076019605641900374193181
12007040805182004101150074620005461960350181169
12007040805182004101781070017805221750347178169
12007040805182004104972058915604331470286148138
12007040805192001101529077419705771910386193193
12007040805192002105381078621205741970377195182
12007040805192002107509075018905611910370185185
12007040805192003102205069618005161770339173166
12007040805192003105574070519705081710337164173
12007040805192004102271070918705221710351177174
12007040805192004105766072317905441850359183176
12007040805202002110249066316804951550340165175
12007040805202004110260059215304391490290149141
12007040805212004104806068417205121690343167176
12007040805232004103330059216504271430284141143
12007040805242004102184062415204721500322149173
12007040805252001100346064618004661580308154154
12007040805272001106643054313804051300275132143
12007040805272003102513055413904151360279136143
12007040805272004103930055514804071380269133136
12007040805272004106119070618005261740352175177
12007040805272004110256000000004070000000000136
12007040805282004103087077921005691990370188182
12007040805292003102840066916805011600341166175
12007040805302001100651059115304381420296144152
12007040805302003103514067816105171780339169170
12007040805302004101550071818405341780356181175
12007040805302004101552072418405401800360180180
12007040805302004105243058215504271420285140145
12007040805312000101497055014104091380271134137
12007040805312004102102071017105391680371179192
12007040805312004110048097229906732550418219199
12007040805322001100452068118404971700327163164
12007040805322002107123075919405651920373190183
12007040805332003101722071618705291760353178175
12007040805332004101990073720405331870346177169
12007040805342004103202073317905541780376189187
12007040805352002100834057314604271400287140147
12007040805352004104287064616604801560324156168
12007040805352004106461059215504371490288144144
12007040805362001103468076020505551880367183184
12007040805372002103001072819105371780359180179
12007040805372004104712067617704991690330166164
12007040805382001106638070118705141780336167169
12007040805382003101859058814104471390308150158
12007040805382003106551070818805201720348172176
12007040805402000104131073518905461870359182177
12007040805402004105020063815504831520331164167
12007040805412002100822055516203931300263127136
12007040805412003109301069519305021710331165166
12007040805422004103658063514104941480346160186
12007040805442004110048085525206032270376199177
12007040805452001100452059115604351470288144144
12007040805472004105973000000005131700343173170
12007040805502003105117075819805601880372187185
12007040805502004101087073718405531840369186183
12007040805502004102804060215504471320315147168
12007040805502004105764077919705821950387192195
12007040805502004106467068816905191710348175173
12007040805512001103518079721005872010386196190
12007040805522000104131054714604011440257129128
12007040805532002103614072319705261780348179169
12007040805542002102671069619105051680337172165
12007040805542004100119067217005021650337168169
12007040805542004102128067717705001660334167167
12007040805552004103991073018505451770368179189
12007040805562004100943073318305501820368182186
12007040805562004102943066517604891640325162163
12007040805582003102276074118105601920368185183
12007040806002004102169065818204761600316158158
12007040806011999101475061317304401610279142137
12007040806012001101505062916004691600309153156
12007040806012002100526065416604881600328159169
12007040806012003106551064016204781550323160163
12007040806012004100410066816904991650334166168
12007040806012004101997058600000000000281149132
12007040806012004106675067816905091660343172171
12007040806012004107074059516304321450287149138
12007040806022003107105066217204901600330162168
12007040806022004101087062016304571540303152151
12007040806022004106092070718005271780349176173
12007040806022004106093069718005171740343171172
12007040806032002102673062217004521630289150139
12007040806032003105117060815004581550303151152
12007040806042004100592072017605441840360180180
12007040806042004103018070218205201720348171177
12007040806042004105267060114504561430313153160
12007040806042004105764067717205051680337168169
12007040806042004106610076319705661900376186190
12007040806052002100772073718505521870365186179
12007040806052002103220065015604941670327164163
12007040806052004100671075119505561960360182178
12007040806072004101821053913304061240282134148
12007040806072004101965076318905741880386191195
12007040806072004102206073018505451790366181185
12007040806072004102257075918405751910384189195
12007040806072004103991070718405231840339179160
12007040806082004100241071119005211810340172168
12007040806082004100943060416504391500289143146
12007040806092002103499058016304171480269136133
12007040806092003100158070017805221700352180172
12007040806092004100942058416004241510273139134
12007040806102001102385075920405551930362183179
12007040806102002105674072919105381840354182172
12007040806102003101885067217904931650328163165
12007040806122002104866070617605301660364179185
12007040806122003102301071918305361780358178180
12007040806122003109122073318205511810370185185
12007040806122004101836069516805271670360181179
12007040806122004102281075119205591850374187187
12007040806122004106290072219805241790345174171
12007040806132001104213066918404851660319157162
12007040806132003104079055015303971390258132126
12007040806132003107105060516704381490289144145
12007040806142003102102068017805021680334169165
12007040806142004101048065917404851630322161161
12007040806142004101776056614104251300295136159
12007040806142004106093060500000000000000000137
12007040806152001103072072819105371890348176172
12007040806152002100839071217805341850349178171
12007040806152003101875059615604401440296150146
12007040806152003104685070818405241720352178174
12007040806152003104812058615504311450286141145
12007040806152004103096070318805151740341173168
12007040806152004104439058014904311460285140145
12007040806162004104381000000005121700342173169
12007040806172002100508000000000000000396203193
12007040806172004100072068718305041720332000000
12007040806172004104308071917505441780366181185
12007040806172004104580075317905741830391201190
12007040806172004105094076318805751820393203190
12007040806182004105365069718205151700345172173
12007040806202004104113069817005281670361176185
12007040806212002102444081520406112030408203205
12007040806232002105674071119005211780343173170
12007040806242004102281069518105141770337174163
12007040806252002100671062615504711560315157158
12007040806252002105262065817004881630325163162
12007040806252003106291061916004591560303151152
12007040806252003107137060116204391480291144147
12007040806262003102301066716804991620337169168
12007040806262003103932072217805441880356184172
12007040806262003107285067216105111660345173172
12007040806262003109122066416205021610341169172
12007040806262004101836060116004411450296147149
12007040806272000100397069917805211720349177172
12007040806272002101755070018105191740345169176
12007040806272002105400057315304201490271139132
12007040806282004100072054814004081330275135140
12007040806282004101822074319005531880365182183
12007040806292003100600053113803931360257130127
12007040806292004103397056415404101380272135137
12007040806292004104308057914404351440291146145
12007040806292004110039070218105211780343170173
12007040806302001107789061617304431520291147144
12007040806302004102960052413603881210267127140
12007040806302004103452062416904551670288143145
12007040806312001106254069017605141740340171169
12007040806312003104869069117505161680348173175
12007040806312003106135070617405321700362180182
12007040806312004101935066016904911620329161168
12007040806312004102865069817105271710356175181
12007040806312004103095060515404511480303148155
12007040806322004102153000000005320000000000177
12007040806322004102200059316304301480282141141
12007040806322004102860060315704461520294144150
12007040806332000104348057015404161410275136139
12007040806332002101083066616605001670333166167
12007040806332004107117065116904821590323161162
12007040806342001103072070618705191720347177170
12007040806342002100839069918105181740344175169
12007040806342002106802069916705321700362182180
12007040806342003104685069117905121730339170169
12007040806342004103096055113804131430270135135
12007040806502001101752067816905091640345169176
12007040806502004100063059914204571460311153158
12007040806512001110119069116205291660363173190
12007040806512004104454000000000001470000123000
12007040806512004105699059517804171440273133140
12007040806512004110039057315204211470274140134
12007040806521999102069057000000000000278139139
12007040806522000101382053713903981310267130137
12007040806522000104260068316505181750343171172
12007040806522002100699055815104071340273135138
12007040806522003102558058914504441490295144151
12007040806522003102713057816704111550256130126
12007040806522003102748000000000000000000000133
12007040806522003107215067717804991690330163167
12007040806522004100603062517304521670285145140
12007040806522004100724055114104101420268132136
12007040806522004100879055314204111420269132137
12007040806522004102153000000004151450270141129
12007040806522004103550065817304851620323163160
12007040806522004103872059516704281490279140139
12007040806522004105073064817604721620310158152
12007040806522004105663062617304531670286146140
12007040806522004105700054914904001380262127135
12007040806522004106715057616004161450271136135
12007040806522004107011067417405001640336171165
12007040806522004109197062017704431510292145147
12007040806532001103189052314103821270255124131
12007040806532002100938066118604751650310155155
12007040806532003102650064216704751490326156170
12007040806532003102929053715203851330252122130
12007040806532003110072052813803901310259132127
12007040806532004100250058815904291460283140143
12007040806532004101775059017104191580261134127
12007040806532004103978054414404001380262130132
12007040806532004104196058116904121540258130128
12007040806532004107279069317105221720350182168
12007040806532004110059064317704661590307156151
12007040806532004110117053915303861320254125129
12007040806532004110143056215904031360267133134
12007040806532004110154065716104961660330163167
12007040806532005105874066516505001590341175166
12007040806532005106008070118405171760341174167
12007040806532005110050069118105101760334174160
12007040806542001110032055716303941460248123125
12007040806542001110142067617105051700335176159
12007040806542002100046064416404801570323160163
12007040806542003101156067117404971620335166169
12007040806542003103554054414404001340266131135
12007040806542003104544060416604381530285147138
12007040806542003106492068818705011690332170162
12007040806542004100251056916004091450264131133
12007040806542004100739064816804801550325161164
12007040806542004102285054614604001340266131135
12007040806542004102368059615104451490296148148
12007040806542004103548070719205151780337178159
12007040806542004104993067917405051660339169170
12007040806542004106523054914004091340275138137
12007040806542004107143054700000000000276138138
12007040806542004110232000000004791590320159161
12007040806552002106802066916905001620338166172
12007040806552003100949074019105491850364183181
12007040806552003105205068617505111660345165180
12007040806552003106160070717205351740361182179
12007040806552004100273065316404891620327165162
12007040806552004100611058614904371450292145147
12007040806552004101083081022005901980392208184
12007040806552004101977054214303991310268130138
12007040806552004103455069017905111760335170165
12007040806552004104771065118404671590308159149
12007040806552004104992069919605031730330162168
12007040806552004110119056815304151370278138140
12007040806552004110183058315404291410288141147
12007040806552004110272067316305101660344171173
12007040806562002110173063717004671580309154155
12007040806562003102388066018104791660313161152
12007040806562003103041066517004951680327167160
12007040806562003103517054514803971370260130130
12007040806562003104905068417405101680342170172
12007040806562003104953068419404901820308164144
12007040806562003110105054114903921340258127131
12007040806562004102850071620005161740342171171
12007040806562004102878069719005071740333166167
12007040806562004103148064515804871560331161170
12007040806562004103705058015704231410282137145
12007040806562004104533056015804021330269129140
12007040806562004104904064718004671650302159143
12007040806562004110184091525306622260436220216
12007040806572000105167067817505031670336164172
12007040806572000106111062815604721540318155163
12007040806572001103271073318805451860359183176
12007040806572002100773068417505091670342170172
12007040806572002107238074718205651840381191190
12007040806572004102287067117504961630333168165
12007040806572004102841074219505471860361183178
12007040806572004110033065518004751650310158152
12007040806582004100970062519004351520283139144
12007040806582004101984065016704831600323157166
12007040806582004102752064217004720000000000000
12007040806582004103859073918405551850370186184
12007040806582004109291065816504931640329164165
12007040806592000103002068617205141630351177174
12007040806592002100659055814504131380275136139
12007040806592003101082067317005031640339170169
12007040806592003104873064117804631550308152156
12007040806592003106779072618405421800362184178
12007040806592003110029059513804571460311152159
12007040806592004103825058216704151470268132136
12007040806592004104699073719705401780362178184
12007040806592004110096068516805171690348179169
12007040807002001109135067117604950000000000162
12007040807002002103744072218905331830350184166
12007040807002002104139069217905131720341166175
12007040807002002109410066119404671550312156156
12007040807002003102837068719904881710317160157
12007040807002004102079068218005021690333166167
12007040807002004102573060415804461550291147144
12007040807002004102869060515804471550292147145
12007040807002004110141075118405671870380190190
12007040807012001100065067818604921700322163159
12007040807012003109131069718805091760333169164
12007040807012004102937062616004661490317155162
12007040807012004106631064115204891530336164172
12007040807012004107244067017404961670329166163
12007040807022001100778060900000000000000000153
12007040807022001103389060715504520000000000152
12007040807022002101627057515404211450276140136
12007040807022002102737057914804311470284146138
12007040807022002109125067817305051610344167177
12007040807022003100521056515204131380275137138
12007040807022003103059069217605161760340170170
12007040807022004100604056815404141380276137139
12007040807022004103220054715003971310266133133
12007040807022004103277061115604551530302150152
12007040807022004106079068118604951710324154170
12007040807022004106138070418205221740348174174
12007040807022004110151057115304181400278138140
12007040807032002110132056915304161420274135139
12007040807032004100281062815904691490320155165
12007040807032004104994058714804391440295142153
12007040807042004100582058414904351460289143146
12007040807042004100997066818104871670320162158
12007040807042004102403068418005041720332166166
12007040807042004103864066317104921650327167160
12007040807042004109054069917605231750348177171
12007040807052000100158058014504351430292144148
12007040807062001104875081124205692050364188176
12007040807062004103163080521405911970394200194
12007040807062004103537071817605421700372183189
12007040807072003100517056614704191430276140136
12007040807072003105564059915604431460297143154
12007040807072003105704067517704981680330165165
12007040807072004101557070818505231800343168175
12007040807082001106298069619205041790325166159
12007040807082002100926054214603961300266129137
12007040807082004101586067800000000000339000000
12007040807082004103302056715104161430273136137
12007040807082004106737070719105161720344174170
12007040807092001110187061915104681570311157154
12007040807092002100773064316304801570323164159
12007040807092004101228069818005181760342168174
12007040807092004102841071719205251760349173176
12007040807102001105008069418405101710339172167
12007040807102003100996067317105021630339165174
12007040807102003105368054714704001380262135127
12007040807102003106779052813203961300266132134
12007040807112000105123066417004941780316158158
12007040807112001103353073519605391770362183179
12007040807112002105991068917705121760336170166
12007040807112003106559069416905251730352179173
12007040807112004101869063416704671560311158153
12007040807112004102502081521506002050395201194
12007040807112004103028067516105141660348174174
12007040807112004103859071418105331790354179175
12007040807112004110096063117804531660287145142
12007040807122001110126069216705251700355178177
12007040807122002106140073718805491850364182182
12007040807122004105650066517304921670325164161
12007040807132004107040071918905301770353176177
12007040807132004109149058514204431440299150149
12007040807142002107453054914204071340273132141
12007040807142004103983000016600001560000000000
12007040807142004104529054913904101300280135145
12007040807142004107254070017605241700354173181
12007040807152002109125052813003981260272128144
12007040807152004100884056614404221400282144138
12007040807162002109478070718605211780343168175
12007040807162003103059068317205111760335170165
12007040807162004102507069517305221750347172175
12007040807162004102508067117204991670332165167
12007040807162004104202067717405031700333166167
12007040807172002107124079122105702020368194174
12007040807172003104416064515904861610325164161
12007040807172004103163056016403961450251127124
12007040807182004104416056015204081400268132136
12007040807192004103168065516904861620324161163
12007040807192004103201063815304851520333162171
12007040807192004110013065016704831600323160163
12007040807202003100626067918904901720318000000
12007040807222002102202069218205101670343167176
12007040807222003102395068317105121660346174172
12007040807222003102403069318305101710339175164
12007040807222004100746070219405081730335169166
12007040807222004105087071519105241740350176174
12007040807231998105057068718205051620343181162
12007040807232002102068056514704181350283137146
12007040807232003102135055213904131320281138143
12007040807232003106097072319905241820342175167
12007040807232004100102073520305321860346175171
12007040807232004100258073719805391830356179177
12007040807232004106921069817105271760351179172
12007040807242001110126069417305211720349174175
12007040807242004102502070117905221720350181169
12007040807242004103648073718005571750382193189
12007040807242004107137077518405911890402202200
12007040807252003101922000000004721540318000000
12007040807252004100452064316904741540320158162
12007040807252004102108069119904920000000000161
12007040807261998102734057915804211460275138137
12007040807262002101888052000000000000262125137
12007040807262003104103055614504110000000000137
12007040807262004107040066117004911580333172161
12007040807272002105107070121004911660325161164
12007040807272004101563070716305441690375185190
12007040807272004104484066016204981600338166172
12007040807272004107311065315604971600337166171
12007040807282004103129057615104251440281143138
12007040807282004107254070518405211730348172176
12007040807292001103477056114904121430269134135
12007040807292001107097069400000000000345174171
12007040807292004106870073219005421780364181183
12007040807302003100640075419005641780386192194
12007040807302004110023069117905121720340174166
12007040807322004100696067417305011600341166175
12007040807322004100926065017304771640313157156
12007040807322004101842056815904091480261132129
12007040807332002104681053014503850000000000129
12007040807332003100027056614204241380286142144
12007040807332003104433072119505261790347178169
12007040807332003104678067017704931630330166164
12007040807332004102754063115804731520321166155
12007040807332004102897057000000000000282139143
12007040807342003102395067117304981650333165168
12007040807342003102681060917704321490283142141
12007040807342003103503065618604701640306159147
12007040807342004105640068217805041650339166173
12007040807351999106703069117405171740343173170
12007040807352004101088077821505631880375188187
12007040807362004104892076519905661930373189184
12007040807372004102965060816704411500291143148
12007040807372004106921075419005641840380193187
12007040807382002103379068516805171700347174173
12007040807382002104010068717005171700347177170
12007040807382002104962000014700001430000130000
12007040807382003103892068515805271740353175178
12007040807382004109316071318205311780353181172
12007040807392004105910066016804921570335162173
12007040807402004101563068117305081650343167176
12007040807402004106935060115804431530290154136
12007040807412003102853053013603941290265129136
12007040807412003103773066218204801510329166163
12007040807412004106405054513604091310278136142
12007040807412004107284080820905992010398203195
12007040807412004109053000000003951270268128140
12007040807422002100900054813704111350276133143
12007040807422002105558068118704941690325167158
12007040807422004101497067217205001620338172166
12007040807422004103073066016704931620331165166
12007040807442001100870064616704791610318158160
12007040807442001101696052914103881360252125127
12007040807442004104429056214904131340279138141
12007040807452001103371068816905191600359175184
12007040807452003102946066919304761740302159143
12007040807452004101880060215004521490303149154
12007040807452004103295068217905031700333170163
12007040807452004106346066217604861620324163161
12007040807462000107342057515604191420277136141
12007040807462002101297066817504931670326163163
12007040807462003106389061817604421540288146142
12007040807462004101683067717904981650333167166
12007040807472003103503054013104091290280133147
12007040807472003104433054514803971350262133129
12007040807472004101872056314704161360280138142
12007040807472004102053056214604161360280139141
12007040807472004102754000014600001370000130000
12007040807492003102309065816504931610332166166
12007040807502004100697056514004251400285144141
12007040807512002101470067117105001660334165169
12007040807512002110075057416104131440269131138
12007040807512004101729066817604921640328164164
12007040807512004103945063317804551580297149148
12007040807532004110223069017405161670349170179
12007040807552001103731085123406172100407208199
12007040807552004105129077219805741950379192187
12007040807552004109049077920505742010373192181
12007040807562004110047065216404881560332164168
12007040808002002101648071418305311750356179177
12007040808002002107516068318205011640337166171
12007040808012002101326067717904981680330167163
12007040808012002104208057014804221450277139138
12007040808012004102661069218405081710337171166
12007040808022004101076054114104000000000000136
12007040808032002107147065116704841520332161171
12007040808032004103868068817705111770334173161
12007040808042002106817000000005381730365180185
12007040808052000107570000023200000000000000000
12007040808072004102428063016804621580304149155
12007040808082001103731071119405171780339172167
12007040808082004105129073618605501830367184183
12007040808082004109049074819905491920357180177
12007040808092001100860060516604391530286150136
12007040808092004104151065317504781580320160160
12007040808102003100454066416305011670334168166
12007040808102004106628055413804161370279139140
12007040808112001101854061315404591580301153148
12007040808112004102241075220905431900353177176
12007040808122004103557063017804521650287148139
12007040808122004106719061018304271490278139139
12007040808122004106843061018304271480279140139
12007040808142004104431074223005121830329163166
12007040808142004106770067518004951640331162169
12007040808152002102976065917104881660322162160
12007040808152003104006069518405111700341166175
12007040808152004104407068918105081730335170165
12007040808182003106085055014704031350268132136
12007040808232000100200054415403901280262124138
12007040808242003107281052313503881270261124137
12007040808242004104151056115004111370274132142
12007040808262004103951062016204581570301150151
12007040808271999106893071218205301770353177176
12007040808272002107075070418105231730350178172
12007040808272002107096061917604431600283146137
12007040808272004102801071518805271760351176175
12007040808272004105644071518805271760351176175
12007040808272004106770059816204361520284144140
12007040808282001103975072220405181780340173167
12007040808282004104190061916304561490307155152
12007040808352004104544071417305411750366179187
12007040808372003100349056314904141390275137138
12007040808382004103862069719305041690335168167
12007040808392001104957054614404021290273131142
12007040808392003105275067916905101690341169172
12007040808392004103617055914704121380274134140
12007040808392004104093056015904011370264128136
12007040808392004104945070418705171710346169177
12007040808392004106930070919105181720346168178
12007040808392004107232070918705221750347174173
12007040808401999106893068617105151700345172173
12007040808402004102279059115604351520283142141
12007040808402004105818073120705241890335173162
12007040808402004105919060117004311490282141141
12007040808412004102801056414604181380280142138
12007040808412004105644056414604181380280142138
12007040808422004104328000000004561480308150158
12007040808432002107011063617704591540305152153
12007040808482004102202071416305511740377185192
12007040808492002104353062519104341630271144127
12007040808492004106458073018205481780370187183
12007040808522004104112054414603981350263132131
12007040808522004105308055313304201360284142142
12007040808522004106724058515104341480286141145
12007040809012004104738066316504981630335166169
12007040809022002104091061418904251660259133126
12007040809022004104902065617904771750302151151
12007040809022004109293059117204191550264136128
12007040809032003102758064717204751600315159156
12007040809032004101787071418805261770349174175
12007040809042004104018060816904391430296145151
12007040809052004102835067217504971630334166168
12007040809092000105073071018505251780347173174
12007040809092003106120068117405071700337169168
12007040809092004100560068817005181710347173174
12007040809092004106141072518805371810356180176
12007040809102002105996070717505321780354177177
12007040809142004100242058815504331420291143148
12007040809152001102320060915904501540296149147
12007040809152003102476061717304441590285141144
12007040809152004101787057315804151460269138131
12007040809152004106160059715904381490289143146
12007040809162002100849067317005031710332169163
12007040809192001102548060816004481500298148150
12007040809222000105073055414504091420267137130
12007040809222004106141055314504081410267137130
12007040809232003106120059716704301470283141142
12007040809242001105825066519104741680306156150
12007040809242002105996060016504351460289144145
12007040809242003102207069919305061770329167162
12007040809242004104129063417104631580305151154
12007040809261998105844061316304501490301147154
12007040809262004102615060415804461500296151145
12007040809262004102912061416204521500302148154
12007040809262004105569065017204781630315163152
12007040809262004106338062415104731490324155169
12007040809262004110016068718205051670338175163
12007040809262004110020063117304581550303155148
12007040809272004102120060516104440000000000145
12007040809282004101007058115604251430282138144
12007040809282004106723058115704241420282138144
12007040809302002100995069418605081680340000000
12007040809302003106800057914704321430289144145
12007040809342002110231064317204711630308155153
12007040809352004101073064116904721630309156153
12007040809392003106239065816204961610335164171
12007040809402003100584063718004571640293149144
12007040809412004103113066115205091530356172184
12007040809412005100264077219005821920390193197
12007040809412005100293077119005811910390193197
12007040809442003105798068617705091730336169167
12007040809452001110198066417004941580336162174
12007040809452003104154060215904431490294144150
12007040809452004100793055413804161420274139135
12007040809472002104175064416304811570324158166
12007040809472004105617064516204831560327161166
12007040809472004106772067516605091620347167180
12007040809482003100839064717904681580310151159
12007040809482004102536064717504721630309154155
12007040809522000101486072621805081840324000000
12007040809522001101327060917904301520278138140
12007040809542003102936062318004431530290143147
12007040810012002107082055115203991360263132131
12007040810022004103040055214704051370268136132
12007040810142004100717063516704681510317160157
12007040810172004100193061317204411530288138150
12007040810192003102570057517504001500250122128
12007040810192004104702060017604241520272130142
12007040810392000107407071121604951760319157162
12007040810462004100738062817504531530300152148
