02014072604592010101095061214704651500315154161
02014072605002008102912063616104751660309153156
02014072605002009105804065618104751640311159152
02014072605002010103676067418804861600326160166
02014072605002010103881065316604871710316161155
02014072605002010106609066517804871660321157164
02014072605002011102697056115204091360273135138
02014072605002011103770067017404961680328162166
02014072605002011103876065217404781600318164154
02014072605002011104237065217304791630316163153
02014072605002011104505064717204751680307156151
02014072605002011104858070217805241740350168182
02014072605012009106291070518205231710352170182
02014072605012010100458070018005201690351170181
02014072605012010101329073219705351840351176175
02014072605012010106343077822105571920365178187
02014072605012011102536069017705131720341167174
02014072605012011103768071018305271740353181172
02014072605012011103897069718005171780339174165
02014072605012011105642070417805261740352174178
02014072605012012100089072719405331850348172176
02014072605012012100783069817605221780344173171
02014072605012012103118068318105021750327163164
02014072605012012103754070418105231760347174173
02014072605012012104567073319805351880347173174
02014072605012012105873068517105141730341168173
02014072605012012106419072619905271810346179167
02014072605022007103990092922307062160490230260
02014072605022008100114069716705301760354182172
02014072605022009100536078719905881970391194197
02014072605022009102750070318405191850334173161
02014072605022010101485072418805361860350176174
02014072605022010102215068016905111670344171173
02014072605022010105586069018405061740332168164
02014072605022010106477070716605411930348168180
02014072605022011101133068016805121680344165179
02014072605022011102712077019805721910381185196
02014072605022011104125068017305071700337168169
02014072605022011106140072618405421830359178181
02014072605022011106154075318505681960372186186
02014072605022011106174086923406352170418212206
02014072605022012100141070016905311720359178181
02014072605022012100401073519905361820354173181
02014072605022012101090077419905751960379182197
02014072605022012101367070619905071850322170152
02014072605022012102037077320005731960377181196
02014072605022012102453071718105361810355180175
02014072605022012102503068718705001760324166158
02014072605022012102582082721806092100399210189
02014072605022012102595075320005531880365185180
02014072605022012102789070018005201700350175175
02014072605022012102978068617405121730339164175
02014072605022012103129071617805381810357179178
02014072605022012104159069216905231730350169181
02014072605022012105058071717505421820360183177
02014072605022012109146072718005471820365185180
02014072605032008110132064216804741670307155152
02014072605032009105725069618105151720343168175
02014072605032009106185070318805151780337166171
02014072605032010103873071318605271800347171176
02014072605032011104346070218805141760338166172
02014072605032011104518072118905321770355181174
02014072605032011106402071718305341720362181181
02014072605032012101709071019205181820336168168
02014072605032012103204070118005211730348170178
02014072605032012103619070419205121780334165169
02014072605042007101372076820005681880380187193
02014072605042009102330071017705331830350181169
02014072605042009106104074619405521830369182187
02014072605042010102841066117004911620329164165
02014072605042011100079074418805561840372187185
02014072605042011100396075620005561890367181186
02014072605042011103571072418205421830359177182
02014072605042011103859000018400001820000179000
02014072605042011103910072418205421790363178185
02014072605042011104348072718705401820358179179
02014072605042011105221078120005811910390187203
02014072605042011105730071718405331790354174180
02014072605042011110001069617705191740345170175
02014072605042012100162073018205481760372180192
02014072605042012100829076519705681920376182194
02014072605042012102359094624107052330472232240
02014072605042012103485069517205231740349172177
02014072605042012103720071118205291780351176175
02014072605052011100323076018905711870384191193
02014072605052011100654076019105691860383190193
02014072605052011103801074918805611860375188187
02014072605052012100691071818905291750354176178
02014072605052012102488073818305551830372192180
02014072605052012103262073217605561800376185191
02014072605052012103622071218105311770354174180
02014072605052012104208074417805661850381189192
02014072605062009109237071018305271740353173180
02014072605062010100462073318405491840365182183
02014072605062010103093074218805541830371186185
02014072605062012102361074318705561810375189186
02014072605062012104118073718205551810374183191
02014072605072010103083074619805481810367179188
02014072605072011103636073720005371850352176176
02014072605072011104474070817305351700365175190
02014072605072011106147068117505061670339165174
02014072605072012100330070517305321690363175188
02014072605072012101895070717405331720361176185
02014072605082010103230065816404941670327164163
02014072605082011104796066016504951630332167165
02014072605082012105031075119005611800381191190
02014072605092011105876068917205171710346172174
02014072605092012101107071518005351760359179180
02014072605092012101112071718105361750361179182
02014072605102010103940074418605581910367185182
02014072605102011106545076519705681970371188183
02014072605102012100913071717105461770369183186
02014072605102012101554079020505852000385191194
02014072605102012101567079621305831930390192198
02014072605102012101712073918105581770381181200
02014072605102012101970070217705251790346170176
02014072605102012104293079021205781940384189195
02014072605102012105574077220205701870383187196
02014072605112009103716085922506342100424214210
02014072605112010104721069217505171730344168176
02014072605112011101451068917805111710340166174
02014072605112011103675082921306162080408207201
02014072605112011104396083120106302070423208215
02014072605112011110038083321406192010418206212
02014072605112012100601083221306192070412207205
02014072605112012105874069817805201720348170178
02014072605122008102522085021706332070426209217
02014072605122009104655000017200000000000000000
02014072605122010104450078318905941850409199210
02014072605122011101512063515404811630318155163
02014072605122011103670060014804521470305146159
02014072605122011104199069717905181750343170173
02014072605122012104267067217304991610338164174
02014072605122012105356073219305391830356179177
02014072605132009105792068518604991730326163163
02014072605132010101329069618105151760339170169
02014072605132011103771072218005421810361180181
02014072605132011104858065416304911620329167162
02014072605132012104567070817505331820351178173
02014072605132012106419070717805291790350175175
02014072605142009110062073618005561880368188180
02014072605142011102536070217405281770351176175
02014072605142011105642057615904171390278137141
02014072605142011106154066116704941650329164165
02014072605152009100947068717905081750333167166
02014072605152010100035066516604991780321166155
02014072605152011101164069518105141740340171169
02014072605152011103696078119905821910391188203
02014072605152011104492071617905371820355169186
02014072605152012100326072618305431830360183177
02014072605152012100388071017205381780360169191
02014072605152012101013071218105311800351178173
02014072605152012103846068318005031720331164167
02014072605152012105927071518405311780353177176
02014072605152012110088074719405531850368177191
02014072605162010103789074419505491830366187179
02014072605162010105345072318605371760361179182
02014072605162011102261071819705211860335164171
02014072605162011103939066217104911670324166158
02014072605162011104347072219805241880336163173
02014072605162011104375070617805281750353181172
02014072605162011104790068317305101690341174167
02014072605162011105129070818005281770351181170
02014072605162011106004072319805251890336164172
02014072605162011106174080020805922040388199189
02014072605162012103387072020205181740344173171
02014072605162012103754066216704951630332167165
02014072605162012104837079619606001930407205202
02014072605172009103350074619705491870362186176
02014072605172011100273072318305401790361174187
02014072605172011103583083621706192110408196212
02014072605172012100114074918505641920372194178
02014072605172012100697074818605621900372195177
02014072605172012104008068417205121740338167171
02014072605182009100536074419605481920356184172
02014072605182009102750069317305201750345173172
02014072605182010101485070018105191770342173169
02014072605182010104786063915804811630318158160
02014072605182011100606068717705101670343172171
02014072605182011101163070818805201780342176166
02014072605182011103813071418905251830342172170
02014072605182011106140069418105131700343171172
02014072605182011109244066117204891670322164158
02014072605182012101367070518605191870332167165
02014072605182012102207072918305461800366183183
02014072605182012102299069518005151630352177175
02014072605182012102595072818305451840361185176
02014072605182012102789065417304811590322162160
02014072605192008110132063716304741480326162164
02014072605192009102330066217204901650325164161
02014072605192009105725066417304911670324164160
02014072605192009106185064917104781630315158157
02014072605192010103873065216604861540332165167
02014072605192011102952067317904941730321160161
02014072605192011104346066517004951690326164162
02014072605192011104518068318704961750321167154
02014072605192012100387069318505081760332169163
02014072605192012103204066717404931680325165160
02014072605202009100949071018405261790347175172
02014072605202009109237067517704981710327163164
02014072605202011103571069216705251770348172176
02014072605202011103859069216705251700355176179
02014072605202011105221074118105601790381185196
02014072605202012100691066116105001730327161166
02014072605212011100079074018205581830375185190
02014072605212011103910069116805231670356168188
02014072605212012102359089022206682180450219231
02014072605212012103262070117805231730350172178
02014072605222010106366076018505751840391194197
02014072605222011103935067617804981680330162168
02014072605222012102488070218005221760346174172
02014072605232011104396074918505641830381189192
02014072605232011106147068417005141710343173170
02014072605232011110038078020805721920380189191
02014072605232012100866073518605491890360182178
02014072605242009101152065916504941630331165166
02014072605242009103716078719105961930403199204
02014072605242012105031068618005061690337170167
02014072605252008101031069318705061740332163169
02014072605252008102522076820005681970371187184
02014072605252010103934063417604581550303154149
02014072605252011102003074518805571860371188183
02014072605252012104841074118705541840370187183
02014072605262006105211076519405711870384192192
02014072605262007103968078118405971940403202201
02014072605262010104450078319405891860403199204
02014072605272011101495071719305241800344171173
02014072605272011103640081019506152020413205208
02014072605292012104674072818905391780361183178
02014072605292012104837075418705671900377190187
02014072605302010103789069018305071800327166161
02014072605302011103583076119105701870383187196
02014072605302012105138067717605011730328164164
02014072605302012105281067717605011730328164164
02014072605302012106211067517505001730327163164
02014072605342011101217085921206472120435216219
02014072605342011102309083721006272090418203215
02014072605352011104396073717605611810380186194
02014072605352011110038073220305291820347173174
02014072605352012101650066216404981600338162176
02014072605362011100049071920705121800332171161
02014072605372008106386069518805071790328162166
02014072605372012100090079620905872010386195191
02014072605372012101995080620905972080389190199
02014072605372012103322067716305141660348171177
02014072605372012109127079620805882010387196191
02014072605382011104653067316405091650344168176
02014072605392008102522073518705481810367189178
02014072605392010104926062314604771470330152178
02014072605402010102611061215704551520303153150
02014072605402010103985061315704561520304153151
02014072605402010104450074218205601800380188192
02014072605402011103640068316605171660351167184
02014072605402012104143075618505711810390187203
02014072605402012104460062315704661540312155157
02014072605412010106414071017805321840348175173
02014072605412011101191070817705311870344175169
02014072605422009103643071218405281790349174175
02014072605422011101699072818705411790362182180
02014072605422012102985076219205701890381189192
02014072605442009105177085524406112130398198200
02014072605442012105413071717705401860354183171
02014072605472007105089082322106022060396201195
02014072605482009103004085722006372110426213213
02014072605482011103520077518905861910395194201
02014072605482012104340071418205321820350175175
02014072605482012105175071518505301830347168179
02014072605492009106462067918204971710326165161
02014072605502011100049069119804931750318160158
02014072605502011104379064116604751610314157157
02014072605512012100090074519005551880367184183
02014072605512012101995074819105571900367184183
02014072605512012109127075319805551900365187178
02014072605522008106386064416904751640311153158
02014072605542011104204066016604941550339160179
02014072605542011110084059715804391460293145148
02014072605552011101943071119505161840332171161
02014072605562010106414068418205021650337168169
02014072605562011101191067316805051710334166168
02014072605562012105638068418105031800323151172
02014072605562012106216069618105151780337169168
02014072605572009105177076220805541910363183180
02014072605572011101699069517105241670357181176
02014072605572012105413066816904991720327164163
02014072605582011104359064217204701600310148162
02014072605582012102985069518305121740338169169
02014072605592009103004078819405941920402198204
02014072605592011100282075019905511930358188170
02014072606002011103520073317805551780377184193
02014072606002012100417073818805501900360184176
02014072606042012105947073618105551790376186190
02014072606052011105399064816704811910290149141
02014072606282008102873067417305011690332165167
02014072606282009103004071317505381730365181184
02014072606282011103520072517505501770373181192
02014072606292011102644068018104991730326170156
02014072606292012102327066118404771700307156151
02014072606292012105023066717904881710317165152
02014072606312011100948070319105121710341169172
02014072606312012103988071119305181800338172166
02014072606322009106201067416705071640343168175
02014072606322011100941062716604611520309157152
02014072606322011102858069418505091760333169164
02014072606322012103991072518605391790360178182
02014072606332009101697061916104581560302153149
02014072606332009105821060615904471510296148148
02014072606332011101491061017204380000000000146
02014072606332011103361060015504451500295147148
02014072606332011105166060917204371510286141145
02014072606342011104484064716804791660313164149
02014072606342012104680070617905271790348177171
02014072606352008102694054114703941310263129134
02014072606412012105740070218205201800340168172
02014072606442011102644066917404951690326162164
02014072606442011105905074920005491860363180183
02014072606462008105840073420105331810352175177
02014072606462011100948070319605071720335166169
02014072606492011105161071319705161800336170166
02014072606522012101245069616305331740359178181
02014072606522012104175074619005561820374182192
02014072606532012106102070917105381730365180185
02014072606562007106724072717705501780372178194
02014072606562009105857104426107832540529271258
02014072606562011100684113730308343010533273260
02014072606562012102005113630308332980535275260
02014072606562012102432115930208572980559288271
02014072606562012102622000032500003100000308000
02014072606562012103087071317805351780357172185
02014072606572011105905070717405331740359181178
02014072606582008102865069017705131710342167175
02014072606582011106601069217705151760339170169
02014072606582012103205069016905211660355173182
02014072607002012101503077020205681930375186189
02014072607012008104802075720805491970352185167
02014072607012012102615076020105591930366185181
02014072607022011102954067114305281690359169190
02014072607042009105710068817405141700344169175
02014072607042011104119065817404841620322162160
02014072607042011104649068617105151740341176165
02014072607052009103262070717805291780351175176
02014072607062010100159073318405491830366185181
02014072607062011100012067116305081680340167173
02014072607062011101493067816905091620347172175
02014072607062012103700068016505151700345168177
02014072607072009104771070717905281710357174183
02014072607072011102450074319305501880362183179
02014072607072011102667073419205421800362170192
02014072607082009106336072120305181830335176159
02014072607082010103319080021605842070377187190
02014072607082012102323075118905621810381185196
02014072607102011105333072518505401840356176180
02014072607102012103871071018905211750346169177
02014072607122007103771068017305071730334165169
02014072607122009102375070619305131720341165176
02014072607132010103930070818005281740354179175
02014072607132011104211070417705271780349174175
02014072607132012101119069518405111760335170165
02014072607132012102350077919605831950388196192
02014072607132012103610072418005441770367183184
02014072607132012105480071317905341770357172185
02014072607132012106324077919605831950388194194
02014072607132012106398072918405451800365180185
02014072607142008100673065616504911640327162165
02014072607142008102865077619705791960383193190
02014072607142011106601074119105501840366183183
02014072607152011100071073920805311870344171173
02014072607152011105495079421705772100367189178
02014072607152011106544066915505141770337170167
02014072607152012103208066316904941620332164168
02014072607152012103796066716804991610338170168
02014072607152012109103067917105081690339168171
02014072607162008103159071618305331730360178182
02014072607162011100505066816904991630336163173
02014072607162011101646071117905321780354179175
02014072607162012101503070317705261730353172181
02014072607162012101599066817004981620336167169
02014072607162012102615062217004521420310142168
02014072607162012105598067617105051630342166176
02014072607172009106157071918605331790354176178
02014072607172009106269074818705611940367181186
02014072607172010102460072019905211880333170163
02014072607172010103950071719705201870333168165
02014072607172011101198070119005111780333169164
02014072607172011103107070518105241730351169182
02014072607172011103152072719605311920339171168
02014072607172011103683071317605371810356180176
02014072607172011103746065817404841720312159153
02014072607172011103946071117905321710361183178
02014072607172011104342066316804951680327166161
02014072607172012100244072220005221900332168164
02014072607172012102381070618105251780347174173
02014072607172012102848069618605101780332168164
02014072607172012103042066715805091600349172177
02014072607172012104170071018405261770349176173
02014072607182004100989066717304941630331160171
02014072607182010104242075819205661860380190190
02014072607182011100876076720605611960365195170
02014072607182011103567066517004951670328164164
02014072607182011104471066217004921640328162166
02014072607182011110091066817404941640330164166
02014072607182012104425067717804991740325165160
02014072607192006105366065016404861660320157163
02014072607192011104407066217304891690320159161
02014072607202011101865069617905171750342164178
02014072607202012103611070117605251780347163184
02014072607202012104904070318205211760345167178
02014072607212006106772073818805501860364180184
02014072607212009106336068419804861680318162156
02014072607212010101820098425407302390491243248
02014072607212011102202073718505521800372180192
02014072607212012100710072918405451770368180188
02014072607212012106091073018905411790362176186
02014072607222010105277065118204691620307155152
02014072607232009103262066516704981620336163173
02014072607232011101742067017604941610333164169
02014072607232011102667066116704941610333158175
02014072607232012102323067816105171660351166185
02014072607232012104185066616804981670331169162
02014072607232012105137066516904961650331162169
02014072607242010109237075119105601840376186190
02014072607242011103078075519205631760387184203
02014072607242012101800067416705071670340167173
02014072607252010104455069918005191750344170174
02014072607252012101788069617405221790343170173
02014072607482009106014062116304581600298153145
02014072607482010104520063816204761730303154149
02014072607482011104303064617104751610314156158
02014072607482011104310062216304591590300153147
02014072607482011104771063515704781580320159161
02014072607482012101065000017700001740000176000
02014072607482012104487064617204741610313154159
02014072607482012104625064417404701580312154158
02014072607492009106345070217705251750350171179
02014072607492010104455064817204761650311156155
02014072607492011101865069717205251810344173171
02014072607492011104066069517905161730343168175
02014072607492011104296070018305171730344170174
02014072607492011104455070318105221760346172174
02014072607492012100390072718605411790362181181
02014072607492012100583070217005321770355174181
02014072607492012101788066517204931690324158166
02014072607492012103611070017405261710355176179
02014072607492012103698067217105011680333164169
02014072607492012103799070617205341760358175183
02014072607492012104904069017705131740339170169
02014072607492012105568068017805021690333163170
02014072607502006106772072116605551800375185190
02014072607502009105710065416504891610328161167
02014072607502011104649063116504661560310155155
02014072607512011102027075018605641850379190189
02014072607512011102201075719305641880376192184
02014072607512012103771076219405681890379185194
02014072607512012109104076219405681900378193185
02014072607522009100292066317304901620328160168
02014072607522009103545070719405131810332174158
02014072607522009104270072218705351770358179179
02014072607522009106032069416905251710354174180
02014072607522010110124064816504831580325165160
02014072607522011100036068717305141700344170174
02014072607522011101499070418005241770347173174
02014072607522011103842072817905491820367187180
02014072607522012102526069817705211770344171173
02014072607522012105434062815604721540318153165
02014072607532009103253060114804531480305145160
02014072607532011103512078318705961940402199203
02014072607532011104154066416704971670330160170
02014072607532011105627074218505571870370181189
02014072607532012104379067117404971640333165168
02014072607532012110030068717305141700344178166
02014072607542010102379061616604501520298145153
02014072607542010104823092424906752340441228213
02014072607542011103505075819705611900371184187
02014072607542011104173069916905301730357174183
02014072607542011104368069518205131740339171168
02014072607542012101531070118005211790342167175
02014072607542012103365073519305421840358182176
02014072607542012103962070317005331730360178182
02014072607542012104010068617005161700346170176
02014072607542012104064067617804981680330160170
02014072607542012104262068317105121690343169174
02014072607552010101708071218305291730356174182
02014072607552011102978061616004561520304152152
02014072607552011106278069517805171700347166181
02014072607562009106126064016504751590316156160
02014072607562011104489063716404731590314156158
02014072607562012102445065116804831630320163157
02014072607572011105976080221105912010390194196
02014072607592012100742072718305441800364182182
02014072607592012103681069618605101680342171171
02014072608022012100390072418605381820356175181
02014072608022012100934086022706332160417207210
02014072608022012105140086022706332170416206210
02014072608032012101065000018600001800000169000
02014072608042011104066067117404971700327162165
02014072608042011104455066917404951700325162163
02014072608062012101964075119405572010356180176
02014072608062012109118075219605562010355177178
02014072608072011102027074018005601790381189192
02014072608072011102201074018905511800371184187
02014072608072012103771076819205761840392192200
02014072608072012109104075519305621860376187189
02014072608082010100484072317505481790369179190
02014072608082011100289067817105071670340167173
02014072608082012102812071919805211840337170167
02014072608082012104010068717105161670349169180
02014072608082012104262068517305121670345167178
02014072608092011103512078019605841920392193199
02014072608092011105627077719605811880393198195
02014072608092012103962072818405441800364179185
02014072608102010101972085620806482090439217222
02014072608102011103233080919506141970417203214
02014072608112008106019071818205361770359179180
02014072608112010101975073719205451820363179184
02014072608132008101947086521406512100441216225
02014072608162011103834077020605641850379192187
02014072608202012103997075618705691900379187192
02014072608202012106139073417605581810377190187
02014072608222010101972078419705871890398198200
02014072608222010101975075819305651890376187189
02014072608222011103233075619605601830377192185
02014072608262008101947075519005651850380189191
02014072608322012103997071617705391780361181180
02014072608322012106139068217105111710340174166
02014072608342010101972080019906011920409197212
02014072608342010101975071118105301770353170183
02014072608342011103233071818305351770358174184
02014072608592011103586068318005031690334164170
02014072609022012104798075521005451880357184173
