02009050304292002105164078319805851940391200191
02009050304302003105922071519305221790343175168
02009050304302004104470069417305211680353177176
02009050304302005100022064817104771590318157161
02009050304302005101462070818305251730352176176
02009050304302005102297069317805151700345173172
02009050304302006100584067917605031620341171170
02009050304302006101246068016705131650348176172
02009050304302006101820066017604841640320159161
02009050304302006103517065017104791570322160162
02009050304302006103672067417205021640338167171
02009050304302006104089069717605211730348175173
02009050304302006104906067916705121650347169178
02009050304302006105022068817005181660352173179
02009050304302006105201070317805251760349169180
02009050304302006105407074218905531770376181195
02009050304302006106463068818005081650343171172
02009050304302006106475071918605331820351180171
02009050304302006109225068417005141680346175171
02009050304302006110048068616805181620356180176
02009050304312004102312062315104721390333163170
02009050304312005102236070118605151730342176166
02009050304312005102965073817605621830379184195
02009050304312005105103068218005021660336165171
02009050304312005106285066917804911610330160170
02009050304312006100655077420005741840390191199
02009050304312006102568073317705561760380186194
02009050304312007104960071218605261820344167177
02009050304312007104968071118505261810345168177
02009050304322005100929070618605200000000000181
02009050304322005107044077020105691860383191192
02009050304322006100777072519605291760353176177
02009050304322006102073075220105511900361182179
02009050304322006102358073416005741780396189207
02009050304322006103805072919705321750357176181
02009050304322006106632069017405161660350172178
02009050304332004105564075318505681820386190196
02009050304332004109368075818905691840385191194
02009050304332005102891075320405491870362181181
02009050304332006100857076019605641900374189185
02009050304332006103569074718805591810378190188
02009050304332006106565074218405581830375190185
02009050304342006101563073319305401730367181186
02009050304342006101865069717905181700348172176
02009050304342006104098073019305371860351179172
02009050304342006105336068318305001750325166159
02009050304342006105942073518105541800374184190
02009050304342006106835071118405271810346176170
02009050304352003104677076320305601900370184186
02009050304352004105427089824206562180438219219
02009050304352005110040066418204821610321165156
02009050304352006101710069117705141700344170174
02009050304352006103885085222106312110420212208
02009050304352006105244070417905251760349178171
02009050304352006105247075518705681900378187191
02009050304352006106735082220806142040410204206
02009050304352006110053074320205411830358180178
02009050304362004103790075219005621820380185195
02009050304362006100614069918305161760340167173
02009050304362006101655077420205721930379191188
02009050304362006104413076819405741890385190195
02009050304362006106605077420305711880383193190
02009050304372004106465000000004601560304151153
02009050304372006101198070918305261720354178176
02009050304372006101393070517405311690362178184
02009050304372006101434073719005471800367186181
02009050304372006103178072818005481780370185185
02009050304372006103756071417805361760360178182
02009050304372006105366074918905601850375185190
02009050304382002100866064416704771600317157160
02009050304382003100380050713603711170254122132
02009050304382006105511063616504711610310156154
02009050304382006105818064315804851570328161167
02009050304392004103252070817905291760353178175
02009050304392006102740068717405131720341171170
02009050304392006103110079319206011940407196211
02009050304392006105450069118105101760334174160
02009050304402006100406072618305431780365180185
02009050304402006102625066416904951590336166170
02009050304402006103086055716103961420254129125
02009050304402006104282072918705421810361178183
02009050304402006109246074419505491820367182185
02009050304412004103080000000000000000000000000
02009050304412004103087057214704251450280141139
02009050304412004110257060116504361470289148141
02009050304412005101654071317205411730368182186
02009050304412006100075069718205151710344171173
02009050304412006102300053714703901360254127127
02009050304412006102362070918505241690355177178
02009050304412006102742061816904491480301151150
02009050304412006102918055714804091380271138133
02009050304412006102934067418504891770312163149
02009050304412006105121000014700001370000136000
02009050304412006106212000014500001350000126000
02009050304412007100260064318804551690286146140
02009050304412007110009064218604561710285145140
02009050304422004104470000014900001400000127000
02009050304422004106884072700000000000359180179
02009050304422006101246000000000000000000000000
02009050304422006110004062416304611560305156149
02009050304422006110034055114504061320274135139
02009050304432002105164070017805221720350177173
02009050304432003105922073319605371830354184170
02009050304432005102283068818805001740326156170
02009050304432005102301069918105181740344176168
02009050304432005104374071819605221810341168173
02009050304432005110070059915304461480298147151
02009050304432006100541070018605141680346173173
02009050304432006101222069618705091750334165169
02009050304432006103184078420305811930388191197
02009050304432006103627070518205231720351174177
02009050304432006105355070918705221730349169180
02009050304432006105359070818905191710348170178
02009050304432006106463058814904391470292145147
02009050304432006110048059215204401480292144148
02009050304442005104676072718705401750365184181
02009050304442005110102077120205691890380190190
02009050304442006100370077819405841920392193199
02009050304442006103093078019605841890395194201
02009050304442006103639000014500001400000136000
02009050304442006104914083724305942070387207180
02009050304442006106853076819205761850391193198
02009050304452006105650067518204931670326163163
02009050304462006104089068918005091730336167169
02009050304472006100777000014400001290000127000
02009050304472006101916071218505271760351178173
02009050304482003106526000000000000000270143127
02009050304482004110125068416605181690349170179
02009050304482005102311059215704351530282145137
02009050304482005102891054714404031320271135136
02009050304482005107044057715404231430280139141
02009050304482005110040056114804131370276138138
02009050304482006102073057615504211380283147136
02009050304482006103805055014004101380272139133
02009050304492004105547069017005201680352176176
02009050304492005110063073319205411880353187166
02009050304492006100581091623306832280455226229
02009050304492006100614000000005170000000000179
02009050304492006101224075020505451830362181181
02009050304492006101563055916103981330265129136
02009050304492006104098057016204081410267130137
02009050304502002100965058215104311390292142150
02009050304502006101865057515604191410278140138
02009050304502006103681077720405731910382196186
02009050304502006105942073818705511810370182188
02009050304512004105427068418704971670330169161
02009050304512004106465051713103861280258127131
02009050304512006103885066216504971610336163173
02009050304512006105244063216904631620301154147
02009050304512006105247061216004521530299151148
02009050304512006106735067917005091700339174165
02009050304512006110053060517304321460286143143
02009050304522002100662050913803711300241121120
02009050304522002100866051113903721270245123122
02009050304522006105511050713903681270241120121
02009050304522006106605059515104441450299150149
02009050304532002106745083921806212070414205209
02009050304532006100406053514803871330254128126
02009050304532006104282053414703871330254128126
02009050304532006109246053714903881330255129126
02009050304542002107086073318405491820367183184
02009050304542006101393056814604221450277140137
02009050304542006101434055114504061390267136131
02009050304542006103178064115604851600325163162
02009050304552004103252053114003911320259131128
02009050304552005102283068018304971630334169165
02009050304552006102625060515304521490303147156
02009050304552006105450053514103941330261132129
02009050304562005104374065017504751600315159156
02009050304562006100075055115104001380262130132
02009050304562006102362055215104011380263130133
02009050304562006103184063517704581600298152146
02009050304572006105172067018504851650320162158
02009050304582004103080000000000000000000000000
02009050304582005102301057715404231440279139140
02009050304582006100541057015604141420272134138
02009050304582006101222060816204461480298147151
02009050304582006102934056815004181420276135141
02009050304582006105346069018305071710336170166
02009050304582006106475064817004781580320158162
02009050304592006103627061817104471550292151141
02009050304592006105355067416805061650341166175
02009050304592006105359065517104841650319161158
02009050305002006103080070617605301700360179181
02009050305002006105547080321005932010392197195
02009050305002006110070070618005261790347173174
02009050305002006110115073617905571750382187195
02009050305012003110131054400000000000264133131
02009050305012005102692000014300001520000145000
02009050305012005105387056715004171380279139140
02009050305012006104731057615704191470272134138
02009050305012006105544082326405592170342172170
02009050305022004105547065616704891670322163159
02009050305022005110063069118505061810325167158
02009050305022006101224067917805011690332167165
02009050305022006101916057614704291420287142145
02009050305022006103681067417405001670333168165
02009050305032006102275071619105251760349177172
02009050305042005101843072419005341770357178179
02009050305062002106745072618905371790358181177
02009050305062002107086070917805311770354177177
02009050305062004100766071518905261770349170179
02009050305062006101036075020405461880358179179
02009050305072001100890057213904331350298142156
02009050305072005101404078819605921910401196205
02009050305102006104308073318405491780371179192
02009050305112004105611067619304831760307157150
02009050305122006100776079220105911960395198197
02009050305122006101228077220005721920380192188
02009050305132004105879062613804881530335161174
02009050305132005102844068717505121700342166176
02009050305132006103080069117305181730345171174
02009050305132006103129064516104841610323161162
02009050305132006105547072719105361940342162180
02009050305132006110070064316704761630313157156
02009050305142005102313061115104601510309148161
02009050305142005110109063515604791550324156168
02009050305142006110115065217304791670312160152
02009050305152003101161064716404831580325157168
02009050305152004102209072018705331810352176176
02009050305152004106928072517905461780368177191
02009050305152004110121059516004351440291145146
02009050305152005104037072018505351760359177182
02009050305152005105505072219305291710358178180
02009050305152006101049070317605271760351175176
02009050305152006102388071118405271730354173181
02009050305152006102883062817604521600292147145
02009050305152006103838070419005141670347167180
02009050305162002100775066817504931600333161172
02009050305162002110153069017405161690347172175
02009050305162004102567069716905281760352176176
02009050305162004105082066717504921600332159173
02009050305162006101431069116905221670355173182
02009050305162006103951077420105731850388182206
02009050305162006104115061116004511430308149159
02009050305162006110169069417305211740347174173
02009050305172001103599067317604971650332165167
02009050305172003110141058814804401470293144149
02009050305172004110236065616804881610327161166
02009050305182006102668069419005041780326163163
02009050305182006105377068518405011740327168159
02009050305192004100766062616704591580301155146
02009050305192006101036065417904751660309157152
02009050305202002100420067617305031660337165172
02009050305202005100990067417205020000000000166
02009050305202006102798065516904861670319162157
02009050305222006101762067717105061680338167171
02009050305222006102487061215604561530303155148
02009050305222006105768058915104381500288149139
02009050305242005101406065417204821670315157158
02009050305242006100543065817604821650317158159
02009050305242006103001074019605441790365178187
02009050305242006105778072919305361770359178181
02009050305242006106799073720105361800356174182
02009050305252006102403070117905221720350174176
02009050305262005102844064616304831570326161165
02009050305272006103129052313703861290257125132
02009050305272006106410071118705241720352177175
02009050305282004100559074518605591850374190184
02009050305282005104037068817905091670342171171
02009050305292005103797069618105151700345173172
02009050305292005105505063816004781610317160157
02009050305292006101049068817205161670349171178
02009050305292006103951072218305391730366181185
02009050305292006106487070418705171720345171174
02009050305302004102567070717405331730360181179
02009050305302006100963070217505271730354174180
02009050305312001103599056114804131400273137136
02009050305312004110236059615604401500290146144
02009050305312005103409075619005661810385185200
02009050305322005101916073318905441780366178188
02009050305322006104576080521205931980395200195
02009050305322006105759076619105751870388191197
02009050305322007105780076619205741840390194196
02009050305332004105027087322406492070442217225
02009050305332004105069076819805701890381189192
02009050305332006102227072918805411870354175179
02009050305342005103831067118104901620328164164
02009050305342006100850072018505351760359175184
02009050305342006102781072118905321790353175178
02009050305342006103889075218605661840382187195
02009050305342006105081075718705701870383187196
02009050305352002100420056214204201380282142140
02009050305352005100990000000004061420264133131
02009050305352006101231056814604221370285142143
02009050305352006102798055714504121390273134139
02009050305352006103054055814104171380279140139
02009050305352006103091058115204291450284141143
02009050305372006103021071418205321790353173180
02009050305372006103990061617004461540292150142
02009050305382006102403067817805001690331167164
02009050305392005106739070017805221700352176176
02009050305402005106344072818705411810360180180
02009050305412005106223069116905221620360175185
02009050305412006101443071218005321740358177181
02009050305412006103001062515904661570309154155
02009050305412006104859073018305471760371182189
02009050305412006105638073318705461780368182186
02009050305421999106109086821906492100439213226
02009050305432004100559059317504181470271137134
02009050305432004110003055014104091350274138136
02009050305432005104631059615004461400306146160
02009050305432006100445068317905041690335168167
02009050305432006106410070018905111790332168164
02009050305432006110120068917805111730338168170
02009050305442006100963067717305041680336168168
02009050305442006103338068617605101710339169170
02009050305442006104547070318405191740345173172
02009050305452006102786058414104431480295149146
02009050305462004105274067617704991720327166161
02009050305462005103797068218404981740324164160
02009050305462006106487057916004191450274139135
02009050305472006106146064716404831570326156170
02009050305482005100225066316804951630332163169
02009050305482006104576059716404331500283146137
02009050305492004107188060417404301450285141144
02009050305492005103513075118605651830382190192
02009050305492005107005076720005671890378191187
02009050305492006102524077219805741920382192190
02009050305502006100850070118405171710346169177
02009050305502006103889071118605251760349173176
02009050305542004106316064216104811590322161161
02009050305542005106244063016504651600305150155
02009050305572005102235071917805411810360181179
02009050305572005103544070317705261730353179174
02009050305572005105941073518005551780377186191
02009050305572006100765069517605191710348177171
02009050305572006101316069517305221670355175180
02009050305572006103338060515204531510302155147
02009050305572006106689069617205241670357177180
02009050305572006110133070317505281770351179172
02009050305582005106223056714904181450273135138
02009050305582005109304061515404611500311153158
02009050305582006101443056714504221450277136141
02009050305582006103074073519305421800362176186
02009050305582006104859059117204191480271137134
02009050305582006105638070817905291730356178178
02009050305592004100862075919705621860376188188
02009050305592004105106068217605061700336169167
02009050305592006101405069716905281770351173178
02009050305592006102827068417605081670341168173
02009050305592006109011064516704781580320158162
02009050306002002100819067717505021700332168164
02009050306002004104130065017104791620317159158
02009050306002005102303068117305081750333167166
02009050306002005105226067817405041650339169170
02009050306002005106201070218505171800337174163
02009050306002006100269077119705741970377188189
02009050306002006102405070219505071850322163159
02009050306012005102359069117005211700351176175
02009050306012005102370071118705241740350175175
02009050306012006102937077619605801900390193197
02009050306012006103194069117805131720341168173
02009050306012006104252065615804981540344153191
02009050306012006104954081221805941970397202195
02009050306012006105025072319005331760357178179
02009050306022000103165080620805982010397193204
02009050306022005107005071218605261770349177172
02009050306032003105475074818405641820382194188
02009050306032004100941070117605251720353185168
02009050306032004103239070918305261790347181166
02009050306032005103598078720905782020376196180
02009050306032006101987067217005021680334165169
02009050306032006103323077919505841940390194196
02009050306042004103384065800000000000325163162
02009050306042006102731066617704891670322161161
02009050306042006102822079820005981960402200202
02009050306042006106169064615904871620325156169
02009050306052003102875098124707342380496249247
02009050306052006101303081621206041960408208200
02009050306052006102677086122406372130424215209
02009050306052006110005071317705361720364177187
02009050306062005106482073518505501750375185190
02009050306062006104780070618105251720353171182
02009050306062006106135069017205181700348179169
02009050306082004103788071618005361750361179182
02009050306082005101533074818005681800388186202
02009050306082005103515070518205231710352173179
02009050306082006103964069017805121720340170170
02009050306092004104101069318205111720339173166
02009050306092005103544053414303911330258131127
02009050306092005104273076319705661890377190187
02009050306092006102276070316505381730365184181
02009050306092006104326079420605881970391205186
02009050306102003103615067017304971600337167170
02009050306102004105106063716104761560320163157
02009050306102005103246069719205051830322164158
02009050306102005109304057114604251440281141140
02009050306102006101405063716404731580315159156
02009050306102006102226071618405321730359181178
02009050306102006105503074519205531820371186185
02009050306102006106778071019105191800339174165
02009050306112002105923073518105541740380185195
02009050306112005102479070017505251690356180176
02009050306112006100746072018505351810354180174
02009050306112006102827064817104771600317158159
02009050306112006105275074020305371930344177167
02009050306112006105857076119105701880382188194
02009050306112006106088071618205341720362177185
02009050306112007104861070318105221740348174174
02009050306112007105768070218005221740348175173
02009050306122004104130054113304081280280133147
02009050306122006109011063217204601530307153154
02009050306132005102150084620906372060431213218
02009050306132005102235058815104371480289155134
02009050306132006100765058815004381450293155138
02009050306132006102405000000000000000000144000
02009050306132006103584072718305441810363181182
02009050306132006110133056715004171410276140136
02009050306142006102683074219505471800367184183
02009050306142006103898072118705341740360181179
02009050306152002100819054514603991320267130137
02009050306152004102101082521206132040409206203
02009050306152005102370067317504981640334167167
02009050306152005104336067417205021690333167166
02009050306152006103948070917605331790354177177
02009050306152006104954059415904351400295145150
02009050306152006105025057316804051360269130139
02009050306162000103165067218504871690318162156
02009050306162006103330070918005291720357180177
02009050306162006104846071817905391750364178186
02009050306162006104967075819605621880374188186
02009050306162006105399078520805771960381192189
02009050306162006110159057015204181450273139134
02009050306162007106494075119305581870371188183
02009050306172001109481059316504281450283145138
02009050306172003102915055814804101410269135134
02009050306172004110115067417604981630335169166
02009050306172005102154056114804131420271135136
02009050306172006102822073418205521810371182189
02009050306172006105686058514704381400298137161
02009050306182003105475069317505181690349175174
02009050306182004100941065115804931650328160168
02009050306182004103239054715603911340257130127
02009050306182004103384056315104121420270135135
02009050306182006101303071617705391820357182175
02009050306182006101987057215104211400281141140
02009050306182006106169054114703941300264128136
02009050306192003102875077519805771920385191194
02009050306192006101576070218005221740348175173
02009050306192006101624072218705351780357178179
02009050306192006102677078320305801950385195190
02009050306192006103034068017605041730331169162
02009050306192006103134069518305121670345172173
02009050306192006103574057615004261420284143141
02009050306202005100220066617404921670325163162
02009050306202005102211075019205581820376190186
02009050306202005105776056114604151420273139134
02009050306202006100169066517504901640326166160
02009050306212004103788058714804391430296144152
02009050306212006103964062216504571560301150151
02009050306212006106135052415503691280241120121
02009050306222006100415073818305551800375188187
02009050306222006100474076319205711850386192194
02009050306222006103624061717104461540292150142
02009050306222006104376058815604321420290141149
02009050306222006106398118528109042900614309305
02009050306232005103744068417705071660341168173
02009050306232006101101068717605111680343169174
02009050306242005101533064116204791550324155169
02009050306242005102150061419004241490275136139
02009050306242005103515059516204331490284143141
02009050306242005104273069217605161670349177172
02009050306242006102276055314204111290282132150
02009050306252006105857071717705401800360186174
02009050306252006106583074819505531880365182183
02009050306272006102683065219704551500305152153
02009050306302003104068066417204921630329165164
02009050306302006101303056716004071340273135138
02009050306302006102822072318105421770365180185
02009050306312003104307066317104921620330163167
02009050306312004102428070318705161800336170166
02009050306312005101923064916004891560333160173
02009050306312006101314068217405081670341168173
02009050306312006101885069800000000000343173170
02009050306322002100536071420405101780332169163
02009050306322003102875062419704271450282138144
02009050306322006102677072719705301760354180174
02009050306332006101576071118605251760349175174
02009050306332006104461069318005131730340168172
02009050306342005104785066417604881700318161157
02009050306342006100881079121305781880390195195
02009050306342006101624059716704301440286147139
02009050306342006103134059616504311450286147139
02009050306352004100380075719705601930367185182
02009050306352006100474058715604311450286143143
02009050306362001102114065217404781670311154157
02009050306362006100415066017004901620328165163
02009050306372006110156068418005041690335166169
02009050306392006102678076519705681910377191186
02009050306412004104661071918105381750363177186
02009050306412006103118067917305061730333168165
02009050306412006106338067616605101620348171177
02009050306422005100610069418705071740333173160
02009050306422005103360065717204851650320163157
02009050306422006100163080020705931980395196199
02009050306432006102470052513703881280260127133
02009050306442005104370061316604471520295143152
02009050306452003104307053114703841350249124125
02009050306452006101590070618305231750348176172
02009050306452006101615069317805151700345172173
02009050306452006101843066816904991680331165166
02009050306452006101885055715004070000000000134
02009050306452006104461059915804411510290146144
02009050306452006105191069317505181690349176173
02009050306452006106777063519004451500295148147
02009050306452006109207070418305211700351174177
02009050306462002100536067120104701800290153137
02009050306462004100321071218805241730351180171
02009050306462005104163066816505031740329168161
02009050306472001103160081619606202020418206212
02009050306472002105208053514203931320261132129
02009050306472006100085059614804481390309147162
02009050306472006100949084219506472080439215224
02009050306472006102357058914904401450295146149
02009050306472006104855058015304271450282142140
02009050306482004101755071419305211760345177168
02009050306482004103219071518905261750351175176
02009050306482005102155081020506051980407206201
02009050306482006100118072119605251890336171165
02009050306482006110156062317004531550298150148
02009050306492006100881055716003971440253123130
02009050306492006102316057016804021390263129134
02009050306492006102678073519305421770365178187
02009050306492006104221070918205271790348176172
02009050306492006104895071218405281810347175172
02009050306492006109133057000000000000263129134
02009050306502005102172069417305211680353176177
02009050306502005104908060815904491480301152149
02009050306502006101354070117505261750351173178
02009050306502006103839062915704721550317158159
02009050306502006103877067517505001640336167169
02009050306502006104153064516904761580318159159
02009050306512005100658059115704341430291147144
02009050306512006104714070217905231730350175175
02009050306532005106340062316904541480306153153
02009050306532006101610063717004671670300157143
02009050306532006103118061315804551610294155139
02009050306532006104486063617004661670299156143
02009050306542005107027074218705551850370185185
02009050306542006102204061817104471480299147152
02009050306542006102293068617205141720342171171
02009050306542006102450065817404841580326162164
02009050306542006102775062016904511610290154136
02009050306542006105919072718405431800363182181
02009050306552004101855072917605531790374186188
02009050306562006100858074018205581810377188189
02009050306572000100785000000000000000000000000
02009050306582006101590069318305101730337170167
02009050306582006101615070118405171740343174169
02009050306582006103559067418004941600334166168
02009050306592006101583059916104381450293148145
02009050306592006102547067418304911660325161164
02009050306592006105708069417205221720350178172
02009050306592006106585060816904391490290144146
02009050307002001103160074217505671830384190194
02009050307002004103701064416204821530329159170
02009050307002005102155074719105561800376186190
02009050307002005102582051412903851210264126138
02009050307002005104163057516904061520254129125
02009050307002006101014069317705161700346173173
02009050307002006101230057515204231470276142134
02009050307002007100766063116404671580309158151
02009050307012005105056072718305441700374184190
02009050307012006100304069017305171710346171175
02009050307012006103099070217205301700360177183
02009050307012006104920070318505181770341169172
02009050307012006109207069117605151710344172172
02009050307022006102678073219005421820360178182
02009050307232005102155061618304331470286146140
02009050307232005109203075517805771870390197193
02009050307232006102993061715304641490315154161
02009050307242001103160069617105251720353173180
02009050307242004104642066016604941590335166169
02009050307242005105999065316004931560337163174
02009050307242005110199065016904811600321159162
02009050307242006100239076021105491880361178183
02009050307242006103604066716804991610338170168
02009050307242006104983066816405041660338164174
02009050307242006106588066817004981590339169170
02009050307252003110151068817705111740337169168
02009050307252005103100079821605822030379188191
02009050307252005103400069717605211730348171177
02009050307252005104290068817705111700341177164
02009050307252006100880071518105341690365182183
02009050307252006101705068817905091700339169170
02009050307252006102992069518005151760339176163
02009050307252006103267068717705101710339176163
02009050307252006104671068717605111700341177164
02009050307262002110096061615804581540304160144
02009050307262005101694074018305571810376188188
02009050307262005105117069818805101770333169164
02009050307262006101047076320705561900366187179
02009050307272004101090065516704881640324159165
02009050307272005103009065917004891590330161169
02009050307272006105984065117204791590320157163
02009050307272006106033063215604761610315152163
02009050307272006106797068917205171710346171175
02009050307272006109185063216404681550313154159
02009050307282003104252067517405011670334166168
02009050307282004102948069417605181710347172175
02009050307282004105512069617605201750345172173
02009050307282006101475070218505171700347173174
02009050307282006102770067717005071730334167167
02009050307282006103534071018205281790349175174
02009050307282006104400071018105291730356181175
02009050307282006105271000017800001760000178000
02009050307302002109216056215704051430262132130
02009050307302005100245069517705181760342174168
02009050307302006102931069017405161740342173169
02009050307302006103515073218805441870357176181
02009050307302006104607070717605311710360180180
02009050307302007104169070017505251700355179176
02009050307312005100801072918905401820358179179
02009050307312005102240057215404181380280137143
02009050307312005102969066615805081640344168176
02009050307312005104032074618705591790380184196
02009050307312005110060070818005281720356170186
02009050307312006101204068217105111670344165179
02009050307312006102623065616304931580335163172
02009050307312006102674077620505711950376188188
02009050307312006103449069217705151710344166178
02009050307312006106187065716404931590334164170
02009050307322006106432075018405661840382192190
02009050307332006105237074819105571800377183194
02009050307342002100793067517804971670330167163
02009050307342003101197076120405571890368185183
02009050307342004100565074319405491830366186180
02009050307342004100778065716304941590335164171
02009050307342006100878069818005181700348178170
02009050307342006105160068018204981680330166164
02009050307342006106768068017505051660339166173
02009050307352003101272058614904371450292145147
02009050307352005101907054014403961360260132128
02009050307352006101282069417705171660351177174
02009050307352006102165069917105281630365187178
02009050307362006102926061515604591530306151155
02009050307362006102950061100000000000303148155
02009050307362006103127062315904641520312156156
02009050307362006105492062216104611560305153152
02009050307372005103100058315304301440286142144
02009050307372005110199056915004191420277139138
02009050307372006101047065018204681510317158159
02009050307372006103604066816705011620339169170
02009050307382003105618077919105881880400201199
02009050307382004101210072918005491820367189178
02009050307382004110172074517905661810385189196
02009050307392006101643072217605461800366185181
02009050307402003110151054215303891330256127129
02009050307402005100590063116004711570314153161
02009050307402005104290058217004121510261137124
02009050307402006102992058116804131470266138128
02009050307402006103267064617104751590316154162
02009050307402006104671057416004141490265138127
02009050307402006106033057815704211410280138142
02009050307412004103299065617104851610324162162
02009050307412004110146058215904231500273139134
02009050307412005100596057300000000000268141127
02009050307412006101209067317105021680334170164
02009050307412006101251059215904331490284143141
02009050307412006104233068718005071700337167170
02009050307412006106316067918004991710328165163
02009050307412006106797057115404171470270138132
02009050307422004102948064916504841600324160164
02009050307422006100880059415804361520284145139
02009050307422006101705059415804361520284145139
02009050307432003104252067117204991700329158171
02009050307432005105117066719204751750300156144
02009050307432006101475060716604411510290146144
02009050307432006102770000015800001480000143000
02009050307442005100114075519905561850371182189
02009050307442005100801067817705011650336170166
02009050307442006102674069818705111700341167174
02009050307442006104400055515204031340269133136
02009050307442006105271054315103921330259129130
02009050307442006106688074819205561810375191184
02009050307452005101635071317505381750363178185
02009050307462003103364075620205541850369187182
02009050307462005100245070417505291790350176174
02009050307462005102969053914603931360257127130
02009050307462005110060053514503901320258000000
02009050307462006101204054214703951370258129129
02009050307462006101735068016505150000000000178
02009050307462006102623053014603841300254127127
02009050307462006102931071918305361820354176178
02009050307462006103449058515504301420288142146
02009050307462006103647068217305091670342171171
02009050307462006106187057315404191440275142133
02009050307462007104169071618305331790354181173
02009050307472004100565071518805271870340175165
02009050307472004100778064415904851630322161161
02009050307472006102959069417405201670353171182
02009050307472006105474057815004281350293141152
02009050307472006105525056015004101360274134140
02009050307472006106432068517505101660344168176
02009050307482003104374076020505551860369184185
02009050307482006105237061816604521520300152148
02009050307502004101210053613803981350263136127
02009050307512006102926052013803821310251127124
02009050307512006102950057714904281400288141147
02009050307512006103127052514403811320249127122
02009050307512006105492053014403860000000000123
02009050307522003105618056914104281470281139142
02009050307522006103016067117704941670327167160
02009050307522006103072067417704971710326167159
02009050307551999100207069018005101720338168170
02009050307552005100138078119705841910393190203
02009050307562005101951066517404911680323160163
02009050307562005103930071818905291770352177175
02009050307562006103052069517705181710347171176
02009050307572004106865070719305141760338168170
02009050307582006100276076220105611870374186188
02009050307582006105939063317404591410318158160
02009050307592003103364066718604811600321159162
02009050307592005101635062015704631560307153154
02009050308002005104253076919605731830390191199
02009050308002006100357071617205441780366186180
02009050308012003101523075319805551830372188184
02009050308012005100114067217804941700324170154
02009050308032004103634066317504881710317159158
02009050308032005100138066816904991750324170154
02009050308032006101995065417204821690313154159
02009050308042003104564070016805321680364178186
02009050308042006100063070817605321720360177183
02009050308042006105750065916304961630333164169
02009050308052007105710067916605131660347173174
02009050308062006103271066417304911620329165164
02009050308072006104157063818804501520298150148
02009050308082005102100066116704941630331163168
02009050308082006106032054914104081380270136134
02009050308092003101697063017804521520300151149
02009050308092004102272075219505571880369184185
02009050308092004110139056414904151420273138135
02009050308092006102280074818605621820380189191
02009050308101999100207064917104781640314156158
02009050308112004106865067818804901710319161158
02009050308112004110242064816904791560323159164
02009050308112005100603068217505071740333165168
02009050308112005102213067316405091700339165174
02009050308112005103930069417905151710344170174
02009050308112005105565068717905081720336168168
02009050308112006101440068216205201640356173183
02009050308112006102190087922806512160435219216
02009050308112006103052063015404761540322158164
02009050308112006104363064817004781560322159163
02009050308112006106677064416604781560322161161
02009050308122004104348072219405281730355176179
02009050308122005101951058514904361430293148145
02009050308122006101290071318505281720356178178
02009050308132001104978067118104901650325165160
02009050308132005100235065618204741640310158152
02009050308132006101919069317405191720347176171
02009050308132006106783066318204811670314160154
02009050308142006105167069717705201770343169174
02009050308152006104088074618405621820380189191
02009050308152007103376072917805511760375185190
02009050308162006101058064316804751610314158156
02009050308182003101523068518904961710325165160
02009050308182003104378068317605071700337168169
02009050308182005102037068117205091700339173166
02009050308182006100278068317105121700342173169
02009050308182006101977069517605191730346176170
02009050308182006105519061516004551520303154149
02009050308182006106133062016104591520307149158
02009050308182006106442070117405271760351171180
02009050308192006100063060615004561500306153153
02009050308222005100855069018605041630341170171
02009050308232004100375066916905001630337165172
02009050308232005102100066116504961610335166169
02009050308232006100384086823306352170418212206
02009050308232006101415081521306021950407197210
02009050308232006106195072319105321750357180177
02009050308232007105261081921606031960407197210
02009050308242005100123065517004851580327163164
02009050308442001103410067216605061700336168168
02009050308442003102847067817205061680338167171
02009050308442005101917067516805071630344169175
02009050308442005103849066317404891640325168157
02009050308442006101984065516704881650323167156
02009050308442006104864074619805481880360177183
02009050308452006100384077219505771930384194190
02009050308452006101641064316404791550324156168
02009050308452006103107077219705751940381191190
02009050308452006103722073818305551780377188189
02009050308462004103243066417104931630330163167
02009050308462006105526066718504821670315167148
02009050308462007102035069218405081680340168172
02009050308462007106638069118405071680339168171
02009050308472006103124070218105211680353169184
02009050308472006103300065617004861640322161161
02009050308472006105054061415204621480314154160
02009050308482005102160055214504071430264139125
02009050308482006103247054714404031420261139122
02009050308492003104900068517205131660347171176
02009050308492004102940069117705141670347171176
02009050308492005104344071117605351740361179182
02009050308492006102501072217805441750369182187
02009050308492006104075070018605141740340167173
02009050308502004100328067416905051660339170169
02009050308502004100520070417905251740351183168
02009050308502004107030052614303831330250125125
02009050308502004109253071218105311790352178174
02009050308502005105672070217805241800344178166
02009050308502006100583079221005821910391196195
02009050308502006101501068217105111700341172169
02009050308502006103141068517205131700343171172
02009050308502006104095056115304081430265138127
02009050308502007100040066916905001650335167168
02009050308502007100752066516904961660330166164
02009050308502007102028066616904971660331166165
02009050308512004105458056315604071330274131143
02009050308512006102446056314804151370278137141
02009050308512006104790053400000000000270132138
02009050308522004101768072618705391760363178185
02009050308522004102270075319705561850371188183
02009050308522005104636059014204481370311151160
02009050308522006102128075200000000000377187190
02009050308532004109256105526007952540541261280
02009050308552004103107073618805481840364188176
02009050308552005102318074019805421800362187175
02009050308562004101255000016500001500000140000
02009050308562006105383069318105121700342172170
02009050308572006102356053613703991320267135132
02009050308572006103113052514503801350245124121
02009050308572006103722058616104251460279139140
02009050308572006104864059616104351530282145137
02009050308582001103410053615303831350248124124
02009050308582004102773069619305031720331164167
02009050308582006101984053515303821320250128122
02009050308582006105899070620005061730333167166
02009050308592005103849055716403931380255134121
02009050309002006105526065319104621620300150150
02009050309002007106638000020100001820000176000
02009050309012006104219062516804571560301150151
02009050309012006104402068618005061730333169164
02009050309012006104907072317105521770375185190
02009050309012007102035073520205331810352175177
02009050309022005101634054615703891360253127126
02009050309022006102273067217504971670330171159
02009050309022006102859067116905021650337170167
02009050309022006103217053915103881340254128126
02009050309022006109223070817705311810350179171
02009050309022007100132086623206341920442211231
02009050309022007103692086321506482060442217225
02009050309032005104344064115704841570327161166
02009050309032006102452064716504821550327162165
02009050309032006103207065316504881640324164160
02009050309032006103239063317404591600299151148
02009050309032006104075064115904821540328157171
02009050309042006102501056614504211360285151134
02009050309042006103107064516704781610317160157
02009050309042006103300057414804261430283146137
02009050309052004101768059214804441430301148153
02009050309052007105880077819205861950391199192
02009050309052007109172077719105861960390199191
02009050309082004103107066215405081630345172173
02009050309082005105514073218605461750371181190
02009050309092004110249064016704731640309156153
02009050309092005102318073318405491830366181185
02009050309092005103778068717305141710343169174
02009050309112004102773071820205161750341172169
02009050309112006105899072120205191780341173168
02009050309122002106491070819205161760340166174
02009050309122006105383063016704631580305152153
02009050309132002102347069617905171750342174168
02009050309132003102511061315404591520307150157
02009050309132006102823059617104251610264146118
02009050309132006105122070618005261730353175178
02009050309132006110099061917304461610285149136
02009050309142004102813081420706072050402203199
02009050309152006102829091727406432180425216209
02009050309162004110041080821305951970398201197
02009050309162005102102080720306041930411206205
02009050309162005102545096925307162390477245232
02009050309192004105318064616504811560325164161
02009050309202004109133071618705291760353176177
02009050309232004110249053614203941370257129128
02009050309242005103778062916304661540312157155
02009050309252002106491067918004991670332167165
02009050309272005105226068616705191600359180179
02009050309272006101285063616004761560320161159
02009050309282004102813058417004141430271135136
02009050309282006102826070718905181760342171171
02009050309282006102829086223306292090420210210
02009050309292006106557072518705381800358181177
02009050309302004110041076719605711880383196187
02009050309302005102102070717605311720359178181
02009050309302005102545080420605982020396198198
02009050309302006103249079720505921970395200195
02009050309312004105318064416604781620316155161
02009050309312006100439071619505211760345176169
02009050309322006101221055815204061430263134129
02009050309322006101386071917905401730367182185
02009050309322006110122069118005111680343170173
02009050309332006104698000000004111390272139133
02009050309402004102813052514603791260253125128
02009050309402006102829079620905871940393195198
02009050309432003110195061914904701500320158162
02009050309432004110041064320304401560284146138
02009050309432005100589065116304881590329160169
02009050309432005102102070116905321730359173186
02009050309432005110111065317104821620320159161
02009050309432006103407065016404861630323163160
02009050309442005102545075719905581850373187186
02009050309442006103249074819605521860366182184
02009050309452006100439056716104061450261134127
02009050309452006101386057816104171420275137138
02009050309452006110122057716104161410275137138
02009050309572005110111062015304671500317157160
02009050309572006103407060215104511480303152151
02009050309582003110195057414604280000000000152
02009050309582005100589064016104791570322157165
