12016041405572009102413064716404831620321160161
12016041405572011106538054314903941400254132122
12016041405572012104194053714103961370259132127
12016041405572013102243052313003931300263128135
12016041405572013103823057916304161530263134129
12016041405572013103915061117204391580281147134
12016041405582008106025052214303791290250123127
12016041405582010104079062617304531560297146151
12016041405582011100294065116904821620320161159
12016041405582011103874052014503751250250122128
12016041405582011104071055615104051430262136126
12016041405582011110054054214903931420251125126
12016041405582012103724051514003751280247121126
12016041405582013102002056314904141550259134125
12016041405582013104209063317504581550303154149
12016041405582013104673056115104101460264136128
12016041405582013105960054715103961420254128126
12016041405592008102251067517105041660338167171
12016041405592009104256075320205511900361181180
12016041405592012103426055115104001410259133126
12016041405592012103946067017104991680331166165
12016041405592012104086069619205041780326165161
12016041405592013102666081522705882070381194187
12016041405592013103760053515603791310248123125
12016041405592013103773070918005291730356180176
12016041405592013104488081321505982100388197191
12016041405592013104859078321905642030361189172
12016041405592013105693077120005711900381189192
12016041405592013106408066017504851640321162159
12016041406002010100707063616304731570316157159
12016041406002010102508059416404301480282140142
12016041406002010104357054915303961420254128126
12016041406002011103837080822105872140373193180
12016041406002011104324065217904731700303155148
12016041406002011104366057215704151500265141124
12016041406002012100592070218505171790338170168
12016041406002013100828069518905061730333168165
12016041406002013102307078021105691980371188183
12016041406002013106022054915603931410252128124
12016041406002013106075069718005171800337170167
12016041406012009106386074321705261960330180150
12016041406012010103791068618505011710330166164
12016041406012010104289074522205231910332171161
12016041406012010105164056114904121540258130128
12016041406012011100364075421905352030332182150
12016041406012011103584075920605531830370189181
12016041406012011103974074120805332050328176152
12016041406012011104063065718004771690308151157
12016041406012012104882068918105081740334171163
12016041406012013101829067918404951620333167166
12016041406012013102037063216504671610306156150
12016041406012013102598066518504801660314158156
12016041406012013102840064817804701680302155147
12016041406012013102879073021005201910329177152
12016041406012013104532074720105461920354184170
12016041406012013105084062916104681610307156151
12016041406012013105236073821605221900332178154
12016041406012013105554063618304531600293142151
12016041406012013105865073719605411810360187173
12016041406012013106167074319005531800373186187
12016041406022010102102066217204901650325164161
12016041406022012104246054615103951400255129126
12016041406022013101007067816905091650344170174
12016041406022013104379069217905131750338172166
12016041406022013104453068117705041710333169164
12016041406032012101064069119105001710329164165
12016041406032012101483068218105011750326165161
12016041406032012103504069819105071720335167168
12016041406032012104105068819204961730323166157
12016041406032012106253068117805031710332168164
12016041406032013103287066117204891600329162167
12016041406042009105705055215803941460248125123
12016041406042011100976067118604851650320160160
12016041406042012103499076219405681930375184191
12016041406042012104672052313703861310255127128
12016041406042012105689065217104811650316159157
12016041406042013100429067018804821650317159158
12016041406042013102849065618504711630308158150
12016041406042013104677063917204671660301160141
12016041406042013105905066316704961670329165164
12016041406042013106060065816904891680321160161
12016041406042013110020052513803871320255126129
12016041406052009106315059616104351490286144142
12016041406052011100016071517805371740363179184
12016041406052012101586067717705001700330166164
12016041406062009101016066817604921650327162165
12016041406062010100698066617204941660328163165
12016041406062011100591051914203771350242123119
12016041406062011103661054814903991380261134127
12016041406062013103725064216104811640317156161
12016041406062013104252065417304811520329155174
12016041406062013105551072218905331820351175176
12016041406072012103376065917004891660323164159
12016041406072012104264057015304171470270139131
12016041406072012105237068118704941730321166155
12016041406072013100483063416304711550316155161
12016041406072013103568070018605141720342170172
12016041406072013105803057115204191470272140132
12016041406072013105850067917005091760333163170
12016041406072013106329064316804751580317156161
12016041406082010101205078120405771950382194188
12016041406082011105890078520505801920388197191
12016041406082011110042069818705111750336170166
12016041406082012100781077920005791940385202183
12016041406082012103189066417004941720322163159
12016041406082012103453065716004971630334164170
12016041406082012104376071019305171740343169174
12016041406082013100689064916904801640316160156
12016041406082013100754071018205281780350178172
12016041406082013102856055214704051430262135127
12016041406082013103489068716705201680352171181
12016041406092011104272062116104601460314156158
12016041406092011104627074418905551850370186184
12016041406102011101922055515104041420262132130
12016041406102011102894068918105081710337170167
12016041406102012102467069820004981690329164165
12016041406102012102691058216704151390276137139
12016041406102013101604078819805902040386198188
12016041406102013104285057415804161480268137131
12016041406112011101046067617704991710328168160
12016041406112011101837073518405511830368180188
12016041406112013101399055615004061400266133133
12016041406112013104853055614804081420266133133
12016041406122011101749078623805481970351183168
12016041406122011105304072919205371830354180174
12016041406122013100904067617105051600345167178
12016041406122013103395070418305211790342177165
12016041406122013104603055415204021440258133125
12016041406132011103584062316804551610294154140
12016041406132011103837055815504031450258133125
12016041406132013101178068017705031720331169162
12016041406132013102164067717505021720330167163
12016041406132013103164073820305351860349177172
12016041406132013104532061216404481530295151144
12016041406132013105865067818804901850305163142
12016041406142009106386056215204101400270138132
12016041406142011100364056215104111460265137128
12016041406142011103974056114904121420270139131
12016041406142013102307069919805011800321169152
12016041406142013102879054515303921330259125134
12016041406142013105236053615003861300256124132
12016041406152012104735065618504711620309157152
12016041406152013102825067516905061700336168168
12016041406152013105261065518604691610308154154
12016041406152013106141061516004551580297152145
12016041406172009104957054815003981400258129129
12016041406172012105277071619205241810343172171
12016041406172013100375073419205421860356182174
12016041406182010104412068418604981720326167159
12016041406192011103800067618004961660330165165
12016041406192012103425064417204721600312154158
12016041406192013101996054014503951350260126134
12016041406192013102812083721506222260396198198
12016041406192013102901052914303861310255124131
12016041406192013104984054714704001400260132128
12016041406202012104110066517004951640331162169
12016041406202013100591068218304991710328165163
12016041406202013100606067418304911650326160166
12016041406202013103190069118205091700339168171
12016041406202013104246070418705171740343171172
12016041406212011102464065917204871600327162165
12016041406212012105538057215704151460269138131
12016041406212013101710066218004821700312163149
12016041406222011100016067016205081610347171176
12016041406222011102545068118404971710326164162
12016041406222012100358061216504471520295155140
12016041406222012104144069717005271710356178178
12016041406222013105472076020205581920366186180
12016041406232013103486065716804891620327161166
12016041406232013106315068117305081720336169167
12016041406242011100943065917904801610319157162
12016041406242011103483063817304651630302153149
12016041406242013104608065916604931690324162162
12016041406252010104983057316104121490263133130
12016041406252013102674066017104891660323163160
12016041406252013102949069217505171750342172170
12016041406252013104058067718204951740321164157
12016041406252013104228064015704831620321162159
12016041406252013105369068218005021690333167166
12016041406252013105908073019605341820352177175
12016041406252014106144072019405261790347175172
12016041406262010104979071020805021860316167149
12016041406262013103234067717105061660340184156
12016041406272011104725076420705571920365184181
12016041406282012101690061215304591510308150158
12016041406282013105937064717104761590317152165
12016041406292010105824067818704911700321162159
12016041406292013100632067617105051690336167169
12016041406292013105355063516004751550320158162
12016041406302012100231065218004721630309155154
12016041406302012104772069818605121770335163172
12016041406312012102017065317204811600321160161
12016041406312013104201070919605131660347171176
12016041406312013104643069818705111690342173169
12016041406312013105587067317205011740327164163
12016041406312013105757066518004851640321164157
12016041406312013106317064616404821650317155162
12016041406312014100813067616305131730340171169
12016041406322013101533067217404981760322164158
12016041406322013103648067117604951690326165161
12016041406332011103362065416704871630324161163
12016041406332012103931068119304881690319161158
12016041406342012100991073819205461830363180183
12016041406342012104367085424506092110398205193
12016041406342012104648067217404981630335163172
12016041406342013105561074719005571860371190181
12016041406342013106137077420805661970369187182
12016041406352010200007076822305451960349182167
12016041406352012101431065617804781690309158151
12016041406372012105793068516905161650351177174
12016041406392013104873054914404051440261129132
12016041406402009105000071018505251790346174172
12016041406412013101595065318204711670304157147
12016041406432009105009064016504751700305154151
12016041406432011106292068717505121690343174169
12016041406442006102741065617104851580327161166
12016041406442012103730058715704301520278145133
12016041406442012104772055915204071470260134126
12016041406442013104121071518605291740355177178
12016041406442013105757060315704461540292144148
12016041406452012102017065917104881640324163161
12016041406452012104067075219005621910371189182
12016041406452013104738064816704811600321154167
12016041406452013106317065416804861610325162163
12016041406472011106377061816204561550301151150
12016041406472013100328061216204501660284154130
12016041406472013102190062817104571610296151145
12016041406472013104651085321106422240418206212
12016041406472013104785064317004731660307156151
12016041406472013105246063317604571680289145144
12016041406472013105718061316404491600289147142
12016041406492011105806065416904851640321163158
12016041406492013106202067617605001700330165165
12016041406532011104855069918805111720339170169
12016041406532011105078064816304851690316162154
12016041406542012104504069117505161690347172175
12016041406552010100784073219405381940344181163
12016041406552012106275065717804791590320159161
12016041406562009104150073320805251940331175156
12016041406562010100121069919605031780325166159
12016041406572010103256070019405061780328167161
12016041406572012100531063516104741630311154157
12016041406582010100880068418205021700332166166
12016041406582011105395074321405291730356172184
12016041406592011101882074820405441890355183172
12016041406592011105911068418305011740327166161
12016041406592012103439080422605782060372184188
12016041406592013103711068116905121680344174170
12016041407002011105916070018405161800336171165
12016041407002012104696067617205041700334166168
12016041407172010101478055714804091450264141123
12016041407182011103364054314503981380260126134
12016041407182012101205054515503901350255125130
12016041407182013102921053814903891370252126126
12016041407192011105992059015904311630268146122
12016041407222013105877086823006382200418209209
12016041407232013103346077520805671980369186183
12016041407242010100222053314303901360254125129
12016041407252013101220075018205681990369185184
12016041407262010104954053715203851380247125122
12016041407262011103794056815304151490266139127
12016041407282012101337054414903951410254129125
12016041407282013102336068617205141830331166165
12016041407282013104803064516604791640315160155
12016041407282013105413054014903911390252127125
12016041407282013105948053114603851390246125121
12016041407292009103377054513704081380270136134
12016041407292012104401064015904811640317157160
12016041407292013103135066517604891600329163166
12016041407302013104908063815504831570326160166
12016041407312012104987065917904801730307155152
12016041407322011101138055616003961430253127126
12016041407332013101736055115203991350264129135
12016041407332013105437072618705391810358178180
12016041407342009104150058516604191480271147124
12016041407352012105931071718705301780352176176
12016041407382011102236071821705011760325161164
12016041407422010104985060717004371410296138158
12016041407462009106246066817704911650326161165
12016041407482013106455068919604931710322162160
12016041407512012100997066817704911680323163160
12016041407512012103479067718004971720325166159
12016041407522013105965070118405171760341174167
12016041407542013105828056817503931470246122124
12016041407552011103132066217604861680318158160
12016041407562011102532072919805311850346176170
12016041407562013103746066417904851690316155161
12016041407562013105882068118704941790315159156
12016041407562013110075066017304871750312159153
12016041407562014102689067618604901730317160157
12016041407562014104139067518704881730315161154
12016041407572013102983073618805481860362183179
12016041407592011105062066916905001680332169163
12016041407592013101336069317805151660349171178
12016041408002013105348081121705941980396193203
12016041408042013105521069217705151730342168174
12016041408102012105033066917904901730317162155
12016041408102013105510070717905281710357177180
12016041408122013101395077921105681890379186193
12016041408122013104366073120205291930336175161
12016041408142011102872055114604051380267132135
12016041408142011104713064717104761600316158158
12016041408142012102092063317004631650298151147
12016041408172009102469059016204281560272144128
12016041408172012101184071419605181840334172162
12016041408182011105931065517204831650318157161
12016041408202013103390070419405101860324166158
12016041408222011104456063616404721590313150163
12016041408222014106137065116904821640318159159
12016041408222014106235065017004801640316157159
12016041408232010102263071323004831700313155158
12016041408232010105877078623005561990357182175
12016041408232011101188077319305801950385193192
12016041408232012101073073618605501830367184183
12016041408232013100900079322605672000367191176
12016041408412011103872054014303971400257133124
12016041408412012105205053014603841340250126124
12016041408412013102575053114003911400251130121
12016041408422011102008054615003961390257132125
12016041408422011102255065717104861680318159159
12016041408422011104076064416604781520326164162
12016041408422012104153073619705391860353177176
12016041408422013101223057816404141610253128125
12016041408422013102295070617805281770351178173
12016041408422013103476056616104051550250128122
12016041408422013105847070018105191730346173173
12016041408432011104139065917304861720314155159
12016041408432013102310066416504991660333168165
12016041408432013103050069917605231750348175173
12016041408442013104337065116904821580324161163
12016041408452011104182065618704691720297154143
12016041408452013103447065816804901640326164162
12016041408462009105738064716404831650318159159
12016041408472010104111064916204871610326160166
12016041408472012100989067817605021670335167168
12016041408472012106132053614003961310265134131
12016041408472013104314068319404891730316160156
12016041408472013106118056815104171430274139135
12016041408472013110002060515604491470302152150
12016041408482010101326071818405341760358173185
12016041408482012100079072119905221800342173169
12016041408482012110097066718104861550331161170
12016041408482013100057068817305151690346171175
12016041408482013110013068818005081730335169166
12016041408492011100552064516504801620318164154
12016041408492011103554063016904611600301152149
12016041408502011105849059016004301460284141143
12016041408502013103115073519805371840353172181
12016041408522012104431070017605241800344171173
12016041408542012105414052915003791320247122125
12016041408562013104027066016804921710321166155
12016041408572009105023058016504151480267139128
12016041408572013103621065116904821560326163163
12016041409002009106464000019400001820000174000
12016041409002011101081068317105121750337172165
12016041409002011104091066916905001690331167164
12016041409002011110041066218004821640318157161
12016041409012009104164069719505021750327166161
12016041409022012103572073118405471800367184183
12016041409202013106334055014104091280281133148
