12007102003582004103409074221605261860340174166
12007102003582005103482074421705271850342175167
12007102003592000107111074919405551930362185177
12007102003592002100699070619105151830332169163
12007102003592003102125080720406032000403202201
12007102003592003102205078621305731940379192187
12007102003592003102513068518105041710333169164
12007102003592005104129075619305631810382187195
12007102003592005105393070218905131750338171167
12007102004002001103178062916704621560306000000
12007102004002001103389000000000000000000000000
12007102004002001103452064517804671620305155150
12007102004002002100954067118504861670319159160
12007102004002003102636065918404751630312159153
12007102004002003102803064317604671650302153149
12007102004002003102820069219304991680331170161
12007102004002003102943068117705041750329169160
12007102004002004100879070719305141750339171168
12007102004002004102753072020005201800340179161
12007102004002004103722071419905151810334168166
12007102004002005100797068518205031680335170165
12007102004002005102121069519105041740330171159
12007102004002005102255075521005451890356181175
12007102004002005102358071118705241780346175171
12007102004002005102649078721005771940383196187
12007102004002005103485072119905221720350168182
12007102004002005110065075420105531910362184178
12007102004002005110068071017605341750359180179
12007102004002005110102079920405952020393198195
12007102004011997103474082822106072010406205201
12007102004012001110211079221105811890392200192
12007102004012003101859067816805101640346168178
12007102004012003102952076420105631880375190185
12007102004012003105102079222105711890382190192
12007102004012004100467073018905411780363183180
12007102004012004104593072618905371800357181176
12007102004012004105652065418204721660306156150
12007102004012005101791077620905671900377191186
12007102004012005106425065218204701690301153148
12007102004012005107061077721005671900377191186
12007102004012005110073064217204701620308156152
12007102004022002105959053513603991300269131138
12007102004022003103005063517304621570305153152
12007102004022004102850000000005932010392200192
12007102004022004105212079920705922050387194193
12007102004022004105764077419805761860390195195
12007102004022005101072081121305981980400203197
12007102004022005102165077320705661870379190189
12007102004022005106029076920605631890374187187
12007102004022005106266072519605291660363176187
12007102004032002100997062519404311630268139129
12007102004032003104182076820505631890374187187
12007102004032004102834063119104401650275140135
12007102004032004102929072719205350000000000173
12007102004032004103121072419905251800345176169
12007102004042001100294074019505451940351177174
12007102004042001103072075820905491940355182173
12007102004042002101002077121705542000354182172
12007102004042003102955075921805411960345184161
12007102004042004103096000000000000000351178173
12007102004042005100605071318305301750355177178
12007102004042005103307069418705071640343175168
12007102004042005104120080321505882100378192186
12007102004042005110042076821605521970355182173
12007102004052002107237074520005451950350181169
12007102004052004102862075921305461940352179173
12007102004052005105859068717905081720336166170
12007102004052005106955074720305441860358180178
12007102004052005110036073820005381810357176181
12007102004062001103435071019205181760342169173
12007102004062002106896071319405191820337170167
12007102004062004106754074918405651830382190192
12007102004062005102578072718805391770362180182
12007102004062005103112072119505261820344174170
12007102004062005103576067415105231590364185179
12007102004062005103851072019405261830343174169
12007102004072005105857071119405171810336171165
12007102004092002103409063816504731520321160161
12007102004092002106410068918705021710331169162
12007102004102001103725070317805251770348175173
12007102004102002106778072320105221700352179173
12007102004102003103164067117404971650332168164
12007102004102005102876068317705061730333171162
12007102004102005104124070419105131780335168167
12007102004102005105967070218905131780335168167
12007102004112002106706070017705231700353179174
12007102004112003100693079220305891960393198195
12007102004112005102145076520105641920372187185
12007102004112005106388075619405621900372187185
12007102004122000107111070118505161770339175164
12007102004122005105681074019405461820364187177
12007102004122005110028072018705331800353182171
12007102004132003102125080420705972060391200191
12007102004132003102205070618605201780342172170
12007102004132005110068073817905591770382187195
12007102004141997103474070517805271780349174175
12007102004142004100467071618905271710356179177
12007102004142005102793076820605621940368187181
12007102004142005103484072218605361830353179174
12007102004142005106488071918205371830354180174
12007102004142005107035076720405631950368186182
12007102004152003105102060115604451470298142156
12007102004152004102742073818805501810369179190
12007102004152005101791072918905401790361181180
12007102004152005107061073018805421800362181181
12007102004152005110065075019305571840373186187
12007102004162004105764076819305751980377192185
12007102004172001100237079621305832020381193188
12007102004172003102737075020205481850363178185
12007102004172005110172076519605691940375188187
12007102004192002100699068100000000000000000160
12007102004192004100879069318505081730335171164
12007102004212004104321077519905761950381194187
12007102004221999100643072618905371820355179176
12007102004222003104130076319905641880376185191
12007102004222004100940000000005631930370180190
12007102004222005100489084022606142070407205202
12007102004222005100698070918105281790349178171
12007102004222005102857073018405461840362183179
12007102004222005105708072319205311820349177172
12007102004222005105866077019605741910383193190
12007102004222005106901079921905801910389201188
12007102004232003106133073619705391850354178176
12007102004232004110033070318405191760343178165
12007102004232005100573074919605531860367182185
12007102004232005101710074117905621820380194186
12007102004232005105711075219505571870370181189
12007102004232005106458069418505091720337171166
12007102004252001100086072719605311740357180177
12007102004252003102969075321105421900352180172
12007102004262001103357070619105151690346174172
12007102004262001106765071719505221700352178174
12007102004262003105205075320505481860362185177
12007102004262005103242069719804991720327173154
12007102004262005104214071418405301870343182161
12007102004262005106399071719205251820343171172
12007102004272000100397069018105091700339172167
12007102004272002103175071717805391800359185174
12007102004272003106135074819905491890360180180
12007102004272003110029067016905011700331166165
12007102004282000107570070923504741740300151149
12007102004282003100652073318905441790365180185
12007102004282005105530073119505361830353177176
12007102004292001106147074718805591850374191183
12007102004292002107011075420505490000000000174
12007102004292003106621076720705600000000000000
12007102004292005100115067516905061650341168173
12007102004302003104983071319305201740346174172
12007102004302003110119075519405611830378187191
12007102004302004100063064715204951470348166182
12007102004302005105048076619905671870380187193
12007102004312002100600081221106011990402203199
12007102004312004102742072318305401760364179185
12007102004312004103111069918805111760335169166
12007102004322000103085072719205351840351178173
12007102004322003101748073119605351870348181167
12007102004331998100440090523906662260440224216
12007102004342003106813073021305171820335000000
12007102004342005101849069917205271710356174182
12007102004342005110067074319305501850365181184
12007102004362001103040060817204361500286147139
12007102004362003110110069218505070000000000162
12007102004372002102265081722505922000392198194
12007102004372005101586080621005962010395202193
12007102004372005102042080320805952010394201193
12007102004382005101102071418905251820343171172
12007102004382005102081085322906242090415213202
12007102004382005102801081220006122060406210196
12007102004382005104235081019606142050409212197
12007102004392005101448093723407032390464237227
12007102004392005104591094423607082390469238231
12007102004392005105377082721706102100400203197
12007102004402003106685078421205721980374193181
12007102004402004100833071519505201780342173169
12007102004402005100916070819305151800335170165
12007102004402005101921085222706252050420205215
12007102004402005102321071819205261770349176173
12007102004402005104765070719205151800335169166
12007102004402005104997074919405551880367184183
12007102004402005105406078220705751940381194187
12007102004402005109069072119505261770349176173
12007102004412004106870083422006142080406203203
12007102004412005100519079520605891900399193206
12007102004412005102802079820705911900401195206
12007102004412005109072079621005861940392192200
12007102004422002100027072518305421750367182185
12007102004422002104849083023105991950404203201
12007102004422003102906085222306292080421212209
12007102004422005102470000000006162110405204201
12007102004422005105952076422205421890353182171
12007102004432000110171078721005771910386194192
12007102004432005102551000000000000000374000000
12007102004432005109191075820605521890363185178
12007102004442003110119073819505431800363182181
12007102004442004100686075720305541860368185183
12007102004442005100115068616305231650358177181
12007102004452001106157072817705511830368000000
12007102004452002103543070618505211820339167172
12007102004452004105936072017705431750368186182
12007102004452005100783070418405201720348168180
12007102004452005101737081521705982090389197192
12007102004452005102501077120205691890380191189
12007102004452005103355077120105701890381192189
12007102004452005103772000000006362160420212208
12007102004452005104302074619005561870369186183
12007102004452005105957083825305851940391197194
12007102004452005106265081923005892060383191192
12007102004462001101762070517305321720360181179
12007102004462002102252064516704781560322156166
12007102004462005100721074019205481840364183181
12007102004462005103770083122206092000409203206
12007102004462005104278083822706112010410204206
12007102004462005105907078819905891890400195205
12007102004472004103679072119305281790349178171
12007102004472004104762070018705131750338174164
12007102004472004105217074200000000000000000180
12007102004472005102927073819905391840355177178
12007102004472005103592073619705391830356177179
12007102004472005105581072818705411800361177184
12007102004472005106527073118405471790368186182
12007102004482000102263066215905031590344167177
12007102004482002102283078618106051990406211195
12007102004482003102292089224006522180434215219
12007102004482004104975093427006642320432227205
12007102004482004109049088423306512200431218213
12007102004482005100170086022806322150417212205
12007102004482005101629085322006332150418211207
12007102004482005101648075000000000000366182184
12007102004482005105208078919405952050390202188
12007102004482005105769080019406062050401213188
12007102004482005106508075419905552140341181160
12007102004492002110207070319305101760334000000
12007102004492003101938071820005181790339172167
12007102004492003104089077020405661990367192175
12007102004492003104910072921405151840331174157
12007102004492003107211068819004981750323164159
12007102004492003109301000000005021780324168156
12007102004492005102584070720605011740327169158
12007102004492005105122071019005201770343173170
12007102004492005105944069620004961750321164157
12007102004492005106704084226405782080370191179
12007102004502001107391076920405651960369187182
12007102004502002110010065416404901590331171160
12007102004502003105386081623405822050377190187
12007102004502003110087071719405231750348177171
12007102004502005103805078120005811920389191198
12007102004502005110067075119305581860372185187
12007102004512004102748081220206102120398204194
12007102004522003102403076920605631900373190183
12007102004522003106491075321105421890353179174
12007102004522005101461064818304651670298157141
12007102004522005104694065517904761770299158141
12007102004532003104610077521905561960360185175
12007102004542004104112074922505241900334172162
12007102004542004110205074319705461880358181177
12007102004552003101633074019005500000000000185
12007102004552005103311067417704971640333166167
12007102004552005103520077720805691880381191190
12007102004552005104597077520505701890381192189
12007102004552005104962074919905501850365185180
12007102004552005105718075120005511820369188181
12007102004552005105757075920605531810372186186
12007102004562003104883066518804770000000000150
12007102004572001101743074519505501770373186187
12007102004582002103740080520306021940408204204
12007102004582002103870072521105141810333166167
12007102004582005104276073218805441810363187176
12007102004582005106006066916105081630345175170
12007102004582005106489075319705561890367183184
12007102004582005110122069417205221630359177182
12007102004592001101762069319305001720328166162
12007102004592002102126061518604291560273140133
12007102004592004105650071418705271800347175172
12007102004592005100158070617705291710358173185
12007102004592005102869071718505321790353177176
12007102004592005103164070618705191740345174171
12007102004592005103661072617105551870368187181
12007102004592005104123074820805401820358175183
12007102005002002100810073619105451830362182180
12007102005002002101755080323005731900383000000
12007102005002005103772081724105761850391193198
12007102005002005104793068918005091740335167168
12007102005002005105957075720605511900361184177
12007102005002005106265076821005581900368186182
12007102005012002103110066117304881650323159164
12007102005012005100170080020405961910405198207
12007102005012005101629075619205641890375190185
12007102005012005104944078119805831950388191197
12007102005012005105201072319505281820346171175
12007102005012005105208077220205701940376192184
12007102005012005105306071018205281750353176177
12007102005012005105391071719205251800345173172
12007102005012005105769074418705571940363185178
12007102005022003102418076519905661920374186188
12007102005032003101751065917904801680312159153
12007102005042000101437069118205091710338173165
12007102005042003102292076320205611870374191183
12007102005042004104975082422905951990396196200
12007102005042004109049080521705881980390195195
12007102005042005101678000000005331830350174176
12007102005051999106614080621305931950398201197
12007102005052001100280075119805531930360181179
12007102005052002106183069620204941690325158167
12007102005052004101271086923606332160417216201
12007102005052004103411071416705471780369185184
12007102005052004105818076320305601850375181194
12007102005052004109279072517405511750376188188
12007102005052005103769078420705771920385196189
12007102005052005104755074118805531840369187182
12007102005062003104610069219904931740319170149
12007102005062004100972070216405381680370175195
12007102005062004101663070817905290000000000182
12007102005062004101874075921305461880358181177
12007102005062004104537066015405061620344171173
12007102005062004105022075019105591840375183192
12007102005062004105025079620605901950395196199
12007102005062005101125071218505271830344168176
12007102005062005104195069517905161820334162172
12007102005062005106180000000005341840350173177
12007102005072003104941067217404980000000000164
12007102005072005100378076620305631850378191187
12007102005072005101851072417605481800368183185
12007102005072005106108072619805281810347178169
12007102005082005105912073619605401820358184174
12007102005092005103114074720005471860361180181
12007102005092005106483074719905481860362180182
12007102005102002102671071119805131750338168170
12007102005102004103199078820805801980382195187
12007102005102004106761069517705181710347171176
12007102005102005102417070117605251770348172176
12007102005102005104123068218005021740328166162
12007102005102005106489070418305211740347173174
12007102005112004102382073919405451770368186182
12007102005122003100996069519005051680337167170
12007102005122004103871075320705461860360187173
12007102005122005101111084222606162110405204201
12007102005122005101128083622506112100401204197
12007102005122005103144082722706002000400201199
12007102005122005103276083322506082120396196200
12007102005122005103389085022506252130412203209
12007102005122005103706078521905661900376193183
12007102005132001100707077220705651950370186184
12007102005132003102189067415105231550368176192
12007102005142001106643073918905501740376188188
12007102005142004101377070418005241670357180177
12007102005142005100955070617505311810350177173
12007102005142005101559076719305741850389192197
12007102005142005103486075620705491860363184179
12007102005142005103722074020905311850346176170
12007102005142005104699070817605321800352179173
12007102005152002103379065917904801660314160154
12007102005152003107140073120605251840341174167
12007102005152004102882080321805852050380196184
12007102005152005101396080722205851970388194194
12007102005152005103663080722105862020384194190
12007102005152005103665074717405731780395192203
12007102005162003109161084022406162050411206205
12007102005172000101434072019405261720354178176
12007102005172004105817076120205591840375191184
12007102005172005101570072419605281760352176176
12007102005172005101574072319605271750352176176
12007102005172005102381079320905841960388198190
12007102005172005105911078420705771960381196185
12007102005172005106373079420905851960389199190
12007102005181999106614071817405441780366185181
12007102005182002109034070017005301810349178171
12007102005182005104135071318305301700360178182
12007102005182005106121072217905431760367180187
12007102005182005106599072418305411780363180183
12007102005192001103454078300000000000395198197
12007102005192002104082078219405881930395199196
12007102005192004101271082222405982100388200188
12007102005192004105025066618704791660313160153
12007102005202003101506075621905371870350177173
12007102005202003102102082320006232050418210208
12007102005202005103989084724805992050394198196
12007102005202005104269074319405491840365184181
12007102005202005105407072716705601940366193173
12007102005202005105970067617105051620343171172
12007102005211999106730076921405551940361186175
12007102005222003101322083222606062010405201204
12007102005232005101123073919805411840357178179
12007102005242004102382068218504971630334166168
12007102005242005100227069116705241590365172193
12007102005242005104227071218405281800348178170
12007102005252002100093074219805441860358186172
12007102005262002107244077318705861860400197203
12007102005262004101780075219305591880371185186
12007102005262004104138073118805431890354177177
12007102005262005100326069517105241640360170190
12007102005262005102796077320005731900383189194
12007102005262005103907069417205221620360171189
12007102005272003104338073319705361810355180175
12007102005272005105945072320005231800343172171
12007102005282002100900067516305121710341172169
12007102005282002106774077418705871880399195204
12007102005292004103160070019005100000000000169
12007102005292004105107073317505581730385185200
12007102005292005102569000000005111730338168170
12007102005292005103665074918305661760390190200
12007102005292005109005000000005331760357177180
12007102005312000100764066417804861670319160159
12007102005312004110051072718905381850353176177
12007102005312005101782072418105431760367182185
12007102005312005105615075619605601860374186188
12007102005312005105635000000006192060413209204
12007102005312005105958074419005540000000000186
12007102005312005105988085023006202070413207206
12007102005322005103641075118805631860377189188
12007102005322005104982088625806282290399207192
12007102005372004101364062719104361660270142128
12007102005372005100389069520904861690317159158
12007102005392003105422081320406092000409201208
12007102005392003106085072720105261800346179167
12007102005392004105013076821405541910363185178
12007102005392005102657059117604151410274133141
12007102005402002100093072318705361870349176173
12007102005402003103773085828205762200356186170
12007102005422003100691063916104781510327166161
12007102005422005110007070519705081740334166168
12007102005442005100803074820705411850356180176
12007102005442005101499072318305401820358176182
12007102005442005101918081221605962060390197193
12007102005452004100942060518904161520264134130
12007102005452004101467070822004881760312158154
12007102005452005100367071519605191740345172173
12007102005452005105205073519205431790364182182
12007102005452005105455069017905111720339172167
12007102005462004100730071519405211780343173170
12007102005462004106737066518004851680317161156
12007102005462005101329071517505401720368184184
12007102005462005104094082320606172020415208207
12007102005472005105500067919004891660323163160
12007102005472005106366071219005221790343171172
12007102005472005106694070718605211800341170171
12007102005482004110038071817105470000000000192
12007102005492002106027070418905150000000000000
12007102005502003106302072920105280000000000177
12007102005512001103271079019505951920403201202
12007102005512002102223079820305951940401202199
12007102005512004100592082521806072050402203199
12007102005512004102801075419405601850375187188
12007102005512005100234073720705301820348179169
12007102005512005102643073420605281810347179168
12007102005512005102655073620905271800347181166
12007102005522000107414068617605101730337170167
12007102005522004104912073622405121820330164166
12007102005542003109121070718505221730349176173
12007102005552002106774068117805031680335171164
12007102005552005103296073717705601810379190189
12007102005552005106123080321005932020391197194
12007102005572001100385000000005481840364179185
12007102005572003106392072619805281800348170178
12007102005572005101581069716905281740354172182
12007102005582002100969069219804941750319162157
12007102005582005102473073718805491790370181189
12007102005582005106636069816605321840348178170
12007102005582005106690078720005871910396192204
12007102005592004101880068917305161690347171176
12007102006002001110220069716305341720362186176
12007102006002002106482068417105131680345175170
12007102006002004101651063615904771600317160157
12007102006002004103073067617205041720332164168
12007102006002004110017065817404841620322162160
12007102006002005101799070218705151810334169165
12007102006002005102197070219305091790330170160
12007102006002005102307066616405021590343000000
12007102006002005102733068017305071690338164174
12007102006002005110054068818904991710328164164
12007102006002005110148063414404901640326164162
12007102006012001100877069018105091760333168165
12007102006012004103617073419805361820354178176
12007102006012005105614071917905401740366185181
12007102006012005106584072118405371760361178183
12007102006022001106447085123806132160397204193
12007102006022004100194079619006061870419212207
12007102006022004100883067216905031670336179157
12007102006022004103154059116504261600266140126
12007102006022004105648069818905091580351169182
12007102006022005100344070718405231750348175173
12007102006022005105193067617405021700332171161
12007102006022005105388071518805271810346169177
12007102006031999105579073819705411870354181173
12007102006032000100299078720105861970389194195
12007102006032003104070066017604841600324158166
12007102006032003106278072118905321780354183171
12007102006032003107285066300000000000000000000
12007102006032004103466066417704871620325162163
12007102006032004103725073120105301860344175169
12007102006032004105048074219305491810368180188
12007102006032004106985065117904721660306157149
12007102006032004110234077919205871920395197198
12007102006032005103089071618505311730358185173
12007102006032005110218073318605471890358181177
12007102006042003105673064616504811610320155165
12007102006042005103346065517704781670311158153
12007102006042005105865070119305081760332169163
12007102006042005110198067319304801670313157156
12007102006052001103271064219404481510297147150
12007102006052002101012060118104200000000000138
12007102006052002102223075319505581860372189183
12007102006052003104074070317905241720352171181
12007102006052005102975070723104761730303156147
12007102006052005105983075920305561860370183187
12007102006052005106231059717804191490270134136
12007102006052005106979067917705021640338168170
12007102006062002105559068717905081700338166172
12007102006072002106403088723906482250423214209
12007102006082000103352071818505331720361186175
12007102006082004101200073820105371790358181177
12007102006082005100368073420505291810348178170
12007102006082005106041073520505301820348177171
12007102006092004105020064915004991570342167175
12007102006092005104121067217404981670331167164
12007102006102004106590063615404821500332156176
12007102006112001104608074118605551820373186187
12007102006122005103317074619705491880361180181
12007102006122005106173083322306102070403200203
12007102006122005110080075219805541870367182185
12007102006132003101933065115704941580336168168
12007102006142001109085074418605581880370187183
12007102006142002106393066416704971610336170166
12007102006142004103617067817904991670332167165
12007102006162000100299064519004550000000000124
12007102006162002102505072019805221750347177170
12007102006162002105613073721205251930332175157
12007102006162002106740068519004951690326158168
12007102006162003102472063516504701470323158165
12007102006162003107361069319005031720331165166
12007102006162005106249068117305081680340167173
12007102006172003107269075920905501870363183180
12007102006172004103904073119105401730367185182
12007102006182001100065064716504821640318156162
12007102006182003105534073418805461820364181183
12007102006182004107244070418605181750343171172
12007102006182005101435068818005081710337166171
12007102006182005104595067817405041650339166173
12007102006192000103344069417905151670348175173
12007102006192000106111069118305081710337168169
12007102006192002103112065117904721570315155160
12007102006192002103895069818805101790331168163
12007102006192003103041072018105391690370195175
12007102006192004103126077920405751970378195183
12007102006192004104287069717405231600363170193
12007102006192005100272066217704851640321162159
12007102006192005100331064616204841590325162163
12007102006192005104980063915504841560328155173
12007102006202000110259071617205441730371179192
12007102006202004100320070517605291750354178176
12007102006202005106505000000005451860359182177
12007102006202005110025072919105381880350179171
12007102006212002106403075318805651920373189184
12007102006212005101630070919205170000000000174
12007102006242002100783067217504971560341164177
12007102006242005101365064317304701650305156149
12007102006242005103539064317404691650304155149
12007102006242005106485000016600001760000178000
12007102006252000103767066116904921620330165165
12007102006252002101336074719005571800377188189
12007102006262004103323063416504691600309151158
12007102006272003106779063716604710000000000156
12007102006272005100427070719005171720345164181
12007102006272005106116069417905151710344170174
12007102006272005106337067117204991660333164169
12007102006282001101529070817305351710364178186
12007102006282004101505066216404981650333168165
12007102006282004102943067418004941650329165164
12007102006282004106033068117905021760326162164
12007102006292002102505067518204931640329164165
12007102006292003100590075619105651900375187188
12007102006292004105972069819005081760332169163
12007102006302000106609074619105551830372185187
12007102006302003105472071618505311750356178178
12007102006302005102289071718305341830351178173
12007102006302005102660070617905271800347177170
12007102006302005103163072020405161800336170166
12007102006302005104211071420205121770335169166
12007102006312003107269074321005331850348176172
12007102006322000106436080523005752010374195179
12007102006322001104249074221105311900341181160
12007102006332003102053067517704981700328165163
12007102006332005100459068217105111700341169172
12007102006342003104383067417804961650331164167
12007102006492003102710056915004191330286138148
12007102006502001105278060815704511500301149152
12007102006502002106785069918305161730343171172
12007102006502003104869067016905011690332167165
12007102006502004102759067216805041580346168178
12007102006502004106018063917004691600309156153
12007102006502005101293072519205331860347171176
12007102006502005101521071619505211840337173164
12007102006502005101723074920205471870360173187
12007102006502005102455067716805091570352177175
12007102006502005102626067717005071540353174179
12007102006502005104835068617805081680340170170
12007102006502005104882071719505221830339175164
12007102006502005105380067716705101590351175176
12007102006502005106481069618605101730337168169
12007102006502005110098067317205011640337165172
12007102006512002106338063315704761590317156161
12007102006512003103043067016405061640342166176
12007102006512005100817070117705241780346171175
12007102006512005101863069518205131720341167174
12007102006512005103219070117505261730353177176
12007102006512005105009069318305100000000000176
12007102006512005106013070419205121740338166172
12007102006512005106898077622105551950360178182
12007102006522002100694074219905431900353178175
12007102006522005100862000018700000000000000000
12007102006522005101133072518505401820358179179
12007102006522005101584070118405171710346168178
12007102006522005102804069718405131680345167178
12007102006522005104452071717705401840356178178
12007102006522005106012072618605401810359181178
12007102006522005106725071717705401840356178178
12007102006532001104952066516704981640334165169
12007102006532003100590060015304471460301151150
12007102006532003101046070918905200000000000167
12007102006532003101993000000005180000000000164
12007102006532004101854067317105021650337162175
12007102006532004103010063117504561690287157130
12007102006532004103279062616604601650295159136
12007102006532005102530066118604751650310160150
12007102006532005102550066520704581720286154132
12007102006532005105060065117904721620310156154
12007102006532005106141065417204821590323158165
12007102006532005109177069017505151760339172167
12007102006542000106609059414904451450300147153
12007102006542002104091071619305231730350176174
12007102006552003103338072921205171760341172169
12007102006552004109131072219005321700362180182
12007102006552005105184066116704941650329163166
12007102006562003103755078519505901970393202191
12007102006562003105574101026907412630478245233
12007102006562004101920075820505531900363185178
12007102006562005101444090524706582290429221208
12007102006562005101447090424706572280429221208
12007102006562005102653069718105161710345170175
12007102006562005103494100126007412590482250232
12007102006562005105831069217605161710345171174
12007102006572002101470072317605471850362188174
12007102006572005102253071218105311800351177174
12007102006572005103976071218105311790352177175
12007102006572005105147082521706082040404205199
12007102006582002102706072421805061900316160156
12007102006582003100301070720205051740331169162
12007102006582004103187076719605711880383191192
12007102006582005100925072219305291750354176178
12007102006582005101126072820205261880338172166
12007102006582005103222079621505811930388196192
12007102006582005103427079121505762010375191184
12007102006582005104634069917705221720350176174
12007102006582005106259068917905101780332167165
12007102006582005106325077020105691910378192186
12007102006592002103901068217605061650341170171
12007102006592003102680067217304991640335165170
12007102006592003103121069217805141640350176174
12007102006592005100888067716305141660348176172
12007102006592005104527065615605001590341163178
12007102007002002105232068718705001690331166165
12007102007002003103442072621205141780336168168
12007102007002003106363000000005061650341169172
12007102007012003103182069117505161750341166175
12007102007012005102132080521405912110380189191
12007102007012005102477076719705701960374191183
12007102007012005102701077220805641880376188188
12007102007012005105373071118605251770348174174
12007102007022004102290063116204691550314157157
12007102007022004110005067718504921690323164159
12007102007022005102218067718304941690325165160
12007102007022005103236067618004961690327166161
12007102007022005105857068118105001720328166162
12007102007032002100940073718705501840366185181
12007102007032004104075071921705021740328169159
12007102007032004104143069319105021720330168162
12007102007032004105219068718804991660333168165
12007102007032005106284068718505021710331167164
12007102007042003100656068517105141670347176171
12007102007052004110114066417204921660326164162
12007102007062000101376067416205121670345172173
12007102007062002100694064117504661590307157150
12007102007062002100927065318004731560317154163
12007102007062004100200069919205071750332166166
12007102007062005101363067817305051680337168169
12007102007062005102283000018400001840000167000
12007102007062005104932067717205051680337168169
12007102007062005105631065217104811670314164150
12007102007072001104731069719205051710334168166
12007102007072003101046068118404971680329167162
12007102007072005101146063216604661520314154160
12007102007082005101864073217505571840373186187
12007102007082005106628075420105531850368188180
12007102007092002109410068818005081680340178162
12007102007092002110001074419105531880365184181
12007102007092003106102063716504721610311155156
12007102007092003110117073518205531730380183197
12007102007092005102610071218705251800345177168
12007102007092005106987073420205321810351183168
12007102007102003105574076619305731900383191192
12007102007102003107073081620906072060401202199
12007102007102005103494091423906752240451225226
12007102007102005105147075920305561860370181189
12007102007102005109006070719305141730341169172
12007102007112003103755072117005511750376184192
12007102007112005106790069617105251720353176177
12007102007122005105876069417705171730344172172
12007102007122005106492072518205431770366181185
12007102007132004105178072618805381820356179177
12007102007142004100934076019305671860381192189
12007102007162003110050072920005291780351176175
12007102007162004104075070318505181730345173172
12007102007162005101569070417805261740352176176
12007102007162005105690070317705261750351176175
12007102007172003107031068118804931690324160164
12007102007172005101080071320005131740339167172
12007102007182004104726074419705471800367183184
12007102007182004110050074319605471810366183183
12007102007182005100003065718504721640308155153
12007102007192002103499075719705601970363185178
12007102007192004100662069017905111640347175172
12007102007192004104285070217705251670358178180
12007102007192005101194073620105351750360178182
12007102007192005101583066817004981620336169167
12007102007192005103993075419805561890367186181
12007102007192005106484072719305341750359177182
12007102007202000106626076019605640000000000187
12007102007202001104957069219105011710330157173
12007102007202003110117072319705261920334171163
12007102007202005106467068517505101710339169170
12007102007212005106139071118405271770350173177
12007102007222003102816068317605071710336170166
12007102007222004101438072218905331800353178175
12007102007222005106403065916704921610331164167
12007102007232003104191071519705181740344168176
12007102007232004103507071318405291770352172180
12007102007232004106393068018005001710329163166
12007102007232005102879068217505071690338167171
12007102007232005104271070418605181720346169177
12007102007232005105307069017605141700344168176
12007102007232005105369070218305191670352173179
12007102007232005110107068817705111700341170171
12007102007232005110177065717104861580328161167
12007102007242003105749074720605411840357178179
12007102007242005106257070219905031770326168158
12007102007252005105525071419805161800336172164
12007102007272005103953074919005591870372183189
12007102007272005105477064215004921550337164173
12007102007272005107021075619705591870372183189
12007102007292000104348056015704031400263129134
12007102007302005102562067417804961670329165164
12007102007302005103167069016805221740348172176
12007102007302005103367068016805121640348172176
12007102007302005106453069217905131710342171171
12007102007302005106968078119805831950388195193
12007102007312004106523073619405421770365187178
12007102007312004106583000000005191840335172163
12007102007312005100615060114904521460306153153
12007102007312005104006061515204631550308158150
12007102007312005105291061315004631550308158150
12007102007312005105692069318405091750334171163
12007102007312005106669074819005581850373187186
12007102007322001110153000000005021750327000000
12007102007322003110020067919704821720310157153
12007102007322004103868070918405251780347175172
12007102007322004105682062016104591560303151152
12007102007322005101080070419805061730333165168
12007102007322005102180071918705321790353176177
12007102007322005106280071718605311800351175176
12007102007322005106281071818605321760356175181
12007102007322005106287071818605321770355175180
12007102007332002103499066717404931740319160159
12007102007332004104285065116904821620320160160
12007102007332005101583065116504861590327160167
12007102007332005102989070718605211770344172172
12007102007332005103993067118004911640327161166
12007102007332005106614067518904861730313170143
12007102007342000106626071518805271820345174171
12007102007342001104957067119404771680309156153
12007102007342003103514060413804661380328153175
12007102007342005103493066817104971610336173163
12007102007362001103608056115304081410267135132
12007102007362003106503064918804611560305152153
12007102007362004100696071318405291750354175179
12007102007362004102734072617705491740375187188
12007102007362005106200068219004921680324166158
12007102007372003104191071819105271720355177178
12007102007372005104271069417405201720348173175
12007102007382002105372086625006162160400203197
12007102007382005102316077521205631920371188183
12007102007392003103932064916604831550328163165
12007102007402002106417073618405521790373185188
12007102007412002103275072219505270000000000174
12007102007422003100407064816604821640318159159
12007102007422004100275064116004811500331160171
12007102007422005101747067517604991710328165163
12007102007422005106387065415604981570341167174
12007102007432002100991068317105121710341171170
12007102007432003104485073519205431820361181180
12007102007432004102261075619105651820383186197
12007102007432004103812077519905761850391201190
12007102007432005101317076919905701870383190193
12007102007432005101320072218505371680369179190
12007102007442003100998084522606192070412207205
12007102007442004103021062117004511550296149147
12007102007442004106523070218505171720345000000
12007102007452002107008064217204701560314156158
12007102007452003106389068217505071700337172165
12007102007452004106583070318805151790336172164
12007102007452004107006072020405161750341170171
12007102007452005101795076621305531830370186184
12007102007472003102135065815805001680332169163
12007102007482002102679076620005661900376186190
12007102007482002110159071318705261760350179171
12007102007492003102234074419705471750372186186
12007102007492004100696074219405481800368181187
12007102007492005100122069016905211670354176178
12007102007492005101331070918105281740354176178
12007102007492005103510075819805601810379194185
12007102007492005104165069817305251720353177176
12007102007492005106400070117705241730351175176
12007102007502004100510065614505111630348174174
12007102007502005103143075920205571890368183185
12007102007502005103587075119505561880368183185
12007102007502005110193073417905551880367183184
12007102007512003100386067318804851740311158153
12007102007512003102231066016804921630329162167
12007102007512005103600070919305161740342169173
12007102007512005105127067317005031660337168169
12007102007512005106561065617004861640322163159
12007102007522003102836061317704361490287140147
12007102007522003102883064116604751530322157165
12007102007522004103003064100000000000000000153
12007102007522004104658063715504821540328158170
12007102007522005101637000000004911690322160162
12007102007522005102182063917404651620303153150
12007102007522005102351071320405091750334170164
12007102007522005105848069820604921690323162161
12007102007522005106070064117604651610304153151
12007102007532003100158076018905711920379190189
12007102007532003103022064617704691580311153158
12007102007532005102704065317604771640313155158
12007102007552003100084069518405111730338167171
12007102007572004106258069119304981720326169157
12007102007582003100383077121205591920367185182
12007102007592005104232067419104831620321157164
12007102007592005106592067419004841620322157165
12007102007592005106676069418105131700343168175
12007102008002005100317068318105021670335167168
12007102008002005102632064716304841550329161168
12007102008012003106551070318005231690354174180
12007102008022005101539066017004901650325161164
12007102008022005103152065417304811650316000000
12007102008042001100915068317105121670345175170
12007102008062002101312069519205031720331165166
12007102008092003101099063214504871430344157187
12007102008102002107238074619705491810368183185
12007102008112003106114071118305281810347173174
12007102008112004100671070418205221740348175173
12007102008112004106141074919705521900362184178
12007102008132005102570066617604901640326162164
12007102008142004103858067116905021700332164168
12007102008142004103870070519205131830330166164
12007102008142005100963068618305031710332167165
12007102008142005101164071818905291780351173178
12007102008142005101763071618705291780351173178
12007102008142005102243067017204981630335166169
12007102008142005103456071719005271780349170179
12007102008152001100412065216404881590329162167
12007102008152001103353072319605271800347173174
12007102008162001100915067417504991630336168168
12007102008172005106487068820804801690311157154
12007102008182003105367069218305091740335166169
12007102008192005103969063716504721620310157153
12007102008192005106720067516805071690338167171
12007102008212001106098000000000000000000169000
12007102008212005100078069316805251680357178179
12007102008212005100547068718105061640342164178
12007102008222005101635071319905141790335171164
12007102008222005102435064717304741600314156158
12007102008232003103270071117905321750357173184
12007102008232004106141058415004341440290144146
12007102008232005105897084019106491980451218233
12007102008272003106551067717105061650341166175
12007102008282001107389071219405181780340170170
12007102008302002100722066617604900000000000161
12007102008312002107075088025906212230398199199
12007102008312002107516070018805121720340169171
12007102008322000104004064317604671580309151158
12007102008332003101657073919005491780371186185
12007102008332005102842065016604841660318168150
12007102008342002100994062416404601550305152153
12007102008342002102808066016904911620329160169
12007102008342005102118063615904771580319160159
12007102008352005105378064016304771580319155164
12007102008372003102082059816104371390298138160
12007102008402005102231064816804801550325158167
12007102008402005110055061315404591510308156152
12007102008412003100152060417704271510276138138
12007102008422001100346000016300001590000159000
12007102008422005101364070018205181720346169177
12007102008432005106752071119505161730343171172
12007102008442001101327066217304891610328160168
12007102008442005103453073918905501730377185192
12007102008452001100757080821105971980399198201
12007102008462004102102062416804561580298152146
12007102008462004104345061716404531550298151147
12007102008462005101360068817205161720344170174
12007102008462005105960066518304821660316161155
12007102008462005106030068817705111710340170170
12007102008472001110108064316204811540327165162
12007102008472002100877056915404151360279136143
12007102008472002105996069317805151750340173167
12007102008472005100096061615604601450315153162
12007102008472005100571065816404941580336164172
12007102008472005102142069718205151740341172169
12007102008472005102279064416204821590323161162
12007102008482003102326064917104781580320162158
12007102008482003102828065517304821660316160156
12007102008482005105972067317105021670335167168
12007102008501999104643065717004871620325162163
12007102008502004104188071219705151750340169171
12007102008502005102557063617404621530309150159
12007102008532005110129063415204821490333155178
12007102008542003100644000016900001660000160000
12007102008542005106172065017404761640312157155
12007102008552004105085071918705321770355174181
12007102008552005106342070218705151730342171171
12007102008552005110115066518604791660313159154
12007102008582004102859067118504861640322159163
12007102009002002105996069618005161770339168171
12007102009002003105337065116704841570327161166
12007102009002005101430072218705351860349177172
12007102009032004101353066817904891640325156169
12007102009062005101190000000000000000337000000
12007102009102000105948000000000000000000000000
12007102009172000105948060814504631510312156156
12007102009182005101712068117205091730336167169
12007102009182005104752069017205181750343172171
12007102009202003105564066017504851540331157174
12007102009302005105340065917904801620318162156
12007102009312005103712069017905111680343171172
