02018053106002012103224055914904101400270138132
02018053106002013102841069618505111740337172165
02018053106002014104230072018305371710366177189
02018053106002015105795070618005261750351174177
02018053106002016105521068917405151690346179167
02018053106012013103094066117804831640319161158
02018053106012013104536066616105051660339168171
02018053106012014101372069717105261740352178174
02018053106012014110121070918305261800346177169
02018053106012015100010069718205151760339173166
02018053106012015100559078519805871950392197195
02018053106012015100707057214804241420282141141
02018053106012015101686073118405471850362184178
02018053106012015102488057415204221390283144139
02018053106012015102948072218405381810357178179
02018053106012016100220072218605361780358179179
02018053106012016102716073919505441850359181178
02018053106012016103203078519605891960393197196
02018053106022013103674068818205061760330170160
02018053106022014106219061714804691520317153164
02018053106022015102713067517105041700334168166
02018053106022015110039071817805401710369180189
02018053106022016103019073418405501820368185183
02018053106022016103440073518205531800373185188
02018053106022016105194076518105841890395198197
02018053106032013100528074619105551850370186184
02018053106032013102472071118705241810343173170
02018053106032013104606073119405371870350178172
02018053106032013105382074718805591870372192180
02018053106032014101512072219005321780354178176
02018053106032014103416074219505471920355177178
02018053106032014104103073819705411900351175176
02018053106032015100244074918405651830382193189
02018053106032015100960071218605261820344171173
02018053106032015101865073719805391840355183172
02018053106032015106354073620005361840352180172
02018053106032016100676074519005551850370186184
02018053106032016101477074418605581830375192183
02018053106032016102287071818105371840353180173
02018053106032016103444073619605401890351178173
02018053106032016104639071818205361870349178171
02018053106032016104710072918705421850357185172
02018053106032016104888074818605621820380194186
02018053106032016105131071918305361870349178171
02018053106032016106029072018105391850354180174
02018053106042013100387069518405111810330167163
02018053106042013102345073917805611800381183198
02018053106042015101206069917205271720355179176
02018053106042015101900067617505011690332167165
02018053106042015103392072419105331820351181170
02018053106042015104630066716904981680330167163
02018053106042015105930070317705261830343177166
02018053106042016101489070016905311730358178180
02018053106042016102239071418405301750355184171
02018053106042016102365071418405301770353181172
02018053106042016102631068217105111700341172169
02018053106042016102945068818505031770326172154
02018053106042016104991069817805201670353175178
02018053106042016106458067817005081640344174170
02018053106052012102604072218405381800358182176
02018053106052015103291068617105151700345172173
02018053106062012105510070818405241810343172171
02018053106062013103229070818405241820342172170
02018053106062015104158069117605151750340173167
02018053106062016104098068417205121740338168170
02018053106072016100728070617905271770350180170
02018053106082014103323076521005551900365180185
02018053106082015101892080721605912020389205184
02018053106082015106095068016505151700345171174
02018053106102011104019074919605531860367186181
02018053106102015103467076419405701910379193186
02018053106102015104242069818705111830328169159
02018053106112015100725069718005171730344172172
02018053106112015106076069117305181740344172172
02018053106112016104171070417105331760357182175
02018053106122014102562069717305241740350179171
02018053106122015104140072419505291720357182175
02018053106122015104637075519305621890373187186
02018053106132011105971083322006132120401200201
02018053106142013101315065217804741640310159151
02018053106142016100377067317504981660332164168
02018053106152014100934052414003841310253127126
02018053106152015100572053314303901320258129129
02018053106152015101031067918104981680330167163
02018053106152015103452066617004961700326165161
02018053106162011101002074118205591870372185187
02018053106162015104061065417004841650319164155
02018053106162015104203073218505471840363186177
02018053106172014101372069916705321710361179182
02018053106172014110121069817705211830338174164
02018053106172015100010070018205181810337170167
02018053106172015102387065617804781680310158152
02018053106182014106219068718005071690338168170
02018053106182015102713068017805021670335166169
02018053106182015105400062016604541580296152144
02018053106192012105474069418605081690339169170
02018053106192013102472071018805221800342175167
02018053106192013104606055815704011490252131121
02018053106192014100839071818605321870345176169
02018053106192014101512068718605011780323163160
02018053106192014104103072119605251810344177167
02018053106192015106344070518705181690349174175
02018053106202015103392074019605441860358188170
02018053106202015104068056215704051410264135129
02018053106202016101489078519805871960391197194
02018053106202016104991078319805851960389196193
02018053106212012105510065917104881690319164155
02018053106212014105484068217505071790328168160
02018053106212015100849062715404731540319158161
02018053106232014101632051813803801290251126125
02018053106232015101429052313903841290255126129
02018053106232015101892073219305391870352182170
02018053106232015104465067316405091690340177163
02018053106242015105938062416304611660295153142
02018053106242016102338068218205001690331172159
02018053106242016102505068417705071690338165173
02018053106242016110049067617105051680337166171
02018053106252016103298075318805651860379187192
02018053106252016104318068017205081690339171168
02018053106262013103678072619805281870341179162
02018053106262014104192063216204701610309158151
02018053106262016102225067116205091690340172168
02018053106272011105971076519605691950374192182
02018053106272014102562068617305131740339171168
02018053106282015104230065017204781620316161155
02018053106282015104406065217704751630312155157
02018053106282016104808067417105031640339169170
02018053106292013101315054215703851400245125120
02018053106292016104638072819505331740359182177
02018053106302014100839052714403831350248127121
02018053106302015106344056116203991380261136125
02018053106312012105474069018005101690341171170
02018053106322014102717070318105221820340174166
02018053106322015100093069418505091750334171163
02018053106322016106510070918805211800341177164
02018053106322016109110069918705121750337171166
02018053106342013106262068117405071690338167171
02018053106352014100786073519405411880353178175
02018053106352015101563078820705812010380191189
02018053106362012102179066017204881670321163158
02018053106362015101257065917004891670322162160
02018053106362015106251067217604961670329163166
02018053106392015100274068717905081670341174167
02018053106402015101808063516604691580311160151
02018053106412016104475070419105131780335171164
02018053106412016104660073419105431900353184169
02018053106432015101275085920506542170437216221
02018053106452016102700070916805411750366184182
02018053106452016104608071818205361800356179177
02018053106462015100246068018005001670333175158
02018053106462016104818070617905271770350177173
02018053106462016104883070417905251780347176171
02018053106472015101173069418405101760334168166
02018053106512014104404056515104141380276133143
02018053106512016103029066917004991670332168164
02018053106532015105023075320005531900363184179
02018053106542016103898079921405852000385192193
02018053106542016105474079921405851990386193193
02018053106552016100725071217405381750363180183
02018053106552016100985070217405281730355175180
02018053106552016101814070117505261710355176179
02018053106562014101419085921706422230419213206
02018053106572014102716073618905471840363183180
02018053106572015102784062017304471610286150136
02018053106582014104383066317604871640323161162
02018053106582015106240061417004441520292150142
02018053107002009101967075919305661900376189187
02018053107002014105171071817405441770367181186
02018053107002015100592071818805301790351185166
02018053107002015104002072418105431830360184176
02018053107002015105845071618705291810348180168
02018053107002016105114073117905521810371185186
02018053107012012101402071719905181780340173167
02018053107262013106452058416304211470274142132
02018053107262014104383052714003871280259129130
02018053107262015102784053114603851280257129128
02018053107262015106240053214303891310258127131
02018053107272015101398054314403991270272130142
02018053107272015104602054814804001280272129143
02018053107272015106255054014203981250273130143
02018053107292015104293072918505441810363183180
02018053107292015104600073819105471860361185176
02018053107302013100915064616604801610319158161
02018053107312015100592060415504491570292154138
02018053107312015105845060615504511560295155140
02018053107322012101402065116804831690314163151
02018053107322015105450052014303771260251125126
02018053107322015105953052914603831310252125127
02018053107322016100802053514803871360251125126
02018053107332013102727068217205101710339170169
02018053107332013109002068517005151660349174175
02018053107332015104226070618405221760346180166
02018053107342015104357071718005371780359186173
02018053107352015102285072618705391840355182173
02018053107382013104032056214304191350284145139
02018053107382014109101058515204331410292143149
02018053107412014105317069217905131770336173163
02018053107412016104622069818005181760342176166
02018053107422012104268069818705111780333173160
02018053107442014110050070518505201780342178164
02018053107452013100915055115104001400260133127
02018053107512015101413055915704021400262130132
02018053107512016102708056415704071390268130138
02018053107512016106189055915604031410262128134
02018053107522015104000070617505311770354183171
02018053107522016102867071417705371780359186173
02018053107522016104294073219205401810359179180
02018053107522016110098073419305411800361181180
02018053107592013105519078020805721950377191186
02018053107592014101539063817004681620306158148
02018053107592016105367064816604821640318162156
02018053108012015103252079320105922070385198187
02018053108032015102117080420605982010397198199
02018053108072015101895072518605391760363196167
02018053108092012106382067917705021680334165169
02018053108092016102888069117905121740338180158
02018053108102015101319077219305791970382190192
02018053108112013109095071517505401780362182180
02018053108112015101785068016805121760336170166
02018053108112015102909073718405531840369184185
02018053108112016102134079519905961940402198204
02018053108112016103611077620305731890384189195
02018053108112016103786077119805731900383190193
02018053108112016106518073818405541830371188183
02018053108122013104884069418305111760335165170
02018053108132014100926070418305211730348171177
02018053108132015100234070017905211740347173174
02018053108132015104538069018005101670343171172
02018053108132016103099070118005211740347174173
02018053108142013105515066217804841680316162154
02018053108142016104512066817804901700320163157
02018053108142016105068070718205251730352176176
02018053108162013101006070720105061860320168152
02018053108162015102309072719005371860351177174
02018053108172015100036074119705441850359182177
02018053108172015102220066116604951630332165167
02018053108172015103064069117305181720346178168
02018053108172015103682075720205551850370196174
02018053108172015104337069317505181810337170167
02018053108172016101749069417405201790341174167
02018053108172016103193070517505301680362182180
02018053108172016103498076120005611950366189177
02018053108182015102117076520205631900373188185
02018053108182015103089071317905341770357177180
02018053108192012106382068317805051700335169166
02018053108192015101217070117505261740352178174
02018053108192016100135072617905471850362183179
02018053108192016103136071717805391800359177182
02018053108442015102932055014904011390262136126
02018053108452014105274068517505101720338173165
02018053108452015101313068917705121720340175165
02018053108452015103544067717305041720332174158
02018053108452016105488076821205561940362190172
02018053108452016105880074221005321870345179166
02018053108462015100736055014304071390268138130
02018053108462015103328067617205041650339170169
02018053108482016103967072018305371750362182180
02018053108482016104444071918105381750363182181
02018053108482016105146072118205391750364184180
02018053108502012105747064918004691650304158146
02018053108522013102967070518505201740346180166
02018053108522015101026053914903901300260129131
02018053108522015102560066116604951640331168163
02018053108522016105053070618205241800344178166
02018053108522016105278071218105311780353181172
02018053108522016109128053514603891290260130130
02018053108532015102302065015804921560336166170
02018053108532015106033067216905031670336170166
02018053108532016100427067417305011640337172165
02018053108542012102178073518305521840368190178
02018053108542013105835077119105801850395196199
02018053108542015100272070418005241740350172178
02018053108542015100782065917204871610326166160
02018053108542016102012072918105481820366188178
02018053108552010103004066117104901640326166160
02018053108562014101646056215004121360276135141
02018053108562015100167071518005351780357179178
02018053108562015102023070819105171770340172168
02018053108562015102173066615205141650349176173
02018053108562016100971068317305101670343173170
02018053108572015102703080118606151910424206218
02018053109002015104233081718906281920436211225
02018053109022016100703053914803911340257132125
02018053109022016102118055614904071340273136137
02018053109022016104201054714204051330272135137
02018053109032016100625079519306022020400203197
02018053109032016105091079419505992030396203193
02018053109082016102479056315504081420266136130
02018053109102015100167055315903941400254129125
02018053109102015102023055516003951410254129125
02018053109102015102703055615803981390259130129
02018053109112016102988066916305061740332167165
02018053109112016106003066616405021660336169167
02018053109142016104354077419505791970382196186
02018053109142016106316077220105711920379192187
02018053109272010101257069717405231690354178176
02018053109402016104354071017805321810351175176
02018053109402016106316070917705321790353178175
02018053109412016104600069718305141760338173165
