12010040806572005106506063014504851520333164169
12010040806572007103019054013904011370264134130
12010040806582002110227063120104301580272141131
12010040806582004101977053915303861320254127127
12010040806582005100222052514103841320252126126
12010040806582005102188052914003891350254128126
12010040806582005102989072720005271770350175175
12010040806582005103155055815404041420262131131
12010040806582006100144053414503891300259125134
12010040806582006103154053214003921420250127123
12010040806582006103375053514403911350256130126
12010040806582006106678052815003781310247123124
12010040806582006106789000016100001560000163000
12010040806582007103576051213103811220259126133
12010040806582007104396051313103821230259125134
12010040806582007104930054215003921420250127123
12010040806582007105421054614504011400261132129
12010040806582007105606052313303901350255129126
12010040806582007105674053114703841300254125129
12010040806582007106710000017000000000000000000
12010040806592003101859051513903761290247124123
12010040806592004100543065016804821570325162163
12010040806592004105612054513804071360271134137
12010040806592005100139067317205011690332169163
12010040806592005110148055415104031390264133131
12010040806592007102861066715705101610349174175
12010040806592007103009052113803831270256127129
12010040806592007103154052213903831300253126127
12010040806592007103298052713803891330256127129
12010040806592007104317056314604171420275143132
12010040806592007105725054614903971370260132128
12010040807002005103586061316204511550296150146
12010040807002005105258057516704080000000000127
12010040807002006103168069118505061720334163171
12010040807002007100567075819005681870381196185
12010040807002007103142073718405531740379196183
12010040807002007103624078520305821970385190195
12010040807002007104179066916205071570350171179
12010040807002007105249062316604571540303154149
12010040807002007105876068319504881690319160159
12010040807002007110027063516704681550313151162
12010040807002007110030062416704571640293147146
12010040807012005102115071118205291710358178180
12010040807012006102880074318805551790376186190
12010040807012006105507051713603811240257124133
12010040807012007101368069918205171700347181166
12010040807012007101408067317305001660334168166
12010040807012007101565071918105381700368181187
12010040807012007102819081522705882060382203179
12010040807012007103368068117305081670341173168
12010040807012007103401060114704541490305155150
12010040807012007105711067717505021680334165169
12010040807012007106421067017005001610339173166
12010040807012007106602072921005191730346174172
12010040807012007106795051400000000000254123131
12010040807012007110018000000000000000000000000
12010040807022003102977064518304621580304153151
12010040807022003107016060516104441490295144151
12010040807022004102742065516804871610326163163
12010040807022006100700076819705711900381190191
12010040807022006105748067017104991610338169169
12010040807022006106459065616904871560331163168
12010040807022007100692064014804921580334167167
12010040807022007100770065316604871620325160165
12010040807022007101064070117905221750347179168
12010040807022007101071067717405031670336170166
12010040807022007101137058914804411390302149153
12010040807022007102183067917105081600348171177
12010040807022007103327057615004261340292143149
12010040807022007103540067916105181640354171183
12010040807022007103795069218005121700342172170
12010040807022007103852070219105111730338172166
12010040807022007104719068117305081630345176169
12010040807022007104745076119405671880379189190
12010040807022007105056076820705611920369186183
12010040807022007105227067418204921660326162164
12010040807022007105616054114203991370262132130
12010040807022007106604066216904931620331171160
12010040807022007109144067317804951630332165167
12010040807032004104556068918305061710335169166
12010040807032007100569072818405441870357187170
12010040807032007101450053514003951390256130126
12010040807032007102824068218804941670327166161
12010040807032007103007066118304781630315157158
12010040807032007103075070617805281710357178179
12010040807032007103085068218904931660327167160
12010040807032007103141065116004911600331165166
12010040807032007104696066917604931660327164163
12010040807032007109079066117304881620326164162
12010040807032007110128074819705511830368188180
12010040807042005103133071820805101890321169152
12010040807042005106184066217304891620327000000
12010040807042005106604069517805171720345176169
12010040807042007101276055216103911380253128125
12010040807042007103343070820805001820318171147
12010040807042007103443071019205181820336176160
12010040807042007104302068118005011770324163161
12010040807042007105709071420805061860320174146
12010040807052004102850078520605792030376197179
12010040807052004104992068117605051700335165170
12010040807052005103851055415903951350260130130
12010040807052005106459054014103991310268129139
12010040807052006100106065418004741610313157156
12010040807052006102264053715003871380249125124
12010040807052006103340052013303871340253130123
12010040807052006105845056414104231370286142144
12010040807052006110090090924206672160451228223
12010040807052007101810068817305151650350178172
12010040807052007102436056414004241380286142144
12010040807062004109291069317205211690352176176
12010040807062006102896067918304961670329164165
12010040807062006102921051513703781290249123126
12010040807062006103182066316105021670335169166
12010040807062007100628074119705441830361185176
12010040807062007101804066314905141700344174170
12010040807062007103572064918904601630297153144
12010040807062007104489067900000000000326164162
12010040807062007104829068417905051670338171167
12010040807062007106004068618904971640333162171
12010040807072002110059074520405410000000000000
12010040807072005102966072420205221790343175168
12010040807072006100959053013603940000000000126
12010040807072006103264073819505431830360183177
12010040807072006110151053514603891360253127126
12010040807072007101268071618005361800356180176
12010040807072007101654054614204041380266132134
12010040807072007101890075220705451940351185166
12010040807072007102154085723206252090416208208
12010040807072007104219069817305251740351177174
12010040807072007104233068017605041740330164166
12010040807072007105852054314204011390262131131
12010040807082004104183050713203751290246123123
12010040807082005104227055014004101360274139135
12010040807082006100459000020400001930000196000
12010040807082006105644072417705471840363184179
12010040807082007101299066616605001660334173161
12010040807082007102767069018405061650341168173
12010040807082007104288054814804001380262132130
12010040807082007106442058915604331430290152138
12010040807082007106508057915504241430281144137
12010040807092004104433070400000000000325167158
12010040807092005106346055915704021420260135125
12010040807092005106457072419705271720355174181
12010040807092005110036055915304061420264138126
12010040807092005110172076319505681850383188195
12010040807092006103706054514803971350262133129
12010040807092006104949066716705001650335169166
12010040807092007101534071219505171770340171169
12010040807092007104713064416104831540329163166
12010040807092007105942067916505141650349173176
12010040807092007106130067818604921720320163157
12010040807092007106724082221106112050406201205
12010040807092007109232067417405001630337168169
12010040807102004101228069217105211770344177167
12010040807102005101750065816704911700321162159
12010040807102005104529064916604831570326161165
12010040807102005107068069917305261770349175174
12010040807102006102097070917605331720361179182
12010040807102006103320053714003971330264131133
12010040807102006106206084720406431990444212232
12010040807102007101798064216104811600321161160
12010040807102007105665070817905291760353176177
12010040807112006100977066116804931620331166165
12010040807112006102423062716104661500316153163
12010040807112006106067061015704531500303149154
12010040807112007100973070919105181800338173165
12010040807112007102014065516904861650321163158
12010040807112007106095056116004011450256128128
12010040807122006103168053614603901280262128134
12010040807132006105466064116104801630317159158
12010040807132007101408067917105081620346174172
12010040807132007103624054914704021360266133133
12010040807132007104164097624407322550477230247
12010040807132007105903066316704961600336169167
12010040807142004103858071119105201760344173171
12010040807142006100013052814603821330249125124
12010040807142007102819067417804961660330168162
12010040807142007104746065517504801550325164161
12010040807152007102267073922105181830335170165
12010040807152007102700072519205331730360180180
12010040807152007103151073019605341840350176174
12010040807152007105302066116404971580339167172
12010040807152007109095065917904801610319159160
12010040807162003105842059217604161430273138135
12010040807162006102237068417005141760338164174
12010040807162006102925063016204681540314155159
12010040807162007102011070418605181770341171170
12010040807162007102489068118604951670328169159
12010040807162007102503067118204891670322165157
12010040807162007105550065817804801610319162157
12010040807172005102050052014603741260248120128
12010040807172005102196067217404981680330000000
12010040807172005102351078419705872020385200185
12010040807172005106347052513203931290264130134
12010040807172006102055059015404361460290148142
12010040807172006103177074320705361830353177176
12010040807172007102697054415503891330256125131
12010040807172007103443069718905081700338167171
12010040807172007104294070318405191750344171173
12010040807172007104302064600000000000311158153
12010040807172007104665064517204730000000000155
12010040807172007104726068217505071710336166170
12010040807172007105572052514703781250253122131
12010040807172007105602073419905351820353177176
12010040807172007105931054715503921330259126133
12010040807182005103133055414604081480260136124
12010040807182005109282065817604821640318162156
12010040807182006110131066517404911630328164164
12010040807182007100876063916804711580313158155
12010040807182007101463061018504251480277143134
12010040807182007102342071818405341740360181179
12010040807182007102572071621005061730333171162
12010040807182007103343058717004171450272138134
12010040807182007104852064816104871600327160167
12010040807182007105709067218704851710314166148
12010040807182007106343052614003861270259125134
12010040807192003102667072519105341860348179169
12010040807192005110115064517304721560316159157
12010040807192006100516065116604851600325161164
12010040807192006102243070018805121800332168164
12010040807192007101856069618405121750337173164
12010040807192007101868069017805121730339170169
12010040807192007102110069418505091770332169163
12010040807192007104723065216804841630321160161
12010040807192007105865070217605261750351177174
12010040807192007105935070818605221770345176169
12010040807202005100401071918105381790359182177
12010040807202006103147068717905081690339170169
12010040807202006105669072818905391810358181177
12010040807202007101620073919405451810364183181
12010040807202007105166072118205391780361176185
12010040807202007106004069018405061630343169174
12010040807212002110059068100000000000000000161
12010040807212007101670065317004831600323165158
12010040807212007106213061416104531500303151152
12010040807302004100739051513703781270251120131
12010040807312003105386069119404971720325165160
12010040807312007102120067917505041730331168163
12010040807312007104688069218305091790330167163
12010040807322004101438070818105271770350177173
12010040807322007103285067017404961650331163168
12010040807322007103705068918805011740327164163
12010040807322007106121065817604820000000000153
12010040807322007106305068618105051740331173158
12010040807322007106443070118205191630356175181
12010040807332004101615076021505451950350179171
12010040807332005105386063715404831560327169158
12010040807332007102920066117004911600331163168
12010040807332007103822072420505191780341171170
12010040807332007105566067317305001670333170163
12010040807342004110050066517804871670320162158
12010040807342004110205065719004671590308157151
12010040807342006100570067421404601650295150145
12010040807342006106793070917305361780358178180
12010040807342007100152075119405571840373193180
12010040807342007103931065316304901570333168165
12010040807342007104787068317905041770327166161
12010040807352006103191054113704041360268136132
12010040807352007100644065016004901620328165163
12010040807352007101960065016304871560331165166
12010040807362005106003064016704731610312159153
12010040807362007100140065017604741570317156161
12010040807362007105604073619705391780361180181
12010040807372004103918070918605231770346175171
12010040807372005105102058215204301450285142143
12010040807372007102257065816404941660328167161
12010040807372007104682069017905111720339173166
12010040807382007100157081721306042070397201196
12010040807382007100984077720005771920385192193
12010040807382007102799055715204051430262132130
12010040807382007103282056015204081430265135130
12010040807392005102485077021005601870373184189
12010040807392005110011067618804881650323162161
12010040807392006102231081821905992030396201195
12010040807392006110046053514503901330257128129
12010040807392007100743060315704461500296149147
12010040807392007101306064317404691540315156159
12010040807392007104159053914903901320258128130
12010040807392007105621053114403871300257126131
12010040807402004101706066017904811560325158167
12010040807402004105107064200000000000319162157
12010040807402004105982067017904911640327164163
12010040807402006100787066517004951680327164163
12010040807402007100156083122206092070402206196
12010040807402007102157082022305972040393200193
12010040807412007102172068617805081760332166166
12010040807412007102676074119605451800365180185
12010040807412007102694068617805081760332166166
12010040807422007102622070718305241760348171177
12010040807422007104310069317505181710347176171
12010040807422007104925069317105221690353176177
12010040807432005104842057114104301430287145142
12010040807432006101528060117304281480280139141
12010040807432007102681068917705121720340174166
12010040807432007103169074119005511760375185190
12010040807432007103882073521105241890335171164
12010040807432007105333073320405291840345174171
12010040807432007106387066317504881670321162159
12010040807432007110124069017805121720340173167
12010040807432008102530073520505301850345174171
12010040807442004103114055814104171370280146134
12010040807442007102818060615404521470305150155
12010040807452004105973066217904831650318156162
12010040807452005109208074718905581840374185189
12010040807452007103423061015204581520306154152
12010040807452007106306061215404581520306153153
12010040807472005100833064416904751660309157152
12010040807472006105711054114703941290265129136
12010040807472007104032067916705121640348174174
12010040807482006101032080721105962000396201195
12010040807482006104476104200000000000551261290
12010040807492005103291051700000000000242119123
12010040807492007106191053814303951310264128136
12010040807502004104657061216204501520298148150
12010040807512005105360067118104901670323162161
12010040807512007100157076520805571940363185178
12010040807512007100345069217305191730346174172
12010040807512007100984074619705491830366182184
12010040807512007102283071818005381800358181177
12010040807512008100987069417505191650354180174
12010040807512008102237069417405201650355180175
12010040807522002101711067617005061610345000000
12010040807522005105910067418104931720321162159
12010040807522007101337067417704971660331168163
12010040807522007103008069518105141710343172171
12010040807522007103205068017805021680334169165
12010040807522007103654067300000000000330171159
12010040807522007105165069317505181700348173175
12010040807532005103235068417605081660342170172
12010040807532005106377071418305311720359000000
12010040807532007104310068617305131720341170171
12010040807542005106608064515804871520335164171
12010040807542007103338065917804811630318158160
12010040807552007104457070418905151710344172172
12010040807562005105013068219904831740309153156
12010040807562006100721053914203971380259131128
12010040807562006103691084222406182070411200211
12010040807572005101771065418204721670305157148
12010040807572007100396079420105931960397200197
12010040807572007105728068417105131660347171176
12010040807582006102875056317003931450248128120
12010040807582006102879055915904001420258133125
12010040808002006104939061418304311490282141141
12010040808002007104346069017605141720342175167
12010040808002007105086058617404121420270131139
12010040808002007105951070318905141860328169159
12010040808002007106576071419405201820338175163
12010040808012007100574076718805791870392198194
12010040808022006106580063815704811580323160163
12010040808022007100206062516104641560308154154
12010040808022007102804058816004281440284143141
12010040808022007103937064416504791560323164159
12010040808022007104731064016004801520328168160
12010040808032002100093066117204891610328164164
12010040808212007100396053614103951350260129131
12010040808212007102571054115203891390250129121
12010040808212007103258054914804011390262133129
12010040808222005102408055415404001420258129129
12010040808222005103157060615204541460308148160
12010040808222006100111057516004151440271141130
12010040808222006103292053915503841380246124122
12010040808222006104975054115503861400246124122
12010040808222007100664056115304081380270134136
12010040808232004106141059316204311440287141146
12010040808232006103978070719205151750340170170
12010040808232007101369057014804221410281139142
12010040808232007105541067817405041650339170169
12010040808232007105573067617305031710332171161
12010040808232007105909075121305381880350177173
12010040808232007106050069717405231770346181165
12010040808242006100504055414804061460260133127
12010040808242007100748065416804861770309158151
12010040808242007101578053915603831430240123117
12010040808242007102230073419905351800355175180
12010040808242007103855068216705151650350169181
12010040808262007100983064416904751570318158160
12010040808282007105601078119805831970386193193
12010040808302004102950000000000000000000000000
12010040808302007102173057114504261440282142140
12010040808302007103384055015004001410259128131
12010040808322005106310051113103801220258124134
12010040808322006105867051713103861220264124140
12010040808322007105321051813103871230264125139
12010040808332006103414063517804571660291149142
12010040808332007105276068417505091680341169172
12010040808332007105934071719905181780340173167
12010040808342007102445056514604191500269137132
12010040808352007105909070218305191780341171170
12010040808362005105913054914804011330268130138
12010040808372007103855069417105231690354170184
12010040808382006101921064616704791560323163160
12010040808382007105883080624105652010364182182
12010040808432007100251069318205111760335167168
12010040808442006101281083820306352100425213212
12010040808472007105857056014104191350284136148
12010040808492005100813061819204261600266139127
12010040808512007105855067917205071690338169169
12010040808512007105883070421004941720322158164
12010040808512007106030067217105011700331165166
12010040808532006102719069217805141710343175168
12010040808532006102741062015304671550312161151
12010040808532007102316067317804951680327164163
12010040808542006104317068118804931690324164160
12010040808542006104932067115805131660347176171
12010040808562004100978074318805551840371188183
12010040808562007101706075418705671890378191187
12010040808582004102297066517304921680324161163
12010040808582005106492066017104891650324164160
12010040808582007101286052013903811280253127126
12010040808592002103989065717204851640321162159
12010040808592004106296054214703951360259129130
12010040809002006102059071818505331800353180173
12010040809032007103835065217104811570324163161
12010040809062007106030068117305081640344176168
12010040809082007104797077520005751950380191189
12010040809102005104694053014303871340253126127
12010040809102007102244053114303881340254126128
12010040809102007106012060115004511550296151145
12010040809112007102222069616105351680367181186
12010040809122007105646084422806162100406206200
12010040809132004100200076720205651920373188185
12010040809132005100348063217104611660295147148
12010040809132007101996069218305091740335169166
12010040809142005102570072918605431840359174185
12010040809142006102923074519305521780374184190
12010040809142007102995074122805131770336171165
12010040809142007106712068216505171670350175175
12010040809152007103300069117705141740340172168
12010040809152007103402068317305101700340172168
12010040809152007105904068417605081710337169168
12010040809162007100985075017905711970374194180
12010040809162007101714065515804971590338166172
12010040809192007101190073419705371860351179172
12010040809202004101367069317305201670353177176
12010040809202005105410065416504891590330166164
12010040809202006104867066917304961670329167162
12010040809202006105649064800000000000322156166
12010040809202007103182066917804911670324163161
12010040809202007105301066217004921630329166163
12010040809212005102837055215104011380263130133
12010040809212007102885069517905161710345172173
12010040809212007103519068319104921700322164158
12010040809212007105494074119205491850364187177
12010040809222007100848072019505251740351178173
12010040809222007104975069617805181740344170174
12010040809222007105657067118204891740315159156
12010040809232005106325054914504041300274132142
12010040809242007102524074020605341760358182176
12010040809402004104345051714103761320244123121
12010040809402004106468052614103851340251128123
12010040809402006106016052113803831330250125125
12010040809402007101630052114003811340247127120
12010040809402007105128052614403821360246125121
12010040809402007105769053514903861280258124134
12010040809402007106415053514203931350258131127
12010040809412003110068053214303891310258126132
12010040809412004105117071318905241740350175175
12010040809412005109202067018904810000000000000
12010040809412005110098052400000000000255129126
12010040809412007100870063218004521660286144142
12010040809412007101434060217704251420283141142
12010040809412007102097062118404371470290144146
12010040809412007104841053014503851320253125128
12010040809412007105058066417004941630331164167
12010040809412007110060052413503891330256130126
12010040809422005100782062616204641540310155155
12010040809422005103389093527906562130443210233
12010040809422005106489066700000000000327000000
12010040809422007101021066720204651730292147145
12010040809422007103265000019300001840000184000
12010040809432005101598064017504651570308155153
12010040809432005102603074821105371850352179173
12010040809432006102203065817004881570331164167
12010040809432007100881000000004111440267139128
12010040809432007103594079219805941990395205190
12010040809432007103860064016604741580316158158
12010040809432007104197063515304821570325157168
12010040809432007104747078421405701960374191183
12010040809442003103038073918705521900362187175
12010040809442006102462053014303871250262125137
12010040809442007101224062815904691530316158158
12010040809442007101911071918505341780356183173
12010040809442007106571052414303811320249124125
12010040809452006101091096228706752470428220208
12010040809452006104422076620305631890374188186
12010040809462005102653053414503891340255127128
12010040809462005110107053414803861360250123127
12010040809462007106222052914303861340252128124
12010040809472005102578062015604641500314155159
12010040809472005106166056715004171410276143133
12010040809482004101978067616605101670343173170
12010040809482005100906077920605731880385197188
12010040809482005101574058317204111510260135125
12010040809482005104534059016204281500278141137
12010040809482006101154057215304191450274141133
12010040809502005103317073020005301840346178168
12010040809512005104221069518705081720336177159
12010040809512006102776067117904921610331162169
12010040809512006104521069919205071750332168164
12010040809512007100908055715104061410265138127
12010040809512007103447082422705972100387200187
12010040809522004105766000024200002190000213000
12010040809522004105779068518904961650331164167
12010040809522005104408067018004901640326166160
12010040809522007102949072518905361790357176181
12010040809522007103392070019805021760326165161
12010040809532003105848062719404331500283143140
12010040809532004106260065017904711650306153153
12010040809532005100488067418404901690321164157
12010040809532005103543069718205151690346173173
12010040809532006102785073019905311840347174173
12010040809532007102669068018504951690326165161
12010040809532007104692071017905311750356180176
12010040809532007106071068120004811690312157155
12010040809542005100882077720105761950381200181
12010040809542005103951063317404591540305149156
12010040809542006101515069117805131650348172176
12010040809542006106566066118404771680309161148
12010040809542007100824085422606282120416209207
12010040809542007105006076218205801900390199191
12010040809552003104261068816705211660355175180
12010040809552004105009070919905101800330168162
12010040809552007100767055015503951420253126127
12010040809562005102432063016604641530311153158
12010040809562007102794066217204901650325163162
12010040809572006100287067418904851570328161167
12010040809572006103435065415604981630335167168
12010040809572007100446070719005171790338171167
12010040809572007102454065917304861660320161159
12010040809572007103651068517705081660342171171
12010040809582007101282058615504311410290142148
12010040810002002107238070017505251720353175178
12010040810002006106694070918905201740346174172
12010040810012002102223055214404081350273134139
12010040810012006102253054314304001450255130125
12010040810042004105640068316805151710344171173
12010040810042005106204068017705031660337169168
12010040810052004105610068119004911760315163152
12010040810062005103587066115905021580344173171
12010040810062006104521071117905321810351181170
12010040810072007105971069418005141720342173169
12010040810082005102112070318305201740346172174
12010040810092007101456067317005031630340170170
12010040810102007105713061215804541500304151153
12010040810112003102836077824505331850348184164
12010040810112007103110077124305281840344178166
12010040810112007103359061817404441580286146140
12010040810122006103740067518604891700319163156
12010040810132004102986054316003830000000000125
12010040810132006104798077119405771950382184198
12010040810142004110158075820805501810369181188
12010040810142005105831067417604981650333168165
12010040810142007102671072919305361850351178173
12010040810142007105820075018905611890372186186
12010040810152003102466064816404841570327161166
12010040810152007102152079420105931970396200196
12010040810152007103056078320205811930388197191
12010040810202007101457071318405291750354173181
12010040810212006106819054514903960000000000128
12010040810212007103171061100000000000000000156
12010040810212007103569060416304411510290146144
12010040810272007105820061515904561520304150154
12010040810302002105558067017604941630331162169
12010040810302006104686065916504941660328164164
12010040810342007103400072819405341800354181173
12010040810422007102050062515404711570314157157
