02004042105561999101218000000004691470322151171
02004042105561999106736000000004981630335159176
02004042105562000101231000000005261810345173172
02004042105562000102036000000005231730350175175
02004042105562000107433000000004671510316152164
02004042105562000110195000000004701510319154165
02004042105562000110254000000005101740336166170
02004042105562001100213000000004931640329164165
02004042105562001100236000000005401880352178174
02004042105562001100469000000004981680330165165
02004042105562001102005000000004711550316151165
02004042105562001102162000000004731560317151166
02004042105562001102636000000004931620331164167
02004042105562001103106000000004811670314156158
02004042105562001104654000000005171740343174169
02004042105562001106146000000005211790342175167
02004042105571996103799000000006082020406203203
02004042105571997104411000000004331370296144152
02004042105571997105167000000005011590342169173
02004042105571998101985000000005331740359179180
02004042105571998104861000000005121650347169178
02004042105571998110239000000005101730337170167
02004042105571999101839000000004951550340167173
02004042105571999105125000000005151690346170176
02004042105571999110282000000006051890416200216
02004042105572000101441000000004921430349170179
02004042105572000101471000000005411770364180184
02004042105572000103375000000004731570316153163
02004042105572000104308000000004931550338167171
02004042105572000104553000000005481720376188188
02004042105572000104577000000004461410305150155
02004042105572000104613000000005171730344173171
02004042105572000105094000000004931670326163163
02004042105572000105676000000004721550317159158
02004042105572000110196000000004481410307147160
02004042105572001100298000000005281750353177176
02004042105572001100341000000005201850335168167
02004042105572001100871000000000001830000172000
02004042105572001101634000000005421760366174192
02004042105572001101872000000005531840369185184
02004042105572001101943000000005011710330165165
02004042105572001102989000000004121370275137138
02004042105572001103057000000004901600330164166
02004042105572001103148000000005201810339173166
02004042105572001103172000000005061730333168165
02004042105572001103534000000004821520330159171
02004042105572001104974000000004411390302146156
02004042105572001105120000000005061680338172166
02004042105572001105162000000005361790357174183
02004042105572001106767000000004921590333166167
02004042105572001106966000000000001800000000000
02004042105572001110170000000004421460296145151
02004042105581998105197000000004251480277134143
02004042105581999102544000000004511620289145144
02004042105581999104842000000006812310450238212
02004042105581999104980000000006892390450238212
02004042105581999110013000000005011690332165167
02004042105581999110139000000005281670361170191
02004042105582000101599000000005431820361181180
02004042105582000104322000000005131760337167170
02004042105582000104578000000004541490305148157
02004042105582000106750000000004911560335162173
02004042105582000106874000000004211320289140149
02004042105582001100462000000004941630331164167
02004042105582001100524000000004781690309153156
02004042105582001101426000000004221380284136148
02004042105582001103105000000004851580327159168
02004042105582001103491000000005511860365180185
02004042105582001104256000000004491550294148146
02004042105582001105131000000005471890358179179
02004042105582001105731000000005882070381188193
02004042105582001107739000000004561520304149155
02004042105582001109482000000004521440308152156
02004042105582001110172000000004911620329163166
02004042105591995102540000000005551930362180182
02004042105591998101525000000005291780351000000
02004042105591999100387000000005021780324170154
02004042105591999102732000000004561550301145156
02004042105591999103631000000005071730334168166
02004042105591999105261000000000001650000165000
02004042105591999105452000000005200000000000169
02004042105591999106609000000006482190429226203
02004042105591999110002000000004431510292144148
02004042105592000100152000000005561950361186175
02004042105592000101356000000005011700331162169
02004042105592000101400000000005251750350176174
02004042105592001103599000000004831590324162162
02004042105592001104323000000004991640335167168
02004042105592001105362000000005511920359185174
02004042105592001105714000000006942450449231218
02004042105592001106490000000005081710337160177
02004042105592001110218000000004921560336162174
02004042106001999101124000000005590000000000168
02004042106001999105134000000005321730359179180
02004042106002000105041000000004351470288144144
02004042106002001100518000000004921640328162166
02004042106002001100722000000004121420270135135
02004042106002001101994000000005341800354167187
02004042106002001103101000000005051770328164164
02004042106002001103673000000004971610336161175
02004042106002001103791000000004701630307153154
02004042106002001104355000000005251730352172180
02004042106002001104370000000004721600312156156
02004042106002001104599000000004711570314155159
02004042106002001107592000000005071690338165173
02004042106002001110036000000004811510330162168
02004042106011998103351000000005181670351175176
02004042106012000101618000000004231400283139144
02004042106012001104713000000005151670348172176
02004042106012001106419000000005051620343171172
02004042106012001107106000000005641890375190185
02004042106012001109341000000005161740342169173
02004042106012001109510000000005681980370187183
02004042106021999100878000000004151380277137140
02004042106022000100294000000005461800366181185
02004042106022000103721000000005582000358183175
02004042106022000105948000000005191700349172177
02004042106022001103031000000006162130403204199
02004042106022001103077000000005491820367184183
02004042106022001103200000000005491820367183184
02004042106022001104450000000005221710351167184
02004042106022001107480000000005261810345180165
02004042106022001107507000000005331890344171173
02004042106022001109188000000004971620335166169
02004042106022001109511000000004411380303145158
02004042106031998105845000000003891280261126135
02004042106031999102575000000005461780368178190
02004042106031999103542000000005061590347168179
02004042106031999104121000000005361690367183184
02004042106032000100526000000005511840367185182
02004042106032000100865000000005141660348172176
02004042106032000101606000000005021620340171169
02004042106032000106602000000005171730344173171
02004042106032001100779000000005391770362179183
02004042106032001101000000000005841990385000000
02004042106032001102596000000005641930371184187
02004042106032001103168000000004701470323155168
02004042106032001105346000000004921630329161168
02004042106032001106242000000005110000000000178
02004042106032001106382000000004831590324160164
02004042106041996110374000000005161740342172170
02004042106041997105851000000005131730340170170
02004042106041999102016000000004691570312159153
02004042106041999103565000000004971690328158170
02004042106041999106524000000005341760358179179
02004042106042000102605000000000000000306000000
02004042106042000110279000000005281730355170185
02004042106042001100658000000005321810351177174
02004042106042001100969000000004831620321158163
02004042106042001103057000000003601190241120121
02004042106042001105322000000005541880366184182
02004042106042001105372000000004921660326165161
02004042106042001105542000000004881640324165159
02004042106042001106767000000003640000000000122
02004042106051998105533000000005101570353171182
02004042106051999110170000000005091780331171160
02004042106051999110241000000004121430269134135
02004042106052000101448000000005141720342171171
02004042106052001101076000000004561580298148150
02004042106052001102598000000005901980392194198
02004042106052001103410000000004441500294147147
02004042106052001104307000000005331820351178173
02004042106052001106117000000005221740348178170
02004042106052001106385000000005121670345169176
02004042106061999101218000000003571210236116120
02004042106061999103728000000004951660329164165
02004042106061999103777000000004920000000000151
02004042106061999105125000000004571660291149142
02004042106061999110137000000005171750342000000
02004042106061999110200000000005291730356176180
02004042106062000101441000000003681220246121125
02004042106062000106259000000005251920333170163
02004042106062001101674000000004981680330172158
02004042106062001102093000000004821750307157150
02004042106062001102242000000006092060403197206
02004042106062001102655000000005231880335170165
02004042106062001103534000000003601200240117123
02004042106062001103545000000005901920398189209
02004042106062001104654000000004071430264136128
02004042106062001104708000000005111810330164166
02004042106062001106452000000005091700339169170
02004042106062001110132000000005161590357162195
02004042106062001110150000000005311840347177170
02004042106071998101525000000005451780367192175
02004042106071998101985000000003631200243119124
02004042106071998104861000000003501170233112121
02004042106072000101377000000004531490304150154
02004042106072000104577000000003711210250122128
02004042106072000105676000000004631530310155155
02004042106072000110195000000004651580307154153
02004042106072001100341000000004331390294145149
02004042106072001101943000000003811290252124128
02004042106072001103516000000004491460303150153
02004042106072001103932000000005611850376189187
02004042106072001104324000000005461880358178180
02004042106072001105120000000003881330255125130
02004042106072001106726000000005291750354177177
02004042106072001106960000000005281740354173181
02004042106081997104411000000003881270261126135
02004042106081998105197000000003801320248123125
02004042106081999102127000000005561920364186178
02004042106081999102544000000003711370234117117
02004042106081999104842000000003701270243120123
02004042106082000101356000000004871570330164166
02004042106082000104499000000005011690332166166
02004042106082000106320000000005421940348173175
02004042106082001102929000000005441930351176175
02004042106082001105190000000005391900349175174
02004042106082001106351000000005061760330162168
02004042106091998100789000000004931640329171158
02004042106091999106609000000005081760332170162
02004042106092000101618000000003691220247122125
02004042106092000105041000000003741300244122122
02004042106092000106874000000003681250243119124
02004042106092000110196000000003951360259130129
02004042106092001100462000000003801300250124126
02004042106092001102431000000005251770348185163
02004042106092001103599000000004591610298149149
02004042106092001103603000000005211840337170167
02004042106092001104355000000005001650335177158
02004042106092001104397000000005171780339172167
02004042106092001105246000000005111820329158171
02004042106092001105379000000005461910355181174
02004042106092001106701000000004031360267134133
02004042106092001107480000000003841300254125129
02004042106092001107739000000003801300250124126
02004042106092001109482000000003801300250125125
02004042106092001110170000000003971390258129129
02004042106092001110172000000003881310257127130
02004042106101995102540000000005021820320164156
02004042106101999102732000000003711290242121121
02004042106101999102755000000005731810392197195
02004042106101999110002000000003841290255125130
02004042106102000100152000000005761990377192185
02004042106102001100518000000003841280256124132
02004042106102001103304000000005421870355180175
02004042106102001103673000000003741270247120127
02004042106102001107521000000003901280262131131
02004042106111999103542000000004411410300142158
02004042106111999106751000000005041660338166172
02004042106112000101146000000005110000000000163
02004042106112000101607000000005821930389197192
02004042106112000106768000000004831610322157165
02004042106112001101426000000003791290250126124
02004042106112001103036000000005381720366176190
02004042106112001103101000000003801290251125126
02004042106112001103791000000003811300251123128
02004042106112001104370000000003851250260125135
02004042106112001105486000000004911670324159165
02004042106112001107507000000004301510279142137
02004042106112001109341000000004811660315163152
02004042106122001101096000000005151770338167171
02004042106122002105596000000005111760335166169
02004042106131998105533000000000000000247120127
02004042106131998110029000000003981350263118145
02004042106131999105261000000003681210247119128
02004042106132000102605000000003701250245119126
02004042106132001100722000000003811250256124132
02004042106132001102680000000005711990372186186
02004042106132001102818000000005491890360181179
02004042106132001104599000000003611220239115124
02004042106132001105211000000005662070359190169
02004042106132001109511000000003761240252123129
02004042106141999110241000000003751240251123128
02004042106142000100294000000003991350264132132
02004042106142000110279000000004461550291154137
02004042106142001101076000000004651650300151149
02004042106142001103200000000004001360264131133
02004042106142001103410000000003801300250125125
02004042106142001104450000000003521150237113124
02004042106142001106117000000003751250250121129
02004042106142001106385000000003821260256125131
02004042106151997110263000000004121450267134133
02004042106151999102016000000003911290262128134
02004042106151999105125000000003801270253125128
02004042106152000101448000000004981710327164163
02004042106152000105948000000005161720344167177
02004042106152000110225000000004550000000000151
02004042106152001100969000000004171430274136138
02004042106152001103077000000005201740346175171
02004042106152001104307000000004031450258131127
02004042106152001105346000000003811290252123129
02004042106152001105372000000004011430258131127
02004042106152001105542000000004201420278139139
02004042106152001106382000000003801310249122127
02004042106152001106452000000005071630344166178
02004042106161998105845000000003791290250120130
02004042106161999100878000000003771280249124125
02004042106161999103777000000003891370252127125
02004042106162000100926000000005872030384196188
02004042106162000106720000000004321420290143147
02004042106162001101242000000004891590330164166
02004042106162001102093000000003871350252126126
02004042106162001102598000000005431880355174181
02004042106162001102655000000003991400259128131
02004042106162001103675000000004441400304146158
02004042106162001105347000000004471420305146159
02004042106162001106306000000005201730347173174
02004042106162001106351000000004541510303148155
02004042106162001109125000000004311410290142148
02004042106162001110046000000004851680317161156
02004042106162001110095000000005001680332165167
02004042106171998102365000000000000000256000000
02004042106171999102127000000005321890343175168
02004042106171999106609000000004861670319164155
02004042106172000106259000000003961400256133123
02004042106172001103298000000004931630330157173
02004042106181998101856000000005511880363000000
02004042106181998105988000000004551500305149156
02004042106181999102743000000004531450308152156
02004042106182000103544000000003801280252126126
02004042106182001100215000000003991380261132129
02004042106182001100653000000004451480297148149
02004042106182001109456000000003971330264133131
02004042106192000103792000000004711540317155162
02004042106192001100893000000004911730318159159
02004042106192001101606000000004311400291140151
02004042106192001102431000000005551890366184182
02004042106192001102690000000004551650290147143
02004042106192001104260000000005251760349176173
02004042106192001104267000000005741950379190189
02004042106192001105357000000005992050394198196
02004042106192001106072000000004591500309152157
02004042106192001106984000000004701600310157153
02004042106192001106989000000006001930407204203
02004042106192001107607000000005111720339172167
02004042106192001110035000000004471460301149152
02004042106201998101531000000000000000321164157
02004042106201999100628000000005941880406196210
02004042106201999104697000000004201360284141143
02004042106202000100182000000004431510292143149
02004042106202000101407000000005671810386189197
02004042106202000110145000000004371530284142142
02004042106202001100326000000004561590297151146
02004042106202001102059000000004761600316155161
02004042106202001103160000000006022010401197204
02004042106202001103398000000006171920425212213
02004042106202001104049000000005291850344172172
02004042106202001104051000000005271790348174174
02004042106202001104252000000004821620320155165
02004042106202001104561000000006772430434219215
02004042106202001105541000000004301410289143146
02004042106202001105712000000005151700345174171
02004042106202001200017000000005400000000000171
02004042106211998101863000000004411490292140152
02004042106212000101383000000005561810375187188
02004042106212000106768000000004941620332167165
02004042106212001107349000000004781600318158160
02004042106212001110131000000000001510000150000
02004042106222001100068000000004051370268133135
02004042106222001105486000000004931620331169162
02004042106232000104244000000005901920398197201
02004042106232000110183000000005681920376191185
02004042106241997105482000000003831230260130130
02004042106241997110263000000003831270256124132
02004042106241999104843000000003841260258130128
02004042106242001105246000000006191960423215208
02004042106252001103675000000003811250256124132
02004042106252001105347000000003951260269132137
02004042106262000100926000000006462050441207234
02004042106271995102709000000005852000385201184
02004042106271999105099000000006352220413208205
02004042106272000104423000000005762030373187186
02004042106272000106720000000003771250252123129
02004042106272000107620000000005391730366184182
02004042106272001100473000000005712010370190180
02004042106272001100653000000003971350262130132
02004042106272001101242000000004491440305151154
02004042106272001109125000000003841250259127132
02004042106282001103298000000000000000317165152
02004042106291999104697000000003661220244120124
02004042106292000106112000000004971600337167170
02004042106292000110145000000000001250000124000
02004042106292001101606000000003711240247121126
02004042106292001102582000000005581830375184191
02004042106292001102690000000004441540290145145
02004042106292001106072000000003801260254122132
02004042106292001106308000000005001620338168170
02004042106292001106984000000003831270256125131
02004042106292001107390000000005011650336167169
02004042106292001110035000000000000000248122126
02004042106301999100117000000005191740345176169
02004042106301999106723000000005591710388182206
02004042106302000103792000000004641560308154154
02004042106302001102374000000004351470288143145
02004042106302001103398000000005851910394193201
02004042106302001103676000000005221710351176175
02004042106302001105541000000003781250253124129
02004042106302001106989000000004701520318159159
02004042106311998101531000000004631610302153149
02004042106311998104710000000004531610292153139
02004042106311998110029000000004061380268121147
02004042106311998110067000000004941600334171163
02004042106311999100685000000004911660325164161
02004042106312000101407000000005321780354177177
02004042106312001100068000000003871280259128131
02004042106312001102925000000005181770341171170
02004042106312001104051000000004771650312160152
02004042106312001104267000000005241820342170172
02004042106312001104561000000004471520295145150
02004042106312001105357000000004661570309151158
02004042106312001106306000000004971700327163164
02004042106312001200017000000000000000000000000
02004042106321999100628000000005341810353175178
02004042106322000101383000000005261750351175176
02004042106322001103160000000005591850374187187
02004042106322001104049000000004771650312157155
02004042106322001104736000000005782100368191177
02004042106322001105211000000005431910352178174
02004042106322001105712000000000000000319159160
02004042106332000104244000000005641910373187186
02004042106332000110183000000000002010000183000
02004042106332001101965000000005461860360185175
02004042106332001102697000000005271690358177181
02004042106332001103408000000004531500303151152
02004042106332001107499000000005591860373189184
02004042106332001110046000000005421840358187171
02004042106332001110095000000005311690362187175
02004042106341997104549000000004721550317159158
02004042106341998102365000000000000000000000000
02004042106342000100926000000006192040415217198
02004042106342000100942000000004901760314157157
02004042106342000110233000000004041450259130129
02004042106342001102948000000005171770340169171
02004042106342001103091000000004781670311160151
02004042106352001100955000000005211720349174175
02004042106352001102221000000004671560311149162
02004042106352001105246000000004441550289141148
02004042106361999107127000000007672570510259251
02004042106362000104423000000004791630316156160
02004042106362001100473000000005591930366188178
02004042106362001101612000000005441840360181179
02004042106362001101727000000005261720354179175
02004042106362001102588000000005761930383195188
02004042106362001103864000000005911930398196202
02004042106362001104925000000005281720356178178
02004042106362001106498000000005842060378191187
02004042106371999101045000000004721860286144142
02004042106372000100535000000004391560283141142
02004042106372001101242000000003771270250123127
02004042106372001103298000000003681240244121123
02004042106372001110037000000005021590343174169
02004042106381995102709000000003881250263127136
02004042106381999110269000000005001660334171163
02004042106382000106112000000004031390264135129
02004042106382001106301000000005591920367189178
02004042106382001106308000000003871300257125132
02004042106382001107390000000000001280000123000
02004042106391998102266000000005761910385197188
02004042106392001102445000000005541910363179184
02004042106392001104113000000004881590329165164
02004042106401998104710000000003851360249127122
02004042106401999106723000000000001930000182000
02004042106402000103165000000005131670346173173
02004042106402000105868000000004591550304151153
02004042106402000107620000000003751310244123121
02004042106402001102374000000004191420277139138
02004042106402001104222000000004631560307153154
02004042106402001105087000000004791640315158157
02004042106411998110067000000003851330252123129
02004042106411998110101000000005751940381192189
02004042106411999100117000000003811320249125124
02004042106412000100047000000005411920349178171
02004042106412001101253000000005902070383203180
02004042106412001103676000000003841350249124125
02004042106412001104736000000005161820334169165
02004042106412001105540000000004501630287142145
02004042106422000101407000000005351790356184172
02004042106422001103160000000005401780362181181
02004042106422001103398000000005571900367188179
02004042106422001104561000000003901340256124132
02004042106432000101383000000005071700337169168
02004042106432001102948000000004741560318158160
02004042106441999100628000000004901670323167156
02004042106442001100955000000004751610314157157
02004042106442001102221000000003841280256124132
02004042106442001104267000000005361750361179182
02004042106442001107465000000005952070388201187
02004042106452000110233000000003761230253123130
02004042106452001103408000000004041360268133135
02004042106462001100473000000005371830354181173
02004042106462001109187000000005692000369185184
02004042106462001109190000000005681970371183188
02004042106472000100535000000004041400264134130
02004042106472001104925000000005081640344171173
02004042106472001107441000000005411730368179189
02004042106481999107229000000005771950382193189
02004042106481999110269000000003851250260127133
02004042106482001104113000000004041340270133137
02004042106482001104517000000005591890370183187
02004042106482001105087000000003901300260132128
02004042106482001106940000000005801990381193188
02004042106491999101045000000003651190246119127
02004042106491999110018000000004961640332176156
02004042106492000105868000000003821280254123131
02004042106492001101909000000004401470293144149
02004042106492001104222000000003841290255125130
02004042106492001106301000000005591890370193177
02004042106512001101253000000005932090384200184
02004042106512001103233000000005911960395199196
02004042106512001104576000000005001650335165170
02004042106512001105058000000004771600317158159
02004042106512001105539000000004661580308151157
02004042107071997105180000000004471470300145155
02004042107071997106625000000005001620338168170
02004042107071998104493000000004501410309154155
02004042107071998110056000000005291780351174177
02004042107071999101276000000005051720333169164
02004042107072001100157000000005261790347173174
02004042107072001101909000000003671240243122121
02004042107072001104230000000004291460283138145
02004042107072001104555000000005081840324165159
02004042107072001107606000000004611520309000000
02004042107081997109251000000004470000000000148
02004042107081998101027000000005061660340170170
02004042107081998101830000000004861640322162160
02004042107081999103544000000004271410286142144
02004042107081999105956000000004281430285140145
02004042107082000101544000000004941640330163167
02004042107082000104435000000005131830330172158
02004042107082001104436000000004101390271136135
02004042107082001106069000000005311830348176172
02004042107082001106440000000004821640318000000
02004042107082001107311000000005061670339170169
02004042107082001107387000000005371780359178181
02004042107082002102190000000005621760386193193
02004042107091998101397000000005321740358174184
02004042107091999107083000000005381700368178190
02004042107091999110230000000005140000000000177
02004042107092000100591000000006012120389195194
02004042107092000101682000000004811710310159151
02004042107092000107466000000004601530307152155
02004042107092001102985000000005001550345167178
02004042107102000104372000000005441790365182183
02004042107102000107042000000004511550296146150
02004042107102001102083000000005551810374186188
02004042107102001102908000000005601900370183187
02004042107102001104448000000005481830365178187
02004042107102001110059000000005191860333176157
02004042107111999100938000000003771260251122129
02004042107111999106292000000004641640300150150
02004042107111999110271000000000000000396204192
02004042107112000101204000000006492320417210207
02004042107112000104883000000005151600355173182
02004042107112001102240000000005361790357177180
02004042107112001102936000000006152060409205204
02004042107112001103123000000005941940400198202
02004042107112001103149000000006162030413211202
02004042107112001103269000000005311780353178175
02004042107112001106797000000006012030398203195
02004042107112001107244000000003781280250122128
02004042107121997103544000000005231750348172176
02004042107122000105189000000004921580334168166
02004042107122001102392000000004971580339170169
02004042107122001102684000000005131710342170172
02004042107122001103388000000005281880340162178
02004042107122001104395000000005031660337170167
02004042107122001106725000000005161720344170174
02004042107122001107823000000005421860356177179
02004042107131998102780000000005571780379187192
02004042107131999100207000000005341820352177175
02004042107131999106025000000005141660348172176
02004042107131999110053000000005401760364176188
02004042107132001101344000000005791970382191191
02004042107132001110173000000005441950349183166
02004042107132001110203000000005761950381185196
02004042107142000101511000000004551570298149149
02004042107142001110175000000004461460300148152
02004042107151998102356000000004291450284140144
02004042107151999104186000000004921650327163164
02004042107161997105180000000003571140243117126
02004042107161999101413000000004971630334163171
02004042107161999107403000000000000000000000000
02004042107162000100756000000004171430274137137
02004042107171996101062000000004871700317155162
02004042107171996101484000000004940000000000169
02004042107171998103871000000000001330000131000
02004042107171999105956000000003791300249125124
02004042107172000101315000000005211810340172168
02004042107172001100157000000005191770342171171
02004042107172001104230000000003831280255125130
02004042107172001104436000000003861290257126131
02004042107172001104555000000004741640310159151
02004042107172001107606000000003881340254126128
02004042107181998101027000000003721260246121125
02004042107181998101830000000003781250253125128
02004042107181999101276000000004991680331168163
02004042107182001106069000000000001670000165000
02004042107182001107387000000005051740331165166
02004042107182002102190000000005331660367178189
02004042107191998101397000000004971620335167168
02004042107191998110056000000005361740362182180
02004042107192001104448000000004091410268136132
02004042107192001106237000000004611480313154159
02004042107192001107580000000004631620301145156
02004042107192001110059000000004441480296152144
02004042107201998103395000000000001430000145000
02004042107201998104211000000005591890370185185
02004042107201998104493000000003831320251128123
02004042107201999103544000000003631250238117121
02004042107202000101544000000004281420286141145
02004042107202001103123000000005311700361175186
02004042107202001104052000000005611900371187184
02004042107202001106440000000004581590299152147
02004042107211997109251000000003701310239119120
02004042107211999106292000000003831390244125119
02004042107211999110271000000004991670332170162
02004042107212000104236000000005891990390197193
02004042107212000107042000000003871360251132119
02004042107212001102301000000004211460275152123
02004042107212001102908000000004301440286144142
02004042107212001103873000000005962020394198196
02004042107212001103886000000006072070400202198
02004042107212001106769000000004921690323160163
02004042107212001106797000000005011680333168165
02004042107212001110007000000003881360252127125
02004042107221999106109000000006021960406199207
02004042107222001102936000000004341490285142143
02004042107222001103149000000004321470285142143
02004042107231997106374000000005381880350176174
02004042107231999106025000000003741210253123130
02004042107232000101204000000005962090387193194
02004042107252000100888000000005051630342167175
02004042107252000103248000000004901610329160169
02004042107252001101166000000005771960381196185
02004042107252001110178000000005981890409198211
02004042107261999104186000000004761550321157164
02004042107262000100756000000003831280255127128
02004042107262000104883000000004521450307153154
02004042107272001105181000000005001820318159159
02004042107281999101413000000003851280257125132
02004042107282001100157000000004871610326164162
02004042107291998103395000000003861310255130125
02004042107292001104758000000005331810352178174
02004042107292001107313000000003691220247121126
02004042107292001110176000000003701230247121126
02004042107292001110272000000005461700376177199
02004042107302001103123000000005811880393191202
02004042107302001103774000000005221750347171176
02004042107302001106237000000004861580328162166
02004042107312000101544000000003761210255122133
02004042107312001106440000000003761210255122133
02004042107321999110271000000003911380253128125
02004042107322001102936000000003781300248125123
02004042107322001103149000000003790000000000124
02004042107322001106797000000003851330252127125
02004042107331997106374000000003891370252127125
02004042107332000104236000000005741940380190190
02004042107341999106109000000005381680370178192
02004042107342000101204000000005552020353179174
02004042107362000103248000000004381430295146149
02004042107362001102371000000005831970386191195
02004042107372000100888000000005271460381191190
02004042107372000101205000000005521940358184174
02004042107372001101166000000004341500284142142
02004042107372001102301000000003911370254130124
02004042107372001110007000000004511550296146150
02004042107372001110178000000005811870394199195
02004042107381998100168000000005070000000000171
02004042107382001105178000000005341780356175181
02004042107382001105181000000004901690321157164
02004042107382001106769000000005281810347171176
02004042107382001107326000000005881790409192217
02004042107382001109444000000005281710357177180
02004042107382001110244000000005581880370186184
02004042107382002100708000000005511820369182187
02004042107382002101565000000005621890373184189
02004042107402000102771000000005081720336168168
02004042107412001104758000000003971390258127131
02004042107452001103256000000005381820356178178
02004042107472000102401000000005291860343172171
02004042107472000103248000000003651240241118123
02004042107472001101166000000003771280249122127
02004042107472001102173000000005321890343172171
02004042107481998100168000000004821560326159167
02004042107482001102096000000004371530284138146
02004042107482001105178000000004771620315159156
02004042107491999102892000000004391460293146147
02004042107492000100888000000005270000000000189
02004042107492000102771000000003791280251125126
02004042107492001101203000000004941590335163172
02004042107492001110178000000005661810385188197
02004042107501997101371000000005481750373182191
02004042107521998101427000000005451760369178191
02004042107522001101201000000005701830387191196
02004042107522001102196000000006512120439216223
02004042107522001103526000000005121810331164167
02004042107541999102842000000005701900380191189
02004042107542000102582000000004631570306154152
02004042107542001100841000000005782090369185184
02004042107561999102282000000000001690000159000
02004042107561999110183000000005241770347172175
02004042107562001102204000000004571540303154149
02004042107562001103256000000004911560335158177
02004042107572001101228000000005451760369179190
02004042107572001106373000000006562480408211197
02004042107581998102949000000004411420299143156
02004042107581999102892000000003741220252123129
02004042107581999103459000000005341780356182174
02004042107582001100167000000005321760356176180
02004042107582001105810000000004971580339164175
02004042107582001106721000000005961900406200206
02004042107591999103658000000004201430277140137
02004042107592001102857000000004881590329164165
02004042108001997101371000000004791600319158161
02004042108001998101427000000003741200254120134
02004042108002000103679000000004281440284140144
02004042108002001102096000000003801230257121136
02004042108012001103526000000005091730336169167
02004042108012001103987000000007192390480245235
02004042108032000101112000000004711540317161156
02004042108032000101600000000004901680322165157
02004042108032000102582000000003881360252128124
02004042108032000102987000000004911630328163165
02004042108041998104555000000004871590328158170
02004042108042001100717000000005431780365178187
02004042108052001100841000000005251870338169169
02004042108062001102204000000003811250256126130
02004042108062001104951000000004361500286141145
02004042108062001106373000000003871280259125134
02004042108062001109110000000004541560298152146
02004042108071998105457000000004771600317161156
02004042108071999110183000000004121450267134133
02004042108072000102203000000004741590315157158
02004042108072001106721000000005171650352173179
02004042108081999102282000000004321500282139143
02004042108081999104274000000004891630326156170
02004042108081999106857000000005201690351181170
02004042108082000106010000000004851630322158164
02004042108082000107178000000004851590326158168
02004042108082001100167000000005041690335168167
02004042108082001103261000000005331740359178181
02004042108091998102949000000003921330259130129
02004042108091999100404000000005561830373183190
02004042108091999110115000000006242200404206198
02004042108092000103679000000003751270248124124
02004042108101997101371000000004801480332157175
02004042108101998101469000000004551480307151156
02004042108101999103459000000003901320258134124
02004042108102001101564000000004581540304153151
02004042108102001102857000000003901330257127130
02004042108102001105810000000004041340270137133
02004042108102001109159000000005051700335162173
02004042108111998105921000000006232160407204203
02004042108111999101671000000000001950000184000
02004042108111999102913000000004811590322156166
02004042108112001101726000000004821610321157164
02004042108112001103987000000007042280476244232
02004042108112001105213000000005221720350173177
02004042108132001102693000000005031690334168166
02004042108132001104316000000005311740357176181
02004042108132001104775000000005381730365183182
02004042108132001105217000000005631900373188185
02004042108132001105802000000005071790328170158
02004042108142000104810000000005211790342172170
02004042108142000110149000000004001330267130137
02004042108142001101027000000005251780347176171
02004042108142001102451000000004991640335165170
02004042108142001103415000000004931680325162163
02004042108142001105432000000005011720329166163
02004042108142001105500000000004931680325161164
02004042108142001109353000000005651990366182184
02004042108152001103429000000005111660345167178
02004042108152001105129000000005371810356171185
02004042108152001105136000000005111700341167174
02004042108152001106317000000005141690345170175
02004042108161995108957000000005951900405201204
02004042108161999110204000000005442020342171171
02004042108162000101232000000008272850542274268
02004042108162001106085000000004991770322162160
02004042108162001110016000000005231760347174173
02004042108171998106265000000005411810360182178
02004042108172000103409000000005892100379191188
02004042108172000105553000000005632020361187174
02004042108172001104831000000005331730360180180
02004042108172001106509000000005241780346170176
02004042108172001109159000000005191740345174171
02004042108181998101389000000005311780353177176
02004042108182001103264000000004781560322156166
02004042108182001103372000000000001630000000000
02004042108182001103439000000004781560322159163
02004042108182001106171000000004581500308152156
02004042108182001109160000000004841570327160167
02004042108192000102423000000005791940385194191
02004042108192001102302000000005101780332168164
02004042108192001107438000000005241690355173182
02004042108202001109353000000005441850359183176
02004042108351998103458000000004731540319156163
02004042108351999104244000000004861570329163166
02004042108351999110122000000005071770330168162
02004042108352000101790000000005601770383185198
02004042108352001105434000000004911580333165168
02004042108352001106264000000004981680330170160
02004042108361999102245000000005491860363185178
02004042108362001100605000000005732000373197176
02004042108362001101522000000004521470305147158
02004042108362001101608000000005201770343167176
02004042108362001101723000000000001720000177000
02004042108362001103018000000005181740344177167
02004042108362001103095000000004601490311155156
02004042108362001106271000000005331670366184182
02004042108362001109412000000005171720345172173
02004042108371999104264000000005081810327166161
02004042108371999106849000000004691510318156162
02004042108372001103021000000004641550309152157
02004042108372001105037000000004841630321161160
02004042108372001105303000000005931880405198207
02004042108372001107577000000004421420300147153
02004042108382000102396000000005661850381189192
02004042108382001100649000000004671560311153158
02004042108382001103234000000005051600345169176
02004042108382001104922000000004841640320157163
02004042108391999100288000000004621390323157166
02004042108391999100555000000004871620325159166
02004042108391999101973000000005111810330169161
02004042108392001103318000000004431460297135162
02004042108392001107243000000005201700350174176
02004042108401996105301000000005681840384191193
02004042108401999103327000000004401500290143147
02004042108402000101341000000005261880338171167
02004042108402000103998000000005371810356180176
02004042108402000105892000000005201730347175172
02004042108402000110194000000004121370275136139
02004042108402001102568000000005371780359179180
02004042108402001103011000000005181740344171173
02004042108402001103338000000005341790355174181
02004042108402001103878000000004731560317154163
02004042108402001104176000000005581980360186174
02004042108402001105132000000005631960367186181
02004042108402001105304000000004301410289146143
02004042108402001106077000000004391500289142147
02004042108411996107222000000005961940402205197
02004042108411997100733000000004561650291147144
02004042108412000102008000000005431980345174171
02004042108412000104610000000004751540321158163
02004042108412000106739000000004471450302147155
02004042108412000107468000000004281450283141142
02004042108412001102626000000004701500320157163
02004042108412001107692000000005031690334164170
02004042108421998101287000000004671580309155154
02004042108421999100661000000006342120422214208
02004042108422001107830000000005831930390197193
02004042108422001109124000000004591470312154158
02004042108422001110190000000005191750344164180
02004042108431999110083000000005201760344168176
02004042108432001101234000000005351760359176183
02004042108432001102623000000004971600337162175
02004042108432001104433000000005231720351170181
02004042108432001105784000000005221670355171184
02004042108432001110075000000005491930356183173
02004042108441997110158000000005031600343166177
02004042108442000104400000000005521870365182183
02004042108442001100036000000003771280249125124
02004042108442001102964000000006122050407206201
02004042108442001103779000000005471830364186178
02004042108442001105434000000004201380282139143
02004042108442001107764000000004191470272136136
02004042108451998101469000000003771230254123131
02004042108451998103458000000003811290252126126
02004042108451998104378000000005201820338166172
02004042108452000105971000000005031610342166176
02004042108452001100351000000005722030369187182
02004042108452001100795000000004951690326167159
02004042108452001101522000000003871330254125129
02004042108452001101564000000003801250255124131
02004042108452001103095000000003871290258125133
02004042108452001103522000000004891670322165157
02004042108452001103678000000000001660000152000
02004042108452001103686000000004970000000000169
02004042108452001104262000000005111740337169168
02004042108452001104404000000004551720283145138
02004042108452001104803000000005141710343165178
02004042108452001105193000000005001700330165165
02004042108452001106310000000005111660345171174
02004042108452001106548000000005051730332166166
02004042108461999104244000000003910000000000132
02004042108462000102396000000003861290257128129
02004042108462001100211000000004931580335163172
02004042108462001101340000000005681910377188189
02004042108462001102545000000005101640346165181
02004042108462001103517000000006452200425214211
02004042108462001104465000000004581570301152149
02004042108462001104657000000005251790346176170
02004042108462001105210000000006362160420208212
02004042108462001106264000000003871300257126131
02004042108462001107577000000003831280255125130
02004042108462001107818000000005241590365173192
02004042108471997102280000000005351650370185185
02004042108471998101647000000004691600309152157
02004042108472000101344000000004611550306150156
02004042108472001101723000000000000000000000000
02004042108472001102966000000005782000378188190
02004042108472001109376000000004531600293151142
02004042108472001110105000000004661600306150156
02004042108481999100552000000004991620337170167
02004042108481999102245000000004701590311155156
02004042108482000101304000000004941720322158164
02004042108482000110184000000005491970352181171
02004042108482001101322000000004921750317159158
02004042108482001103096000000006112150396206190
02004042108482001103234000000003621230239118121
02004042108482001104162000000004871660321162159
02004042108482001104293000000003821270255123132
02004042108482001106271000000004531560297153144
02004042108491999100288000000004111340277140137
02004042108491999106733000000006262080418211207
02004042108491999106757000000005181760342168174
02004042108492000103998000000000000000312157155
02004042108492001102404000000005231590364178186
02004042108492001102626000000003911290262131131
02004042108492001103883000000005471850362182180
02004042108492001105811000000005521890363181182
02004042108501998104300000000005331710362177185
02004042108501999100315000000004371580279137142
02004042108501999103690000000004801610319160159
02004042108501999103914000000005111760335166169
02004042108502000105892000000003761270249122127
02004042108502000106042000000004301460284138146
02004042108502000110194000000003771190258124134
02004042108502001103011000000003701260244120124
02004042108502001103299000000004131370276134142
02004042108502001103318000000003731240249123126
02004042108502001103338000000003721290243120123
02004042108502001105132000000004961700326163163
02004042108511996105301000000004611520309158151
02004042108511998100211000000006130000000000198
02004042108511999100555000000004770000000000160
02004042108512000100125000000005251760349164185
02004042108512000100953000000004531560297149148
02004042108512000103042000000003831300253128125
02004042108512001100719000000007412590482259223
02004042108512001100752000000004511530298000000
02004042108512001101041000000004411520289146143
02004042108512001101526000000004391510288143145
02004042108512001101613000000004421480294148146
02004042108512001102121000000004541470307155152
02004042108512001102299000000004731490324157167
02004042108512001102495000000005151660349175174
02004042108512001104718000000005211610360172188
02004042108512001104795000000004351400295145150
02004042108512001106078000000004971640333165168
02004042108512001109124000000003691190250122128
02004042108521997100733000000003721290243120123
02004042108521998101287000000004411470294149145
02004042108521998102136000000004941710323159164
02004042108521999100661000000003791330246127119
02004042108521999101927000000004751510324161163
02004042108521999103327000000004481530295143152
02004042108521999105248000000003661230243119124
02004042108521999106442000000005461770369180189
02004042108522001100758000000005231790344172172
02004042108522001103878000000004371480289142147
02004042108522001106077000000003791280251126125
02004042108522001106395000000004271410286143143
02004042108522001110020000000004681580310161149
02004042108531998106079000000004901600330165165
02004042108531998106989000000004831590324161163
02004042108531998110047000000004271440283138145
02004042108531999100872000000005501870363180183
02004042108531999107030000000005511930358182176
02004042108532000105203000000005811890392192200
02004042108532000106739000000003811300251124127
02004042108532000107468000000003891280261131130
02004042108532001101293000000005651840381191190
02004042108532001102623000000003751300245125120
02004042108532001105304000000003791290250123127
02004042108532001107830000000003871240263128135
02004042108532001110075000000003761290247125122
02004042108532001110190000000004581520306149157
02004042108542000110234000000004221380284137147
02004042108542001100973000000005431690374184190
02004042108542001105193000000003851310254128126
02004042108542001105976000000004490000000000152
02004042108542001106548000000004771600317159158
02004042108542001107257000000005891870402200202
02004042108542001110169000000004191370282139143
02004042108551996110213000000006071950412203209
02004042108552000105971000000003641270237119118
02004042108552001100351000000005861980388195193
02004042108552001103052000000004481460302150152
02004042108552001103678000000003911320259127132
02004042108552001103686000000000000000000000000
02004042108552001104404000000003771300247126121
02004042108552001104406000000004721540318159159
02004042108562001102964000000005631890374187187
02004042108562001104657000000005181740344170174
02004042108562001109376000000003761280248124124
02004042108571998100637000000005251860339168171
02004042108571998105495000000005111840327166161
02004042108571999104113000000006202080412198214
02004042108572001101340000000004801560324159165
02004042108572001103517000000005021660336164172
02004042108581998101647000000004270000000000147
02004042108582000101344000000004061350271132139
02004042108582000102366000000004421510291145146
02004042108582001104254000000006322080424212212
02004042108582001110105000000004771540323160163
02004042108591997102280000000003661200246119127
02004042108591998100211000000005880000000000198
02004042108591998104300000000005201690351000000
02004042108591999102245000000003791300249124125
02004042108592000100095000000005341800354176178
02004042108592000101304000000000001200000123000
02004042108592000103998000000003691210248120128
02004042108592001100574000000005221720350175175
02004042108592001101723000000003661210245119126
02004042108592001102404000000004921570335165170
02004042108592001103588000000005231700353176177
02004042108592001104162000000003821320250122128
02004042108592001106271000000003831300253127126
02004042109001999100552000000004391460293143150
02004042109002000100125000000004291470282140142
02004042109002001101322000000004951730322163159
02004042109002001101381000000004611530308152156
02004042109002001102107000000004601520308153155
02004042109002001102495000000003701240246121125
02004042109002001103299000000003751220253121132
02004042109002001104233000000000000000338168170
02004042109002001104718000000003721250247121126
02004042109002001106728000000004611550306153153
02004042109011999100315000000003801230257120137
02004042109011999103690000000003791330246124122
02004042109012000106042000000003871370250126124
02004042109012001100752000000003961340262129133
02004042109012001101041000000003781240254125129
02004042109012001101526000000003811260255125130
02004042109012001101613000000003781250253125128
02004042109012001104795000000003791270252123129
02004042109012001106395000000003801310249123126
02004042109012001109483000000005781910387194193
02004042109021996105301000000004421480294146148
02004042109021998102136000000003801290251122129
02004042109021999100872000000004481550293148145
02004042109021999106800000000005271780349179170
02004042109021999107030000000004551560299150149
02004042109022000110205000000004371490288141147
02004042109022001101293000000005081750333166167
02004042109022001102121000000004811620319161158
02004042109022001103132000000004831650318158160
02004042109022001103383000000005171660351171180
02004042109022001104257000000004601550305153152
02004042109022001104293000000004181440274135139
02004042109022001106182000000004931650328159169
02004042109031998102076000000000000000288143145
02004042109031998104689000000004541530301148153
02004042109031998105274000000004600000000000156
02004042109032000110184000000005321960336169167
02004042109041998110047000000004191420277136141
02004042109042000105203000000004211450276143133
02004042109051996106265000000004871590328164164
02004042109052001100351000000005881950393195198
02004042109052001100758000000004961660330158172
02004042109052001100973000000005061650341171170
02004042109052001103052000000004071400267138129
02004042109052001104406000000004111430268138130
02004042109052001107257000000005511840367179188
02004042109052001107463000000005071780329164165
02004042109061999100717000000005221790343171172
02004042109061999104113000000005571800377190187
02004042109062001103660000000005131680345175170
02004042109071996110213000000006192040415204211
02004042109071998100211000000000000000408000000
02004042109071999101517000000005671920375188187
02004042109072000100102000000006121970415202213
02004042109081999106288000000004941650329165164
02004042109082000102366000000003961340262130132
02004042109082000103305000000004831540329161168
02004042109082000105000000000004861650321168153
02004042109082000110234000000003711230248122126
02004042109082001110169000000003641200244118126
02004042109091998100637000000004281420286137149
02004042109091998105495000000004831740309156153
02004042109091999110031000000005131670346173173
02004042109092000103109000000000000000315163152
02004042109092000105127000000005091710338170168
02004042109092000106808000000005461860360181179
02004042109092001100572000000005131760337171166
02004042109092001101381000000004831540329159170
02004042109092001102107000000004661540312157155
02004042109092001102969000000000001500000142000
02004042109092001104233000000004791480331160171
02004042109092001106728000000004741540320155165
02004042109101998101647000000004760000000000162
02004042109102000101344000000004541500304146158
02004042109102001103151000000004261470279137142
02004042109102001104091000000005151760339167172
02004042109102001104254000000005701840386187199
02004042109102001105164000000005561890367182185
02004042109102001106293000000005111760335171164
02004042109102001106547000000005011560345165180
02004042109102001109111000000005732000373191182
02004042109102001109460000000005541880366184182
02004042109111998101546000000004841710313155158
02004042109111999100872000000003831390244122122
02004042109111999107030000000003731290244122122
02004042109112000107596000000004871650322164158
02004042109112001100163000000005391750364179185
02004042109112001101293000000004341440290143147
02004042109112001102109000000005091670342172170
02004042109112001103383000000004961530343170173
02004042109122001102661000000005622020360180180
02004042109122001104883000000005501950355181174
02004042109131999107073000000005560000000000183
02004042109141996106265000000004610000000000155
02004042109141998102076000000000001290000124000
02004042109141998105274000000000000000244119125
02004042109141999102639000000004581610297149148
02004042109142000106015000000005251900335168167
02004042109142000106502000000005671950372192180
02004042109142001100247000000005551730382185197
02004042109142001104257000000003801270253124129
02004042109152000110205000000003741270247122125
02004042109152001104334000000005121640348170178
02004042109152001106182000000004841590325164161
02004042109161999100717000000003641220242121121
02004042109161999101517000000005341780356178178
02004042109161999106800000000003871340253132121
02004042109162001103132000000003891340255132123
02004042109162001107463000000003841330251125126
02004042109162001110060000000005241820342171171
02004042109172001104825000000005391940345178167
02004042109182001103660000000005221750347182165
02004042109191998102000000000008522960556289267
02004042109191998107013000000005871920395196199
02004042109192000100102000000005401760364180184
02004042109192000103784000000006112000411205206
02004042109192000106808000000005021660336170166
02004042109192001101266000000006112070404203201
02004042109192001107074000000005281710357174183
02004042109202001102969000000003971330264133131
02004042109202001103151000000003891360253127126
02004042109202001104091000000004621520310157153
02004042109202001106293000000004261390287146141
02004042109202001109111000000004291460283141142
02004042109212000107596000000004041350269135134
02004042109212001102255000000004031380265131134
02004042109212001105164000000005091680341170171
02004042109212001109460000000005561960360175185
02004042109221999105433000000005071650342170172
02004042109221999106957000000005211700351176175
02004042109221999107073000000005181780340172168
02004042109222000105555000000005301810349171178
02004042109232001104883000000005091810328160168
02004042109242001104687000000006262020424210214
02004042109252000106015000000004641640300151149
02004042109252000106502000000003791330246122124
02004042109252001100247000000005351740361179182
02004042109252001105675000000005691790390194196
02004042109252001106547000000004571540303153150
02004042109261997100725000000006161980418209209
02004042109261999101517000000000000000379195184
02004042109261999106732000000005901950395197198
02004042109262000101383000000005851930392196196
02004042109271998101765000000006810000000000235
02004042109272000101631000000006452200425211214
02004042109272001104334000000004961570339170169
02004042109272001109151000000004751610314156158
02004042109281999103228000000004661580308154154
02004042109282000110209000000004381470291147144
02004042109282001102941000000006322200412213199
02004042109282001104656000000006222180404210194
02004042109282001105202000000004381510287141146
02004042109282001110083000000006322200412213199
02004042109291999110236000000000000000000000000
02004042109292001104091000000003961390257129128
02004042109292001109111000000003911360255127128
02004042109302001100231000000005131690344168176
02004042109302001103440000000005111670344171173
02004042109302002105639000000005131720341162179
02004042109311997103599000000004981710327166161
02004042109311999105450000000005151810334172162
02004042109312001101341000000004921620330162168
02004042109312001105249000000005161730343170173
02004042109322000104291000000004641560308153155
02004042109331998107247000000005501840366188178
02004042109331999102587000000005231780345177168
02004042109332000101613000000004961660330168162
02004042109332000102478000000004921680324000000
02004042109332001110248000000004551580297149148
02004042109342001103607000000004181390279140139
02004042109342001106068000000005521980354184170
02004042109352001104687000000006252040421212209
02004042109371997100725000000005711820389191198
02004042109372000101383000000005341740360176184
02004042109372001103258000000006131940419207212
02004042109372001103367000000006081870421198223
02004042109372001105675000000005761830393196197
02004042109381998100713000000000001840000183000
02004042109381999103228000000004631530310149161
02004042109381999106732000000005491900359181178
02004042109382000110209000000003771250252124128
02004042109382001102050000000005141680346164182
02004042109382001105202000000003761230253124129
02004042109382001109447000000005651830382187195
02004042109391998101765000000006081970411205206
02004042109391999110236000000003701200250000000
02004042109392000101631000000006312200411208203
02004042109402001100547000000005331890344173171
02004042109411999106761000000000000000242123119
02004042109421998104584000000005581930365185180
02004042109421998106980000000005620000000000179
02004042109421999105450000000005171770340174166
02004042109422001104886000000004961600336166170
02004042109422001105705000000005451820363186177
02004042109422001109446000000005021610341169172
02004042109432000100279000000005621850377190187
02004042109432000106038000000005611880373188185
02004042109432001102496000000005221710351167184
02004042109432001103226000000005551890366183183
02004042109441998106017000000005641860378000000
02004042109441999105790000000005241820342175167
02004042109442000104291000000003781330245123122
02004042109451998107247000000005501880362182180
02004042109452001102941000000005832120371186185
02004042109452001103238000000005641840380191189
02004042109452001104656000000005842100374000000
02004042109452001110083000000005852120373189184
02004042109452001110134000000005821950387193194
02004042109452001110248000000004491530296148148
02004042109461999102587000000004081390269137132
02004042109462001102914000000005972200377194183
02004042109462001103607000000003771270250125125
02004042109471998100436000000004191390280142138
02004042109471998100713000000005301840346174172
02004042109471999104112000000004431520291145146
02004042109472000107035000000004341560278140138
02004042109472001103258000000003711280243122121
02004042109472001103367000000003791340245125120
02004042109481998110118000000004830000000000156
02004042109481999105701000000004761630313156157
02004042109482000102874000000005161730343169174
02004042109482000105271000000003951360259128131
02004042109482000110221000000005201760344172172
02004042109482001109447000000005291800349175174
02004042109491999106732000000005321730359177182
02004042109492000101383000000005340000000000185
02004042109492001103170000000005021630339171168
02004042109492001103748000000005151740341173168
02004042109492001105675000000005301720358176182
02004042109501998101765000000005431800363182181
02004042109502000101631000000005511870364184180
02004042109502001103626000000004451510294146148
02004042109502001107339000000004421460296148148
02004042109512000106298000000004651570308153155
02004042109512001107308000000004721630309152157
02004042109521998104584000000004740000000000156
02004042109521998106980000000004681620306154152
02004042109522001105191000000004671570310155155
02004042109522001105705000000004601570303149154
02004042109542001101341000000004311460285142143
02004042109561999106761000000004101380272000000
02004042109562001103258000000006252090416203213
02004042109562001103285000000005521870365189176
02004042109562001106630000000005912060385197188
02004042109562001106970000000005601940366190176
02004042109572001100637000000006172180399212187
02004042109572001103238000000005801850395196199
02004042109572001103367000000008032480555265290
02004042109572001110134000000005641910373186187
02004042109582001102914000000005221630359164195
02004042109591998110118000000003750000000000126
02004042109591999105701000000003961330263132131
02004042110011999104112000000004391390300141159
02004042110012000107035000000004081470261135126
02004042110021998100436000000000000000268000000
02004042110022000106298000000003821310251124127
02004042110022001105191000000003791290250123127
02004042110022001107308000000003711260245120125
02004042110032000105271000000004141430271139132
02004042110091999110133000000004861630323160163
02004042110092001103238000000005341720362181181
02004042110102001103285000000004081460262131131
02004042110102001106630000000003981380260131129
02004042110102001106970000000003941380256129127
02004042110102001110134000000005171780339168171
02004042110112001102914000000005742090365187178
02004042110161998103145000000005992070392196196
02004042110261998103145000000000000000000180000
02004042110361998103145000000005151690346171175
