12004041803592000100404076019705631920371184187
12004041804002001100088081121805932020391196195
12004041804002001102184079820405942020392196196
12004041804002001103697076919905701870383193190
12004041804002001103704075719105661860380191189
12004041804002001103707078420105831950388195193
12004041804002001103722070419105131760337170167
12004041804002001103725076119605651860379187192
12004041804002001105286079021405761910385194191
12004041804002001107385078420105831950388195193
12004041804011999106927071418605281730355176179
12004041804011999106970081021905912020389197192
12004041804012001101737069618205141780336168168
12004041804012001103010069918705121700342169173
12004041804012001103241078721805691900379188191
12004041804012001103369076520505601870373186187
12004041804012001107327066619604701800290154136
12004041804021999105140069517605191690350171179
12004041804021999105407070419005141760338173165
12004041804022001101865072719005371850352179173
12004041804022001103249072719105361820354180174
12004041804022001103344080022205782030375190185
12004041804022001104876073520405311830348174174
12004041804031997103423068619204941730321161160
12004041804031998110143072919505341780356179177
12004041804031999106935053114503861240262128134
12004041804032000101474071118905221770345178167
12004041804041998101514069116705241720352000000
12004041804041998102926062915504740000000000161
12004041804041999105955060216204401520288146142
12004041804042000101561067518104941570337169168
12004041804042001105493072818405441810363186177
12004041804042001105701052213603861250261128133
12004041804042001110194068116405171710346175171
12004041804052001100618062316804551540301154147
12004041804052001103167071818005381740364183181
12004041804052001105692077120405671950372192180
12004041804062000105072085222406282270401205196
12004041804062001102320074919105581800378182196
12004041804062001106369064415704871550332163169
12004041804062001107446069918205171730344174170
12004041804082001102532085324406092130396199197
12004041804082001104740073019905311790352174178
12004041804092001100490070518905161760340171169
12004041804092001104872063216504671530314153161
12004041804101999106894077621905571990358183175
12004041804102000101054080924405652000365186179
12004041804102001102019080921805912010390198192
12004041804102001107796077819705811920389196193
12004041804102001109133091324306702260444224220
12004041804111998100305078819605922000392199193
12004041804111998100595058715604311450286141145
12004041804111999101119091619707192340485244241
12004041804111999101557077519305822030379192187
12004041804111999106137081919206272120415211204
12004041804111999110180075218005721880384184200
12004041804112001104928083000000000000476234242
12004041804112001105057096523707282410487245242
12004041804112001107000000018300000000000000000
12004041804112001110247076521105541900364184180
12004041804122000101718074418605581760382183199
12004041804122001100759079121005811900391195196
12004041804122001107012074417405701850385186199
12004041804122001110148058616304231520271141130
12004041804131999106927060517204331540279142137
12004041804132000106314052314003831260257125132
12004041804132001101279052614003861260260125135
12004041804132001103369063117004611590302155147
12004041804132001103697065018104691660303153150
12004041804132001103935075518905661900376189187
12004041804142001100259065616704891620327159168
12004041804142001100699069017205181650353174179
12004041804142001101737061016404461600286148138
12004041804142001101740069717305241680356177179
12004041804142001101865058715504321370295144151
12004041804142001103361074619805481900358176182
12004041804142001103707061717504421490293144149
12004041804142001103725074919205571810376186190
12004041804142001107176072818405441790365178187
12004041804142001107385072419805261800346180166
12004041804142002101901072618305431790364175189
12004041804152001103042060116604351510284144140
12004041804162000104796083321106222090413208205
12004041804162000105106061716204551640291147144
12004041804162001103306071317005431770366182184
12004041804162001110276075018805621870375188187
12004041804171999104304057915704221440278144134
12004041804172001102230056315704061430263131132
12004041804172001105313066017904811660315159156
12004041804181998101514064216204801620318159159
12004041804182001103487058815004381470291142149
12004041804182001105369066719004771680309162147
12004041804182001105493056715904081460262135127
12004041804182001107005066117704841700314164150
12004041804182002100187072018005401780362186176
12004041804182002103735071317705361780358188170
12004041804191997100785077518905861860400197203
12004041804191998100682077119805731930380195185
12004041804192000104102076719105761880388191197
12004041804192001102696071118905221730349000000
12004041804192001102993075100000000000372188184
12004041804192001104722071516005551680387190197
12004041804192001107446069021304771960281157124
12004041804192002106461080119506061990407202205
12004041804202000101218082721706102080402204198
12004041804202000107478072319605271800347176171
12004041804202001102532068018104991690330166164
12004041804202001104112065815505031560347172175
12004041804202001110274087220506672090458230228
12004041804212000101413080321205912040387202185
12004041804212001100668070419405101690341172169
12004041804212001100748069420704871820305153152
12004041804212001102320070117105301640366182184
12004041804222001100029070619305131770336174162
12004041804222001104740067018104891510338158180
12004041804222001106923062017004501520298152146
12004041804222001107398082125405671950372187185
12004041804231997106338072818605421830359183176
12004041804231999107080076919005791950384198186
12004041804232000101561056915504141420272136136
12004041804232001100194062016504551580297155142
12004041804232001101818057517504001430257129128
12004041804232001105154075620705491850364176188
12004041804232001106161073918405551850370186184
12004041804232002105998078418905951940401198203
12004041804232002107556078319205911930398195203
12004041804241999101557073920205371940343180163
12004041804241999102672072018505351790356180176
12004041804242000101718064316704761640312156156
12004041804242001102853056815804101410269137132
12004041804242001107212072518305421700372183189
12004041804242001107796065217104811610320170150
12004041804242001109133078820305851910394197197
12004041804251997102703058517004151460269135134
12004041804251998106629080821405941950399202197
12004041804251999101858060918504240000000000128
12004041804251999106735058315804251340291137154
12004041804252001107382087823106472150432220212
12004041804261998103848061817304451550290143147
12004041804262000103014070618205241730351000000
12004041804262001100411071918605331820351177174
12004041804262001100759068019404861800306163143
12004041804262001103220072600000000000368183185
12004041804262001107012066517904861770309165144
12004041804262001109388073619705391800359179180
12004041804262001200035065716004971590338163175
12004041804272000109469059115504361450291144147
12004041804281998102734061919204271650262135127
12004041804282000105991070717405331680365169196
12004041804282001100699066715705101600350170180
12004041804282002101901068616805181670351173178
12004041804292001100512058816004281460282141141
12004041804292001102437074618505611800381193188
12004041804292001107205058716004271450282142140
12004041804292001107593080122205792050374191183
12004041804302000102044078820005881970391199192
12004041804311996105920060515904461440302152150
12004041804311999102072059915204471530294148146
12004041804311999102748061415904551490306154152
12004041804312000101582070518405211700351173178
12004041804312000104796076520005651920373186187
12004041804312000107542066416704971600337166171
12004041804312001100833052213103911210270128142
12004041804312001101548075819005681790389188201
12004041804312001103317065216904831590324159165
12004041804312001103361057314504281410287140147
12004041804312001107210065517104841590325161164
12004041804312001110276074519005551810374189185
12004041804322001102696057015304171410276139137
12004041804322001102993056900000000000275140135
12004041804322001103385069718005171670350174176
12004041804322001105995077320305701910379192187
12004041804322001106177056114104201390281143138
12004041804332001101787080021005901990391200191
12004041804332001103788060016304371520285149136
12004041804332001105690085822606322190413211202
12004041804332001106786079321205811980383198185
12004041804342000101413070620205041830321161160
12004041804351999104888063516804671580309155154
12004041804362000101218078519705881940394196198
12004041804362000110105072617605501820368186182
12004041804362001110274081820606122030409206203
12004041804371999107080054514204031350268132136
12004041804372001100707061916304561490307150157
12004041804372001101711067217304991620337165172
12004041804372001106927071118805231750348176172
12004041804381997106338057815004281380290143147
12004041804382001102405069518005151740341168173
12004041804382001103019074519205531780375188187
12004041804382001103416077022505451970348180168
12004041804382001106161000000000000000287143144
12004041804382002105998068217505071680339169170
12004041804382002107556068217505071680339170169
12004041804391999102672059617104251530272139133
12004041804392000101528082421806061930413205208
12004041804392000101879071018105291700359183176
12004041804392000103614076219805641860378189189
12004041804401999102418070619905071740333165168
12004041804402000100397070517905261710355178177
12004041804402001103477070819405141780336171165
12004041804402001105273070217805241710353177176
12004041804412000103014000000004061480258131127
12004041804412001109388073919305461820364181183
12004041804432001103291067217604961670329166163
12004041804432001105111074219205501740376190186
12004041804432001105218070817505331720361178183
12004041804432001105833072717805491760373184189
12004041804432001106930074418605581820376189187
12004041804441998100684068418005041630341171170
12004041804442000106471069518705081720336172164
12004041804442001100519071718105361730363181182
12004041804442001102261064516704781630315160155
12004041804442001103028066816805001640336169167
12004041804442001105995053314803851330252125127
12004041804452000102044082720706202060414209205
12004041804452000102258078219505871940393194199
12004041804452001103353078620205841930391192199
12004041804452001109137070618305231730350172178
12004041804452001109219076422005441940350180170
12004041804462000110130078021705631950368192176
12004041804462001102437074019105491820367180187
12004041804471998107424074319705461830363183180
12004041804471999101913075520105541890365184181
12004041804472001101748000000000000000000184000
12004041804472001106525066517404911650326163163
12004041804472001110168065019704531810272148124
12004041804481998110197069618005161750341172169
12004041804482000106086077920405751950380194186
12004041804482001101592062917304561510305148157
12004041804482001103315065016904811590322159163
12004041804491997107091079720705901980392194198
12004041804491998103390000013900001330000125000
12004041804491999101880083221706152300385191194
12004041804492000110004068218404981670331164167
12004041804492001100652084920306462320414222192
12004041804492001110197097124307282450483259224
12004041804501998103174064015304871550332161171
12004041804501999104209069618105151860329176153
12004041804501999110260072019105291810348177171
12004041804502000102521056416004041380266133133
12004041804502000107363060716004471440303148155
12004041804502000110100070719205151760339171168
12004041804502001100202069718205151760339171168
12004041804502001103358069117805131730340169171
12004041804502001104694059915204471480299147152
12004041804502001110085065717304841660318164154
12004041804502002110064069318005131670346176170
12004041804512000110105070817105371790358181177
12004041804512001100102073120305281910337170167
12004041804512001103019072718305441790365185180
12004041804512001103416056815604121420270136134
12004041804512001105301074619505511870364183181
12004041804521999106900064618604601640296150146
12004041804522001102820062418304411520289145144
12004041804522001105769072418605381760362182180
12004041804532000100397068517005151700345177168
12004041804532000103614069800000000000352174178
12004041804532000110173070318605171720345175170
12004041804532001102514075520605491870362186176
12004041804532001104869061316804451510294147147
12004041804532001105273067617405021620340174166
12004041804542000107685075718805691760393189204
12004041804542000110020059917304261610265134131
12004041804542000110236067918504941700324163161
12004041804542001100283062200000000000268139129
12004041804542001110212060317404291610268136132
12004041804552000105665075820805501870363186177
12004041804552001100268071419605181730345168177
12004041804552001102211077021805521980354189165
12004041804552001102405069817405241690355172183
12004041804552001102442060316004431490294147147
12004041804552001106254060315804451540291147144
12004041804552001107638068617705091670342172170
12004041804561999104732076019205681780390194196
12004041804561999107631073121405171740343175168
12004041804561999110067076618305831810402197205
12004041804562000101293072921705121710341172169
12004041804562000106983070616605401650375182193
12004041804562001101705069818305151710344170174
12004041804562001103355072019805221730349175174
12004041804572000106471070918305261750351180171
12004041804572001100519066318104821700312168144
12004041804572001101385053914903901310259126133
12004041804572001101703074219805441830361182179
12004041804572001102687077220305691890380191189
12004041804572001103145054915603931310262127135
12004041804572001103279057314604271430284140144
12004041804572001105111057114304281410287141146
12004041804572001105366062918404451610284148136
12004041804572001105426071419205221810341174167
12004041804572001106930057014304271400287142145
12004041804572001110076000015600001430000131000
12004041804581997103757078920105881890399193206
12004041804582000103861067315305201700350181169
12004041804582001102046068516905161630353176177
12004041804582001102667055915504041430261131130
12004041804582001104979056114104201290291130161
12004041804582002102706068017605041750329167162
12004041804582002110003073619005461870359183176
12004041804591998106888076320505581880370190180
12004041804592001103967063917804611610300156144
12004041804592001104911075718905681920376189187
12004041804592001105008079721305841900394200194
12004041805001998107424066817404941710323167156
12004041805002000101437064717004771560321160161
12004041805002001100543072219005321740358180178
12004041805002001101969080622105852040381199182
12004041805002001105825095024807022340468237231
12004041805021999110109069518005151670348175173
12004041805022001110211073617505611760385188197
12004041805032001101103075723005271860341171170
12004041805032001110063069819105071690338167171
12004041805041997107091069517405211790342177165
12004041805041999101880069919405051840321181140
12004041805041999110296054814604021350267135132
12004041805042001100652073918005591860373188185
12004041805042001103359079321905742030371185186
12004041805051996106106074619205541830371185186
12004041805051997106334075019205581790379191188
12004041805052000106609077520205731850388197191
12004041805052000110004056916204071520255128127
12004041805052001102080073219405381810357182175
12004041805052001106139072919605331850348176172
12004041805061997102548077020605641900374188186
12004041805061999101279077420905651940371195176
12004041805062000102766073919005491760373182191
12004041805062001100280067717005071610346172174
12004041805081999104732062716204651560309156153
12004041805081999106793064016904711610310158152
12004041805081999106835000000000000000000000164
12004041805082000101595074618705591770382191191
12004041805082000103370083420806262080418209209
12004041805082001100244059315404391470292147145
12004041805082001100839057614604301410289144145
12004041805082001101113075220205501970353179174
12004041805082001107638071317905341790355180175
12004041805091998104123056916204071390268136132
12004041805091999102074061716604511510300151149
12004041805091999107631060916704421490293148145
12004041805092000101293064917704721550317161156
12004041805092000101432057716004171340283140143
12004041805092000110173058115704241450279143136
12004041805092001101705058415904251460279144135
12004041805092001103355059116104301460284145139
12004041805092001103460059316304301470283142141
12004041805092001103469058916204271480279144135
12004041805092001103807059816104371450292153139
12004041805092001105318057716104161350281139142
12004041805092001110264069020604841730311160151
12004041805101998107103073617905571830374182192
12004041805102000106983070517105341680366178188
12004041805102001101703070317905241750349174175
12004041805102001102113063116804631590304152152
12004041805102001102687072919905301740356179177
12004041805111997103757077720205751870388196192
12004041805111998101349082421706072100397200197
12004041805112001104566083922606132090404206198
12004041805112001105426064918804611760285149136
12004041805112001106650084022606142100404206198
12004041805121997103866064716804791590320162158
12004041805121999110067072017605441740370188182
12004041805122000101603088424906352200415211204
12004041805122001100836054615503911290262128134
12004041805122001105513069016805221740348176172
12004041805131999101368072418205421790363178185
12004041805132001101563066116704941620332167165
12004041805141999100578073118405471830364178186
12004041805141999100735071119905121690343172171
12004041805142000106681075220405481920356183173
12004041805142001103518077419605781910387196191
12004041805142001104630073717905581760382192190
12004041805142001105490076418705771810396197199
12004041805142001106522080219506071980409207202
12004041805142001107710077100000000000373191182
12004041805162000107345056015804021380264131133
12004041805162001102216072120405171810336168168
12004041805162001107133060914904601510309156153
12004041805172000110266080821005982030395200195
12004041805172001103193065918504741620312156156
12004041805172001103359072919705321830349181168
12004041805182000102202075121805331810352178174
12004041805182000106609070818305251800345175170
12004041805182001103986059615804381430295150145
12004041805182001107662059615804381430295149146
12004041805192000101824071018005301740356182174
12004041805192001100980064816404841640320163157
12004041805192001107546065116804831620321164157
12004041805201999101764064100000000000327162165
12004041805202001100037075919405651860379190189
12004041805211999101279054715403931370256130126
12004041805212000101595060315704461440302148154
12004041805221997102548078620105852010384196188
12004041805221998102844000000000000000000000000
12004041805222001100280060514704581440314154160
12004041805222001101113063215804741540320157163
12004041805222001104306068415905251720353169184
12004041805222001107192076019305671810386194192
12004041805231997107690077421605581890369187182
12004041805231998107103069917105281750353177176
12004041805232001103274068116905121680344172172
12004041805232001103432061518204331620271138133
12004041805242000110028069718205151710344173171
12004041805242001101125065616204941610333162171
12004041805242001106186065816804901610329162167
12004041805242001110013073118605451810364184180
12004041805261998101707059517204231390284137147
12004041805262001102862072719405331760357178179
12004041805262001104227069017505151630352173179
12004041805271998101349069018105091770332170162
12004041805271998106944061215804541520302153149
12004041805271998110292076721605511920359184175
12004041805271999110096063617504611640297146151
12004041805272000110174055714404131360277138139
12004041805272001100271054614604001340266135131
12004041805272001100416058814904391480291146145
12004041805272001102426070716705401750365181184
12004041805272001103488063515604791540325157168
12004041805272001104566078321605671980369189180
12004041805272001106650078621805681980370191179
12004041805272001106665055014504051350270136134
12004041805281998106357067517005051660339173166
12004041805282000101691065617204841650319160159
12004041805282001103518067418304911800311158153
12004041805291997105154073818005581820376190186
12004041805291998110195069717205251770348000000
12004041805291999100735071419905151780337168169
12004041805292000104800075019205581830375187188
12004041805292001102339067216505071680339171168
12004041805301999101368067716905081690339171168
12004041805302001102976068115205291640365178187
12004041805311998103855070518505201770343173170
12004041805312000101919064115604851550330163167
12004041805312000102712065013705131490364169195
12004041805312000107432074718905581840374185189
12004041805312001102470065418604681690299149150
12004041805312001107557057714804291430286140146
12004041805322001104023068017705031660337164173
12004041805322001107093068017705031660337167170
12004041805331999104213070919505141740340183157
12004041805332000102202059916704321490283142141
12004041805332001100861062215804641510313154159
12004041805332001104009060815704511510300149151
12004041805332001104885066618304831700313159154
12004041805341996107427059317204211540267135132
12004041805342000110203000018200001380000129000
12004041805361996110208078218905932010392192200
12004041805372001110013069417705171720345176169
12004041805382001102156074619005561870369187182
12004041805382001104290072718905381830355177178
12004041805392000105680075719705601850375187188
12004041805392001102426057714904281460282143139
12004041805402000100161072519405311760355176179
12004041805412001102339058115004311460285147138
12004041805432001100630067816405141640350172178
12004041805432001102862063416304711530318156162
12004041805442000101919063715904781520326158168
12004041805442001104227067316605071650342170172
12004041805451998110090068500000000000363184179
12004041805452000103719073318905441780366178188
12004041805452001100622092826306652270438225213
12004041805452001103584092925406752410434227207
12004041805452001103924082224005822000382193189
12004041805461997103914068719104961730323167156
12004041805462000106337054015003901370253127126
12004041805462001104226069819005081740334166168
12004041805462001106481068418904951730322167155
12004041805472001100427059015204381420296148148
12004041805472002100709072218505371760361178183
12004041805472002107073071217905331670366181185
12004041805481999106806069616805281790349177172
12004041805482001110152072919805311850346177169
12004041805492000110212067317404991640335166169
12004041805492001101434070317305301620368000000
12004041805492001107393000016500001480000141000
12004041805511999100159069817405241720352175177
12004041805512001100573073419105431790364182182
12004041805512001102156064717104761650311165146
12004041805512001103703073218605461780368181187
12004041805522001100442065316804851550330165165
12004041805522001103289069417305211710350178172
12004041805522001106789000017400001660000167000
12004041805522001106954079121605751970378194184
12004041805522002110041067516705081640344170174
12004041805541999106622060816504431510292149143
12004041805542001104290058715304341430291144147
12004041805572000106533053613304031310272132140
12004041805572001102229071318005331870346179167
12004041805581998110090068716605211650356182174
12004041805582000101873064915604931540339162177
12004041805592000103719069118805031700333169164
12004041805592001103924070118305181740344172172
12004041805592001104648076519505701910379194185
12004041806002001102213056315704061410265136129
12004041806002001104854072918905401760364180184
12004041806002001106631073819705411770364184180
12004041806011999100510064317104721490323155168
12004041806012000101833063416804661460320158162
12004041806012001100974073221505171760341173168
12004041806012001101752069417305211680353180173
12004041806012001103083072120805131750338173165
12004041806021999107060061216004521560296151145
12004041806022000105130072318805351800355180175
12004041806022001104981067917005091680341167174
12004041806032000110087065717904781570321160161
12004041806032001105515070018705131730340172168
12004041806041996200003060800000000000000000171
12004041806042000102866055315803951370258130128
12004041806042001102058062500000000000291146145
12004041806042001102493082421306112060405207198
12004041806042001106298071120505061790327168159
12004041806051998103111067618504911690322162160
12004041806051999100159068317505081650343172171
12004041806052001103703074219905431820361183178
12004041806052001105782068916705221660356177179
12004041806061999101659067918304961690327169158
12004041806062001100415069217105211690352176176
12004041806071999110001065016304871600327163164
12004041806072001103283061514704681520316159157
12004041806072001104952065716704901640326161165
12004041806072001110220060315104521530299150149
12004041806072001110237061316004531520301150151
12004041806081997103914067617305031670336168168
12004041806081999106731062916004691520317157160
12004041806082000101786071217705351780357179178
12004041806082000105698068417005141650349176173
12004041806082001103400063916004791580321160161
12004041806082001104794070617705291710358177181
12004041806091999100356054414603981350263131132
12004041806092000105192065917104881630325164161
12004041806092001100417053714303941340260128132
12004041806092001106954064617104751570318158160
12004041806101998102528054214303991390260127133
12004041806102000101492054314703961430253128125
12004041806102001103113055915004091460263129134
12004041806102001103396068417005141680346171175
12004041806102001105655054914804011430258131127
12004041806111997105070070016405361780358179179
12004041806112001103157073418405501820368184184
12004041806112001104792076321605471870360179181
12004041806112002102953067218004921710321162159
12004041806112002103606067818304951720323163160
12004041806121999103463057216204101400270137133
12004041806122001100083074718405631860377184193
12004041806122001104873076719905681870381189192
12004041806122001106474000000000000000374184190
12004041806122001107079057715904181500268143125
12004041806131995102261065417104831590324164160
12004041806131998105261059815004481410307149158
12004041806131999104268000000003911340257128129
12004041806132000102112063616904671570310157153
12004041806132001102686069018105090000000000000
12004041806132001103601071018605241780346174172
12004041806132001106203067518304921790313153160
12004041806132001110167063617304631580305151154
12004041806141998101308000000004631530310155155
12004041806142000110087000000004681570311154157
12004041806151999100510063015604741470327156171
12004041806152000100563066117804831470336152184
12004041806161998110263072400000000000346176170
12004041806162000104621055513704181370281138143
12004041806162001100066066317504881660322165157
12004041806162001105515072419205321800352178174
12004041806162001106298062616604601560304155149
12004041806162001106550068416405201660354167187
12004041806172000106527074219505471840363186177
12004041806182001100415066417704871660321165156
12004041806192001104489070217205301650365174191
12004041806201999104283065116604851550330166164
12004041806201999110001056514104241410283138145
12004041806202001100274078621305731960377190187
12004041806202001104952057215004221400282140142
12004041806221995100747067316105121650347166181
12004041806221999105944071719505221740348177171
12004041806222000101306071019205181750343172171
12004041806222000101786066716705001650335169166
12004041806222000104371000000005361870349178171
12004041806222001103154067917005091680341176165
12004041806222001104794065317804751680307164143
12004041806231999107545058015704231430280141139
12004041806232001103475058316204211520269136133
12004041806232001105281073119205391780361185176
12004041806241997105070057914604331380295143152
12004041806242001103396065317104821590323162161
12004041806242001107729069718605111760335167168
12004041806251999107534056715104161430273140133
12004041806262000104389069818905091730336170166
12004041806262001103450075921705421920350180170
12004041806272001106239070618405221750347173174
12004041806282001103411071818605321770355182173
12004041806282001106175060115804431380305148157
12004041806292001106154069120904821790303155148
12004041806301998107140064117204691600309150159
12004041806311997101889071419305211730348171177
12004041806311998101710068516905161680348173175
12004041806312001101518068417205121680344174170
12004041806312001103235059815704411500291146145
12004041806312001106931069318505081690339171168
12004041806322000102263069717605211700351177174
12004041806322000104924063716904681600308155153
12004041806322000105081073318005531820371189182
12004041806322001103966058615304331500283150133
12004041806331999105923055614104151360279136143
12004041806332000100955068918405051630342170172
12004041806332000103193067717605011690332169163
12004041806332000104060067417205021710331169162
12004041806342001104748059815604421520290148142
12004041806481999103756071318605271790348176172
12004041806491997101889070818205261680358180178
12004041806492001101518000000004291410288148140
12004041806492001106156058215704251490276144132
12004041806501997101005066617004961590337171166
12004041806502000100033068400000000000338172166
12004041806502000107164064516804771570320161159
12004041806502001100030059915904401460294147147
12004041806502001100694059915904401460294148146
12004041806502001109150053514403911320259127132
12004041806511997101113068317405091660343172171
12004041806511999100956069418005141690345172173
12004041806511999101475068017205081710337168169
12004041806512000106865064516104841550329162167
12004041806512001100319068417405101720338173165
12004041806512001103479062016104591500309151158
12004041806512001104734065916904901630327164163
12004041806512001105514068917805111640347168179
12004041806521998100689071217605361750361181180
12004041806521999103354069117905121710341170171
12004041806522000104924075418605681930375192183
12004041806522001100799070318105221740348174174
12004041806522001103923070717905281730355178177
12004041806522001105694062117804431520291143148
12004041806522001107486070318105221730349175174
12004041806532000100742056616803981410257128129
12004041806532000106037057815604221460276146130
12004041806532001103381061415504591500309158151
12004041806532001106150056717003971430254128126
12004041806532001110069059116604251430282146136
12004041806541998110130079921805811980383194189
12004041806542000100776058615104351450290148142
12004041806542000100947077419605781900388196192
12004041806542001102127068218205001620338161177
12004041806542001102579070117805231780345176169
12004041806542001105148060816404441470297149148
12004041806551997110136069419405001710329163166
12004041806551998103573071918005391850354182172
12004041806551999104597068517405111640347176171
12004041806552000100955063615904771500327159168
12004041806552001106138059416904251520273140133
12004041806552001106360072017805421730369182187
12004041806561998104051052913903901290261128133
12004041806561999102349063415804761520324162162
12004041806562000105951053714103961370259132127
12004041806572000100570066817404941530341166175
12004041806572000105032055615504010000000000131
12004041806572001100727062714904781420336160176
12004041806572001104804058816804201410279139140
12004041806572001107831066816205061640342171171
12004041806572002103216069618305131700343171172
12004041806572002103567066316305001570343167176
12004041806582001100439058015004301440286143143
12004041806582001103181061016904411460295145150
12004041806582001103265065315804951560339166173
12004041806582001110251081418706271970430211219
12004041806591999100400068618704991660333173160
12004041807001999103756067417305011670334168166
12004041807002000102673062415904651560309155154
12004041807011999104215069900000000000348176172
12004041807011999106688055413604181310287137150
12004041807012001105393066418404801560324159165
12004041807012001105772056713704301320298138160
12004041807012001110228072518505401720368178190
12004041807022000103638067100000000000000000000
12004041807022000105092069816905291680361173188
12004041807022001102137071517705381770361179182
12004041807031999106140066219104711640307154153
12004041807032000106991056114504161390277140137
12004041807032001105514055014704031420261134127
12004041807032001105691056114604151380277140137
12004041807041997101113000000003901290261127134
12004041807041999101475068316905141750339170169
12004041807041999103354063417904551670288157131
12004041807042000101434000000000000000284142142
12004041807051997103730055515304020000000000135
12004041807051999100956066817404941610333167166
12004041807052000100033059115704341460288146142
12004041807052000106865060516704381560282146136
12004041807052001103923066818204861690317159158
12004041807061997101005066517004951650330172158
12004041807062000100947065616304931650328165163
12004041807062001106581072021105091800329166163
12004041807071997106362057715104261400286140146
12004041807071998104034058615204341430291145146
12004041807071998104859057714104361440292145147
12004041807072000101553000000005241740350177173
12004041807072001102127054214403981390259130129
12004041807072001102232000000000000000000000000
12004041807072001102579054814304051380267135132
12004041807081999104639052013403861330253125128
12004041807081999110187063515504801560324164160
12004041807082000103686063017304571550302155147
12004041807082001100534064716304841610323163160
12004041807091998101683074119305481860362185177
12004041807091999102791074020405361890347180167
12004041807092000102049067016405061680338170168
12004041807101997110043070918405251750350177173
12004041807102000106626075100000000000366189177
12004041807102001100702059314604471460301148153
12004041807102001103147063015704731530320155165
12004041807102001105673062316204611560305155150
12004041807102001107831066316305001640336166170
12004041807112001100918073419405401770363188175
12004041807112001101747069617105251670358179179
12004041807122000101573076920105681920376189187
12004041807122001103265058714904381450293148145
12004041807122001103844070818705211660355177178
12004041807131998102834085624806082150393206187
12004041807131999101779068220004821720310159151
12004041807132000105407077322205511910360185175
12004041807132001100403068519404911700321164157
12004041807142001106354090925006592280431218213
12004041807151998103042070718105261750351176175
12004041807152001105030076620805581900368188180
12004041807152001105507076720205651940371188183
12004041807161997105975065300000000000332166166
12004041807161999104215065417404801600320162158
12004041807162001104541068200000000000338173165
12004041807162001105393063015304771510326159167
12004041807172000103891065117404771580319163156
12004041807172000105531062315904641530311156155
12004041807172001104342065216404881590329166163
12004041807182000103914066016904911590332171161
12004041807192001101300074619605501860364183181
12004041807192001103270074920005491860363182181
12004041807201999110066065116804831590324161163
12004041807202000101495056616504011540247124123
12004041807202000103687066216704951610334161173
12004041807202000105020067916805111670344172172
12004041807202001101708074220405381870351173178
12004041807202001102084073018505451840361182179
12004041807202001102217056716304041510253124129
12004041807202001103271074119805431860357184173
12004041807202001103301055514304121320280136144
12004041807202001104235070918205271760351177174
12004041807202001105413055214204101320278136142
12004041807211995100393062616704591580301155146
12004041807211997103461067118204891800309172137
12004041807212000101368070119705041740330168162
12004041807212001102232000000004151370278140138
12004041807212001104319068918305061690337169168
12004041807212001105436058315804251440281141140
12004041807212001107191071318505281740354182172
12004041807222001101747067517205031670336167169
12004041807231998100503065516604891620327159168
12004041807232000102049066516505001710329163166
12004041807232000103588077021005601900370185185
12004041807232000110210062716404631510312153159
12004041807232002102262068417505091690340168172
12004041807242001103247062318304401490291146145
12004041807242001105365062318204411500291146145
12004041807251997110064071719805191760343177166
12004041807261998104050085321806352080427219208
12004041807262001102942069017905111680343169174
12004041807262001104535057514204331420291143148
12004041807262002100697073118205491810368186182
12004041807262002105994073018205481810367187180
12004041807262002105995074419505491820367177190
12004041807272000105279000000004871650322159163
12004041807272001101878068516705181670351174177
12004041807272001103237069418705071710336167169
12004041807272001106422068116805131650348173175
12004041807281999106144071018605241740350173177
12004041807282000101398067817205061700336171165
12004041807282001100412068217405081690339173166
12004041807282001100877079722105762050371190181
12004041807282001105030055715504021370265135130
12004041807282001105507056115904021370265135130
12004041807282001106354080623405722030369188181
12004041807291997105975060014104591440315156159
12004041807291997110136067819104870000000000166
12004041807291999103092072119005311780353179174
12004041807291999107054068017505051660339171168
12004041807292000101497069316705261720354174180
12004041807292001100712069317505181740344173171
12004041807292001102150068617305131700343173170
12004041807292001106634058812804601380322156166
12004041807302001101123073319305401760364181183
12004041807302001104646070918805211760345178167
12004041807302001105130072719405331780355181174
12004041807311999106756069517405211710350171179
12004041807321999104861063716704701490321159162
12004041807322000105407069618705091610348173175
12004041807322001101708059016704231470276143133
12004041807322001103013072819605321840348180168
12004041807331999105792072819105371730364187177
12004041807332000103687061915904601580302156146
12004041807332000103891054314403991300269133136
12004041807341997104910072919605331800353178175
12004041807342001104235069418605081690339170169
12004041807342001107191066117104901660324164160
12004041807361999102062052413103931240269129140
12004041807362001103413056414504191430276148128
12004041807362001103436000016400001350000133000
12004041807362001103810056414404201450275147128
12004041807362001106778074219605461810365183182
12004041807372001103459056115804031350268132136
12004041807381998104466000000003911250266130136
12004041807382001100119060215904431520291157134
12004041807382001100624065016904811570324162162
12004041807391997110064070320404991730326169157
12004041807392001103287055815304051340271134137
12004041807392001103738064716404831610322159163
12004041807392001104229055515104041350269132137
12004041807402000101398055414304111410270135135
12004041807402001101878065916804911600331165166
12004041807402001102942065716804891600329164165
12004041807402001103237059015504351430292145147
12004041807402002100697068917205171710346180166
12004041807402002105994068417205121710341179162
12004041807412001100712067817605020000000000000
12004041807421999103092052513403911280263132131
12004041807422000103352063715504821510331165166
12004041807422001100412054614104051310274134140
12004041807432000101497056214204201390281139142
12004041807432001101123055815104071350272135137
12004041807432001104646055815104071350272134138
12004041807432001110121060016704331540279141138
12004041807441999106144059516004351470288142146
12004041807442001103013069618305131690344170174
12004041807442001107550062415104731500323161162
12004041807452001102064071319205211850336176160
12004041807461999102000060116204391450294150144
12004041807462001105601061517004451590286143143
12004041807462001110188071318905241720352177175
12004041807512000110276058914404451450300152148
12004041807512001106243065816604921630329163166
12004041807512001107208059114604451450300152148
12004041807522001101915061315904541530301152149
12004041807531999102020066717104961640332167165
12004041807541997104910051113903721220250123127
12004041807541999110155057515804171370280136144
12004041807552000101372070619005161770339173166
12004041807552000105445073318805451790366185181
12004041807552001104591074919705521860366187179
12004041807562000102372063917204671580309156153
12004041807572001102064055714604111420269137132
12004041807581997105503065417004840000000000157
12004041807582000101284061317304401590281149132
12004041807582001110188056314404191420277137140
12004041807592001104621064816104871600327163164
12004041807592001110118065216904831570326000000
12004041808002001104022067016805021630339172167
12004041808002001107360066916905001680332165167
12004041808031998101848074820305451860359182177
12004041808042001105319082921506142000414206208
12004041808052001103189062416704571570300150150
12004041808052001106050063318004531680285145140
12004041808052001106099062316204611560305151154
12004041808082000101467069017705131720341176165
12004041808082001102789069318005131700343174169
12004041808092001104249065519404611720289152137
12004041808092001106643065200000000000000000166
12004041808131998104998062017204481520296147149
12004041808142001103724073919805411840357181176
12004041808152001104022053414103931300263131132
12004041808152001107360053314103921290263131132
12004041808172000105994073018805421830359184175
12004041808191999105385057514804271380289142147
12004041808192001104754066418104831550328164164
12004041808211997101001074320005431860357182175
12004041808221999110046066819104771640313159154
12004041808232000101467059315504381500288149139
12004041808232001102789070518705181810337171166
12004041808242000110121065017704731550318161157
12004041808261999100683000000004901600330164166
12004041808262001100592074517505701810389193196
12004041808271999101856068617805081650343169174
12004041808301998101756067516605091630346171175
12004041808302001104054071320905041770327170157
12004041808302002102063068317005131640349174175
12004041808312001107559079900000000000357184173
12004041808312002101058079023105592080351178173
12004041808312002106228079023205582060352177175
12004041808332001104313067617804981640334164170
12004041808352000106580074619005561840372191181
12004041808361996100319082722506022070395201194
12004041808362001105613061517704381660272141131
12004041808371997101001056416703971440253129124
12004041808371999110046066618804781590319159160
12004041808391999101239058815804301480282143139
12004041808401996110148054314403991400259131128
12004041808401999106804057016004101450265135130
12004041808402001103084056515704081490259132127
12004041808402001105846056415704071490258134124
12004041808412000100320063515804771620315159156
12004041808412000102696068718605011710330164166
12004041808412001110091066917304961680328163165
12004041808412001110159078022505552080347179168
12004041808431998101756058714604411440297150147
12004041808432001104054057917004091420267135132
12004041808441999107166070019705031650338171167
12004041808442000101674067018304871650322156166
12004041808451997103453063916804711550316000000
12004041808461998110218058515604291350294140154
12004041808462000104162069718605111710340173167
12004041808481999105351069719005071700337175162
12004041808482001101875060415804461500296152144
12004041808482001106678059315104421470295150145
12004041808491999107064069317205211680353176177
12004041808502001107359066816405041630341169172
12004041808532002106078073217505571790378189189
12004041808542000105509068818105071650342170172
12004041808552000100520055014904011310270130140
12004041808552001107312069919105081740334168166
12004041808562000102148054614703991330266132134
12004041808562001101295083119606352080427220207
12004041808562001102533066317504881640324163161
12004041808562001106563067917205071690338170168
12004041808572000101674058215604261490277140137
12004041808581999101152074219705451840361182179
12004041808591999106919055714304141360278142136
12004041808592000106032056816804001360264132132
12004041809011998102815063300000000000319163156
12004041809021998101737064817004781560322158164
12004041809041997107244072818705411750366182184
12004041809051999105351055115104001380262134128
12004041809052001107681071818405341780356181175
12004041809072001107366068517805071710336168168
12004041809152001104037074519105541850369186183
12004041809182000103680075622005361850351178173
12004041809212000104304055914304161410275138137
12004041809231999100418053113903921280264130134
12004041809362001104134063817804601710289148141
