02006042005592001110059074217405681800388187201
02006042006002001100469071718505321730359181178
02006042006002001101909058014704330000000000143
02006042006002001102117066516904961610335166169
02006042006002001103526070517205331680365179186
02006042006002002102527069516305321780354177177
02006042006002002104665069317105221840338174164
02006042006002003100081073218805441810363180183
02006042006002003100133000020600001930000196000
02006042006002003100191074619805481790369184185
02006042006002003100609073118605451840361180181
02006042006002003100951074118305581800378190188
02006042006002003101160073218705451830362181181
02006042006002003106796072118005411780363186177
02006042006011998101600065715305041580346166180
02006042006011999107109077119205791850394192202
02006042006012001104568073418605481820366183183
02006042006012001104710067817105071630344165179
02006042006012003101510067417604981680330171159
02006042006012003101795072417805461750371190181
02006042006012003102726066617204941670327166161
02006042006012003103349069017405161660350171179
02006042006012003104433066516904961630333167166
02006042006012003104655072918105481860362183179
02006042006012003105485071118405271690358176182
02006042006012003106382070618305231760347174173
02006042006022003100438076118505761880388192196
02006042006022003100636072518605391790360177183
02006042006022003102491070417605281690359176183
02006042006022003102590070518105241720352174178
02006042006022003103380073318105521780374190184
02006042006022003103424080220505972000397202195
02006042006022003103615077119505761990377189188
02006042006022003103808071218605261770349178171
02006042006022003105940074419605481860362186176
02006042006022003106362079520605891990390197193
02006042006022003106725070617405321720360177183
02006042006022003107379078920305861990387195192
02006042006032002104959071118505261800346176170
02006042006032002106255071518105341710363181182
02006042006032003102998060714804591480311151160
02006042006032003103910063316204711610310164146
02006042006032003104958074018205581810377187190
02006042006032003105618063115504761540322160162
02006042006032003105706072719005371810356179177
02006042006032003106132000019700001800000177000
02006042006032003107343079520405911880403198205
02006042006032003109184075620105551890366184182
02006042006032003110115073420305311790352176176
02006042006042001106098067616805081640344168176
02006042006042001110106069217505171670350169181
02006042006042003101765063918904501530297152145
02006042006042003104656083820906292070422215207
02006042006051998100168068017205081650343172171
02006042006052003100038073319305401830357178179
02006042006052003100080075619405621860376183193
02006042006052003100368077120005711850386192194
02006042006052003101198065916304961610335162173
02006042006052003102402071418605281740354175179
02006042006052003105043071518605291760353175178
02006042006061998106989080920706022000402197205
02006042006062003100160073217805541820372187185
02006042006062003102843074318605571840373188185
02006042006062003102864072817205561810375189186
02006042006082002106183052313903841270257126131
02006042006082003101231000000000001250000127000
02006042006082003102123051313603771170260125135
02006042006092001103448051513903761290247121126
02006042006092002105920084922106282110417209208
02006042006092003100749066015505051580347169178
02006042006092003102607073319305401780362182180
02006042006092003107350075719405631860377189188
02006042006102001104450079822405742000374188186
02006042006112003100191054315203911380253128125
02006042006121999103565069817405241730351174177
02006042006122000109297071419505191800339172167
02006042006122001103166087020406662060460211249
02006042006122001110245091624006762260450233217
02006042006122002105164068717405131700343170173
02006042006122003102663065116304881580330161169
02006042006122003103177069018205081720336169167
02006042006122003110055075521405411920349175174
02006042006131997110263072818705411870354178176
02006042006132001101909049613003661220244119125
02006042006132001102117067917905001670333163170
02006042006132001103226073619005460000000000169
02006042006132002100398082820206262100416206210
02006042006132002105141067616405121690343164179
02006042006132003100133068218105011630338169169
02006042006132003100951067817105071690338167171
02006042006132003101520062315904641560308152156
02006042006132003102492000037100003510000334000
02006042006132003104319000036900003520000336000
02006042006132003104433053214303891330256129127
02006042006132003109319055514704081390269138131
02006042006132003109462072017905411810360181179
02006042006142000100756072218505371770360175185
02006042006142001100469067116905021630339165174
02006042006142002104118080320306002000400204196
02006042006142003104655063115904721610311162149
02006042006142003105485064315704861580328168160
02006042006152001110033054615603901420248128120
02006042006152002100879093024206882250463232231
02006042006152003100438054514903961400256132124
02006042006152003103380059217104211460275143132
02006042006152003105940073119905321820350176174
02006042006152003106582093024006902280462235227
02006042006152003106725058216704151490266141125
02006042006161998100168051813903791260253124129
02006042006161998101600050513203731220251118133
02006042006162001104710050513203731220251118133
02006042006162003103349065416704871560331161170
02006042006162003103910051213603761280248123125
02006042006162003104418081820706111960415200215
02006042006172002105167085824306151890426198228
02006042006172003101765061919304261590267142125
02006042006181999107109066415005141660348172176
02006042006182001104213065615904971610336161175
02006042006182003100821082420906152010414204210
02006042006182003102998059414504491420307152155
02006042006182003104958068016205181640354171183
02006042006182003105618061415304611480313153160
02006042006182003106132069818705111720339000000
02006042006192000100346064216804741640310162148
02006042006192000102264053213603961290267130137
02006042006192000107249067717405031690334167167
02006042006192001105538063517504601560304000000
02006042006192002106255069517405211690352177175
02006042006192003110115070517905261780348175173
02006042006201998110029071319105221730349174175
02006042006202001110169054614604001370263130133
02006042006202002103804055814204161380278143135
02006042006202003106531068217505071620345173172
02006042006212001103160089724306542180436217219
02006042006212003100160054114303981380260132128
02006042006212003102864053314003931350258130128
02006042006212003106108068017605041680336171165
02006042006232000102582075718705701870383188195
02006042006232003101688067816905091690340168172
02006042006251999103565069417805161700346172174
02006042006252003102663062215704651530312158154
02006042006252003103177070418205221770345170175
02006042006252003107183081420406101960414201213
02006042006262001104450074120005411750366177189
02006042006262003109462064115104901520338164174
02006042006271999106109074218105611750386171215
02006042006272002100398078919805911900401194207
02006042006272002104118080220405982000398203195
02006042006291999106723070118205190000000000175
02006042006292002100260067115605151620353171182
02006042006292002103368079719506021940408204204
02006042006292003105359070017705231720351176175
02006042006302001104213051313703761230253125128
02006042006302002100879091123006812190462228234
02006042006302003106582094225406882340454228226
02006042006312003102686066318204811620319162157
02006042006312003106773068318704961750321164157
02006042006322000100346052314503781320246123123
02006042006322000107249063516204731570316159157
02006042006322001103864085121906322100422205217
02006042006322001105538057300000000000269140129
02006042006322003100222103828907492520497250247
02006042006322003105154080319906041970407191216
02006042006322003110150068519304921690323164159
02006042006322004105878079919906001930407200207
02006042006361998102920091324306702230447223224
02006042006361998110029059017904111390272116156
02006042006372003102639078219205901890401200201
02006042006372003104239069218005121660346172174
02006042006372003104752077519605791880391195196
02006042006382000102582052214103811280253124129
02006042006382003105181077219205801860394191203
02006042006382003105381096425207122380474231243
02006042006392001103877074017805621800382185197
02006042006392003102034067417105031660337169168
02006042006392003102767073418405501820368185183
02006042006402002100398077319605771910386191195
02006042006412002100260068216305191630356172184
02006042006412003105994069618905071790328171157
02006042006412003107401072718505421800362181181
02006042006421999106723065716304941590335163172
02006042006422001106726061214304691460323154169
02006042006422003105359066716904981630335163172
02006042006432003102159073618005561800376186190
02006042006432003103667073619605401810359180179
02006042006462002105208083521106242040420206214
02006042006472003102621063716204751580317156161
02006042006472003102672000016600001510000154000
02006042006482003109237109627708192620557270287
02006042006492003102605054415803861350251127124
02006042006492003102639000019100001870000189000
02006042006512003106035067015805121690343170173
02006042006532003105395075118305681850383195188
02006042006552001106726068216805141600354169185
02006042006552003102159077219005821910391194197
02006042006562001109110000000000000000000000000
02006042006562002104268051413603781230255123132
02006042006562003103213050913503741230251122129
02006042006572000100957074918905601820378187191
02006042006572000101682081621206042040400198202
02006042006572001104466072419305311730358175183
02006042006572003105155087422306512140437214223
02006042006582001107782073319505381890349175174
02006042006582002101975085021606342070427214213
02006042006582003100999063716104761580318156162
02006042006582003102739064416204821590323161162
02006042006582003110145076119605651930372188184
02006042006592003100162065618004761670309157152
02006042006592003102488079619905971970400197203
02006042006592003102929069718505121700342168174
02006042006592003106457069416705271720355179176
02006042007002001104244066516904961630333166167
02006042007002002103711072718805391820357176181
02006042007002003102789072318705361780358177181
02006042007002003110096068118105001650335164171
02006042007012002104615089223806542260428219209
02006042007022001105541090923706722230449224225
02006042007022003107141090323406692220447224223
02006042007042003106793092023406862290457227230
02006042007251999103784049311703761190257125132
02006042007262002109425055316803851350250125125
02006042007262003101376054915403951370258130128
02006042007262003104702067616005161630353174179
02006042007262003107461059215104411460295150145
02006042007262003109404073119005411790362180182
02006042007272003105155081020306072020405199206
02006042007282003102852078119805831870396194202
02006042007282003105179068817305151690346175171
02006042007282003105182079320605871950392194198
02006042007302001103208079920605931940399196203
02006042007302002106023083420906252050420207213
02006042007302003102874000021000001970000000000
02006042007312001105785073318005531830370186184
02006042007312002110153070417205321760356181175
02006042007312003100633064217404681570311152159
02006042007312003105711064117404671570310152158
02006042007332000105271052213603860000000000135
02006042007402003105155075321105421770365179186
02006042007422001105780068516705181630355168187
02006042007422003105755073317405591750384186198
02006042007452003100633066018204781650313156157
02006042007452003105711065417804761640312155157
02006042007472003105545075719205651850380000000
02006042007482002107436066516704981650333170163
02006042007512002104386060717304341580276140136
02006042007522003104581068017305071680339165174
02006042007532003103833081722005972090388201187
02006042007542003105541084922006292090420205215
02006042007542003105755072817105571800377185192
02006042007562003100604095923607232340489242247
02006042007571999100207061016204481550293147146
02006042007582002100468093124106902360454236218
02006042007582002105178080321105921990393196197
02006042007592002102046067416705071590348173175
02006042007592003106384072218105411780363174189
02006042008001999102575078419705871900397196201
02006042008002001106498065117504761700306156150
02006042008002003107353074518605591830376183193
02006042008012002101942076317805851760409195214
02006042008012003101573059915304461460300147153
02006042008012003102019059600000000000299147152
02006042008012003102310082619906272030424210214
02006042008012003102416000019600000000000000000
02006042008012003102945066216604961640332162170
02006042008012003104754064916204870000000000173
02006042008022001107120075019305571830374185189
02006042008032003107079094824607022320470231239
02006042008042002100255062915304761520324155169
02006042008052000102639070720405031740329164165
02006042008062000101314073319305401810359175184
02006042008062003102891072918905401770363180183
02006042008082003107346084620306432030440215225
02006042008092003104334072217305491790370180190
02006042008092004106775072317205511770374183191
02006042008102001104348075920105581870371187184
02006042008102003109313049012303671210246120126
02006042008112000110111052514903761320244125119
02006042008112000110149050512903761220254121133
02006042008112002102046054215503871360251125126
02006042008112003100472072619805281730355175180
02006042008122002100468089421506792260453229224
02006042008132001101656083920706322020430215215
02006042008132003100237068016605141640350171179
02006042008142001101851065616504911600331164167
02006042008142003106099069816705311660365180185
02006042008152002101942068800000000000344180164
02006042008172001106490082821306151990416204212
02006042008172002104945084221006322060426210216
02006042008172003102167078119305881890399192207
02006042008172003102416076919605731910382188194
02006042008172003110155077719505821880394190204
02006042008182002100255062616304631570306151155
02006042008222003104150077820005781920386195191
02006042008242000103375073117205591760383186197
02006042008452000102506064717404731570316159157
02006042008452003101163064615104951640331172159
02006042008452003102422065416704871560331167164
02006042008452003110252060515804471520295146149
02006042008461999100404051714103761270249122127
02006042008462002100522073918905501820368179189
02006042008462003102537070719005171760341168173
02006042008462003103909071718905281800348176172
02006042008462003105314061915804611490312153159
02006042008462003106679073919605431770366183183
02006042008462003109437061615204641490315154161
02006042008472000101386078720805791940385192193
02006042008472002102820073918405551800375180195
02006042008472003103789068217105111650346168178
02006042008472003105022072618105451750370183187
02006042008482001101723074818005681780390187203
02006042008482001103880072300000000000362178184
02006042008482003100724073618405521800372185187
02006042008482003106044072418605381740364176188
02006042008482004102265078519505901930397196201
02006042008482004107156000019700001900000190000
02006042008492001100473079519406011930408203205
02006042008492002105973063914804911520339162177
02006042008492002105983062414604781460332161171
02006042008492003102543067716405131570356166190
02006042008492003102711067516305121590353165188
02006042008492003103520064415404901490341154187
02006042008492003104258067816805101570353163190
02006042008492003106100063914704921510341162179
02006042008492003110199068116405171600357167190
02006042008502003100784078519205931890404197207
02006042008502003102661076719405731860387192195
02006042008502003104564072018105391770362181181
02006042008502003107421071116805431750368185183
02006042008511999110101050213303691250244121123
02006042008512000103853071018705231760347173174
02006042008512002102388095124007112360475240235
02006042008512002103791078720305841920392192200
02006042008512002106949067717605011710330167163
02006042008512002107343065216804841630321161160
02006042008512003101161051800000000000255127128
02006042008512003104124092424306812300451229222
02006042008512003105311066918304861710315161154
02006042008512003107100066317404891670322148174
02006042008521998107247056613904271350292138154
02006042008522001100869073019505351810354183171
02006042008522002100662081720506122050407204203
02006042008522003102859050613703691210248121127
02006042008522003104316082522605992060393200193
02006042008522003104317094825306952340461232229
02006042008522003106357077620105751940381192189
02006042008522003106713075118105701830387192195
02006042008522003107368085821906392100429217212
02006042008542001106069072119005311810350178172
02006042008562002101594065717104861570329160169
02006042008562002106436069418405101680342173169
02006042008562002107658064816404841590325163162
02006042008562002109421084921406352080427204223
02006042008562003102606059715504421550287146141
02006042008572003100186089922606732170456236220
02006042008572003102949055315603971410256129127
02006042008572003103677054715003971400257130127
02006042008582001103476067016605041690335167168
02006042008582001106185069618205141640350171179
02006042008582003110212067116605051680337166171
02006042008592003103909053614203941280266129137
02006042009002001104974052014003801260254124130
02006042009002002100488052313803851290256126130
02006042009002002105914068517805071710336168168
02006042009002003103789062215804641530311151160
02006042009021999110237071318605271660361186175
02006042009022001100473076619105751900385192193
02006042009022001102192066215405081550353171182
02006042009022002100591068117105101690341167174
02006042009022002103791079820605921950397195202
02006042009022003100784080120505961960400200200
02006042009022003101091069919705021750327161166
02006042009022003102661055416803861300256127129
02006042009022004101424000019700001770000162000
02006042009032000103853075219705551810374185189
02006042009032003101406066416305011700331162169
02006042009032003105022067917305061600346174172
02006042009032003107301067016905011650336160176
02006042009032003107421069816905291710358173185
02006042009032003109442058714804391400299140159
02006042009042002102388096823707312280503252251
02006042009042002107343064916604831680315160155
02006042009042003104124091424706672240443222221
02006042009052003104564069417105231710352174178
02006042009061997102792072018305371770360174186
02006042009062002100662060017004301420288141147
02006042009082000101462067017504951620333161172
02006042009102001107695069317605171610356172184
02006042009102002109421069517305220000000000185
02006042009102003102277072019005301750355174181
02006042009102003105484075820405541890365184181
02006042009102004100020075720605511880363184179
02006042009112001103556068617305131650348170178
02006042009112001106504072418305411780363179184
02006042009112003106213070318105221760346171175
02006042009142001103669071119005211740347170177
02006042009171999106630078419405901890401195206
02006042009172001100728070316905341720362182180
02006042009172002110095083019906312070424211213
02006042009172003102263080019206081960412203209
02006042009172003102622082419606282060422210212
02006042009172003103359080219706051940411205206
02006042009172003103834080419906051960409205204
02006042009172003105859072617705491760373189184
02006042009191997102792062215304691510318158160
02006042009202003100054074820205461840362184178
02006042009212003106173094324207012320469237232
02006042009232000101462068417005141660348170178
02006042009232001103556062216604561540302147155
02006042009232003105484069317005231680355176179
02006042009251999103042066817704911690322162160
02006042009252002100818074420505391830356177179
02006042009262000110021079419505991970402207195
02006042009262001110277073719105461760370182188
02006042009262003105007092723306942230471234237
02006042009272001103125090022506752190456225231
02006042009282002102719073119605351870348177171
02006042009282003101088066314705161530363172191
02006042009291999110210000000000000000000000182
02006042009292003105458068716905181710347167180
02006042009311999106630000017700001460000135000
02006042009312003102263060317504281460282141141
02006042009312003102622076818605821860396199197
02006042009312003103359059617804181450273136137
02006042009322002110095079920405952000395195200
02006042009322003103834077919105881810407199208
02006042009332000102642080921105982030395200195
02006042009332001100728067916905101660344170174
02006042009332003105859070016905311750356176180
02006042009342002100653068516605191720347176171
02006042009342003100054067119204791690310155155
02006042009342003102122070217805241780346172174
02006042009352003104108077018905811880393193200
02006042009362001101022000012900001270000000000
02006042009362003110112050112903720000000000130
02006042009372003101392068317705061720334164170
02006042009381999103042070818305251760349176173
02006042009402001110226071017905311730358180178
02006042009402003101088066217504871640323162161
02006042009402003102460082621706091960413198215
02006042009402003103141097124807232390484239245
02006042009412001103073109822008782510627309318
02006042009422003101927068516805171710346172174
02006042009451999106630054416403801250255123132
02006042009451999110210063100000000000000000000
02006042009452003102263054416503791240255123132
02006042009452003102927000022400002090000191000
02006042009452003103359055817903791250254123131
02006042009462002110095080320206012060395204191
02006042009462003102622073617805581770381186195
02006042009462003103834077719505821830399196203
02006042009462003105458070417305311690362177185
02006042009522003103546066117204891650324165159
02006042009532001110226069217405181740344172172
02006042009532003102460084420106432100433221212
02006042009542000105203072118005411810360179181
02006042009542003103141098124207392410498248250
02006042010262002100888080620306031970406203203
02006042010262003103355084720506422050437220217
02006042010282001101390074319105521830369182187
02006042010282001106981076619105751900385196189
02006042010402001101390073519605391820357183174
02006042010402001106981074218105611870374184190
