02018031702122012104668069518905061790327166161
02018031702132011103978069518205131790334171163
02018031702332014106201065217204801650315159156
02018031702372014110060063716104761580318160158
02018031703592013104215071518905261830343175168
02018031703592013105448067717005071670340173167
02018031703592015101621068017005101690341172169
02018031704002010101667068217005121640348173175
02018031704002012103129070517205331710362182180
02018031704002013106133066517604891630326165161
02018031704002013106172065218104711630308155153
02018031704002014104230069216905231650358174184
02018031704002014104787066018404761660310157153
02018031704002014105903070718705201780342175167
02018031704002014110023072218805341800354178176
02018031704002015100031072318705361810355176179
02018031704002015100073064416304811630318163155
02018031704002015100652063416504691620307162145
02018031704002015101286070918605231800343177166
02018031704002015101637067416905051720333169164
02018031704002015102706069418505091790330174156
02018031704002015103128065316704861620324163161
02018031704002015104000065616204941570337167170
02018031704002015105972066416904951760319164155
02018031704002015105974066517204931680325164161
02018031704002015106299066317504881660322167155
02018031704002015106441066416904951590336163173
02018031704012011103964068317505081700338172166
02018031704012011104189069017305171830334170164
02018031704012011104856070317405291750354183171
02018031704012013102278070317605271800347173174
02018031704012014100256073518505501860364190174
02018031704012014100649065217904731650308157151
02018031704012014101733072818405441850359179180
02018031704012014104550067817105071720335170165
02018031704012015100548067516905061680338170168
02018031704012015101082070017605241730351178173
02018031704012015102225066316404991620337169168
02018031704012015103912073318505481870361179182
02018031704012015103959081420806062000406205201
02018031704012015104359071818405341840350175175
02018031704012015104750066616605001690331167164
02018031704012015104796067918004991740325170155
02018031704012015105003067417305011700331169162
02018031704012015105909066716605011680333169164
02018031704012015106062067817005081680340174166
02018031704022013104386076920205671920375188187
02018031704022013110055099625607402410499252247
02018031704022014103927100425007542530501267234
02018031704022014104804075218805641850379188191
02018031704022014104888070618705191710348169179
02018031704022015100063073518405511810370185185
02018031704022015100747072718105461810365185180
02018031704022015101037079620405922000392196196
02018031704022015101264075218905631820381186195
02018031704022015101290075119105601920368188180
02018031704022015101686074919605531840369190179
02018031704022015101959070118305181750343173170
02018031704022015103143071518105341710363181182
02018031704022015103305073118805431820361181180
02018031704022015103484070218105211760345174171
02018031704022015103611080020705932020391197194
02018031704022015103692069817205261730353179174
02018031704022015104302069418205121760336169167
02018031704022015104940070218205201770343173170
02018031704022015105153069818105171730344176168
02018031704022015105206072518405411840357185172
02018031704032009102606074717905681840384189195
02018031704032012100055077718805891850404198206
02018031704032012101567073018305471780369182187
02018031704032012102624073018405461800366183183
02018031704032013100812073419705371900347179168
02018031704032014103416074420005441880356180176
02018031704032014109075070617305331810352175177
02018031704032015100089071718205351760359179180
02018031704032015100493074319805451910354179175
02018031704032015101217074919205571870370186184
02018031704032015101560073918505541770377189188
02018031704032015102261074718805591830376192184
02018031704032015102732071918605331790354182172
02018031704032015104243072618505411800361181180
02018031704032015104766072818105471750372188184
02018031704032015105400071018105291730356175181
02018031704032015105429075818305751840391192199
02018031704032015105906069817505231700353181172
02018031704032015106228073519605391880351181170
02018031704032015106354073519405411880353184169
02018031704032015106490071418705271840343177166
02018031704042012102942071517505401790361188173
02018031704042014100080075219205601870373191182
02018031704042014104377073218605461780368184184
02018031704042014105171071918005391800359179180
02018031704042015100345080420106032030400203197
02018031704042015104104072417605481820366187179
02018031704042015104542071517105441780366188178
02018031704042015104583073819005481720376187189
02018031704042015106094080020505952040391200191
02018031704042015106115079819905992010398203195
02018031704042015106293072617005561720384200184
02018031704042015106359066816605021640338167171
02018031704042015109012073517605591850374192182
02018031704052011103079070517205331730360177183
02018031704052015100036068817005181570361174187
02018031704052015100235070818705211790342173169
02018031704052015100293074317805651800385196189
02018031704052015102597073818805501750375186189
02018031704052015103291072319005331760357175182
02018031704052015103328077118405871910396200196
02018031704052015104008075518305721810391197194
02018031704052015104991074718805591930366178188
02018031704052015105930068818205061680338169169
02018031704052015106227076118705741860388201187
02018031704052015109127069817205261690357177180
02018031704062012100198073518505501820368190178
02018031704062014100333071318205311770354177177
02018031704062015100703068216305191760343179164
02018031704062015102785072118505361800356180176
02018031704062015105816066716405031640339172167
02018031704072012100922073517705581780380191189
02018031704072015102302072618305431740369183186
02018031704082013101893068717605111720339172167
02018031704082013105335069618605101800330170160
02018031704082014102086069617505211760345173172
02018031704082014102420072518305421770365181184
02018031704082014110013070819305151840331173158
02018031704082015100283072518405411750366181185
02018031704082015101707070318705161840332173159
02018031704082015102666071018505251750350180170
02018031704082015104092070118305181810337173164
02018031704082015104639075119005611890372186186
02018031704082015105727070516805371750362190172
02018031704092012104441066416504991640335167168
02018031704092015100156069417405201710349174175
02018031704092015100794070917605331710362184178
02018031704092015103720065115504961650331165166
02018031704092015104412066416205021640338167171
02018031704092015105352074018305571880369189180
02018031704092015105393066015605041680336170166
02018031704102013102296065215804941590335168167
02018031704112013100034070717005371750362178184
02018031704112015102173071217505371730364180184
02018031704112015104233070616905371730364183181
02018031704122014100933077120605651880377189188
02018031704122014101808061215304591500309151158
02018031704132011104189065717404831670316159157
02018031704132011104856065217004821630319158161
02018031704132012102921065317304801650315157158
02018031704132014105903065817804801640316162154
02018031704132015105003066315905041630341170171
02018031704142012102978071518005351740361180181
02018031704142013103464072518705381770361178183
02018031704142013105436071018305271730354176178
02018031704142013106375071218105311810350181169
02018031704142014105586078319305901920398193205
02018031704142015101412066918104881660322157165
02018031704142015101685072118105401770363181182
02018031704142015101690072618805381780360182178
02018031704142015103412069517605191700349176173
02018031704142015103855072118105401730367180187
02018031704142015104645072718705401790361182179
02018031704152015103556077620005761900386201185
02018031704152015110091075819505631900373193180
02018031704162008104268070418505191830336173163
02018031704162013104606069618205141810333171162
02018031704162014102205065117704741620312154158
02018031704162015100031070416505391760363184179
02018031704162015103959070118505161770339172167
02018031704162015104359070518105241760348180168
02018031704172011103964070418105231800343168175
02018031704172013100432066618004861740312160152
02018031704172013105819063916804711670304149155
02018031704172013105955065216504871620325165160
02018031704172014101575066016604941580336159177
02018031704172015101082068216905131700343173170
02018031704172015101579066916305061680338176162
02018031704172015101812066216304991630336166170
02018031704172015102868067317305001670333159174
02018031704172015105828064516104841590325164161
02018031704172015106099065917104881670321166155
02018031704172015106239065800000000000333169164
02018031704182013105515064316604771610316160156
02018031704182013105784064116004811620319163156
02018031704182014104804075119005611870374190184
02018031704182015102595063816304751610314160154
02018031704182015104302065917204871660321162159
02018031704182015104940066117304881680320161159
02018031704192013104386072019305271760351179172
02018031704192014100080069217105211730348171177
02018031704192014106012068717505121670345172173
02018031704202014104377070717605311820349180169
02018031704202015100345070117805231780345177168
02018031704202015102261071418505291820347176171
02018031704202015104991073418605481880360184176
02018031704212012100198068317705061730333171162
02018031704212015102703070417605281780350176174
02018031704212015106250077920305761980378190188
02018031704212015106344073217705551820373188185
02018031704212015109038070918605231770346178168
02018031704232014102081068317605071730334169165
02018031704232014102360064316204811580323163160
02018031704232015100866081120906022080394207187
02018031704232015102294071217805341770357176181
02018031704242012105474066818404841770307160147
02018031704242015101416067416605081680340169171
02018031704242015104752071618105351740361180181
02018031704252011104171066517504901610329153176
02018031704252013100034066917204971700327162165
02018031704252015102173067017404961690327166161
02018031704252015104233066016504951630332168164
02018031704252015104395061215604561480308157151
02018031704262014101889078220905731910382194188
02018031704272015101239070917905301770353182171
02018031704282012100361085524606092260383197186
02018031704282015104441074019405461770369183186
02018031704312012105027071517605391720367179188
02018031704312013103993076119605651920373190183
02018031704312015101603066816505031620341172169
02018031704322015103751074719205551890366183183
02018031704332014104321067516705081690339173166
02018031704332015100100070317405291730356178178
02018031704332015102521071118205291800349180169
02018031704352015101835069817505231770346184162
02018031704352015102125070617405321660366183183
02018031704352015104311071618105351800355183172
02018031704362015102703069417805161710345172173
02018031704362015106344070917805311770354179175
02018031704372015100447070117805231780345175170
02018031704372015106250073319805351920343175168
02018031704382015105414073118305481890359182177
02018031704392008110132068818005081770331169162
02018031704392012104139068817605121730339176163
02018031704392014102886069717805191790340174166
02018031704392014106044069217705151760339174165
02018031704402015100307074318505581860372189183
02018031704402015102274073119205391720367184183
02018031704402015104553074318805551820373187186
02018031704402015105306071118305281780350173177
02018031704412012101970076720305642050359183176
02018031704412013102967067017304971660331167164
02018031704412015109077067316605071630344172172
02018031704412015110095071618805281800348175173
02018031704422012100361070620305031780325165160
02018031704442015103377079620305931940399204195
02018031704442015103688079720405931960397201196
02018031704452014104374071017705331760357177180
02018031704452014105027070317505281750353176177
02018031704452015101197074719005571850372187185
02018031704452015102330075319605571880369190179
02018031704462015102521064817204761570319159160
02018031704482013103993065116904821560326163163
02018031704482014100546068616905171680349177172
02018031704482015103285068515705281630365176189
02018031704482015103532070916505441730371179192
02018031704482015105425073319205411800361178183
02018031704482015110097068517305121690343169174
02018031704492013102671069018105091730336172164
02018031704492013109028070618305231760347174173
02018031704492014105672068216405181700348175173
02018031704492014105944069317305201730347176171
02018031704502012102736072319105321810351177174
02018031704502015102453073118705441820362184178
02018031704502015102998073518605491870362182180
02018031704502015103788073618505511860365183182
02018031704502015103901090323006732280445225220
02018031704502015106486067416805061670339170169
02018031704512013101315068917205171740343167176
02018031704512013105283068917605131740339174165
02018031704512015106122074919905501870363184179
02018031704522012103443067118204891670322157165
02018031704532015102924069617005261690357177180
02018031704532015105414070517305321770355177178
02018031704552008110132067317504981700328167161
02018031704552012104139067617505011680333169164
02018031704552014102886066717104961690327169158
02018031704552015100307070217705251760349178171
02018031704552015104553069818005181770341174167
02018031704562012101970071220305091710338170168
02018031704562015101806077016806021840418210208
02018031704562015102008078118505961850411207204
02018031704562015103188079020505851860399199200
02018031704562015103330076917105981850413210203
02018031704562015109002077018305871790408206202
02018031704572015100417065315804951550340166174
02018031704572015104474072618305431770366179187
02018031704582015104627068717105161640352170182
02018031704592013105128069117205191700349176173
02018031704592014104374069717505221730349175174
02018031704592014105027069117205191720347175172
02018031704592015102330072018705331810352178174
02018031704592015103844072918505441820362186176
02018031705002014105672066817004981610337171166
02018031705002014105944068217105111630348174174
02018031705012009105855069617805181780340175165
02018031705012014104957069918405151790336169167
02018031705012014110121070618205241750349179170
02018031705012015105434069818305151750340174166
02018031705022013105785074319505481890359190169
02018031705022015103377071418505291800349180169
02018031705022015103688070918205271780349178171
02018031705032010103687069118805031810322168154
02018031705042015110034075521005451900355187168
02018031705052015106486069516905261740352177175
02018031705062009105512067816405141500364171193
02018031705062015100363072017305471800367185182
02018031705122015106260070817005381790359181178
02018031705132015101806070317005331740359180179
02018031705132015102008072816705611660395188207
02018031705132015103188071317705361800356180176
02018031705132015103330071417305411750366181185
02018031705132015109002070617905271760351179172
02018031705142013105128071217905331770356180176
02018031705152009105855070117405271840343183160
02018031705162014110121069917205271760351180171
02018031705172014104957070218105211790342179163
02018031705172015105434070217605261720354180174
02018031705182015100765070117805231760347178169
02018031705192012104490070418205221740348178170
02018031705192014105535067717005071750332171161
02018031705212010103556068017705031710332168164
02018031705212014104286070118005211710350175175
02018031705252015106260068317105121680344176168
02018031705282014102163064616204841570327158169
02018031705282015101415064016504751600315158157
02018031705282015102289064116904721650307155152
02018031705302015101942081622605901980392198194
02018031705342014103389074618605601850375182193
02018031705352015103871072018905311790352179173
02018031705372015100170078319705861890397196201
02018031705372015103267068919604931730320162158
02018031706012015102183055815104071420265138127
02018031706012015104522054615903871400247125122
02018031706022009109113072918405451840361184177
02018031706022012100671067717605011660335170165
02018031706022014103268067216505071670340171169
02018031706022014104542061515904561540302153149
02018031706022015101684062315604671570310160150
02018031706022015101834067716905081660342172170
02018031706022015102242069216305291640365172193
02018031706022015103018067317205011780323166157
02018031706022015105428068617505111670344174170
02018031706032013100083072118805331810352182170
02018031706032014101508069617105251830342176166
02018031706032015100462070017905211700351173178
02018031706032015100732068417305111680343169174
02018031706032015100751072218805341750359177182
02018031706032015101563076119905621790383192191
02018031706032015102141072019405261740352176176
02018031706032015102791068017005101670343169174
02018031706032015102944071017905311810350177173
02018031706032015105064070718105261760350177173
02018031706032015106226071918705321750357177180
02018031706032015106528069818005181740344165179
02018031706042009105779071900000000000360182178
02018031706042013105455072618905371760361187174
02018031706042013105959072118105401800360181179
02018031706042014105601072718705401770363189174
02018031706042014105700072818705411760365191174
02018031706042015101828071618505311800351176175
02018031706042015103478072818605421800362177185
02018031706042015104683069217405181700348179169
02018031706052013102795063015804721550317160157
02018031706052013105867080920606032040399200199
02018031706052014102814069618305131820331169162
02018031706052014105501074519205531900363184179
02018031706052015101890057415004241360288139149
02018031706052015105288080019806021980404206198
02018031706062013103678061016504451550290143147
02018031706062014103600068817105171700347178169
02018031706062014103614069617205241720352179173
02018031706062014105780080919106182040414208206
02018031706062014109007061316204511520299152147
02018031706062015101479075417305811640417186231
02018031706062015102011068517005151650350175175
02018031706072010106467071218805241830341178163
02018031706072013101925070718105261790347177170
02018031706072014104753069317305201750345175170
02018031706072015100317070918305261830343177166
02018031706072015101061072319005331830350183167
02018031706072015101083072719205351860349178171
02018031706072015101262069317705161720344175169
02018031706072015101438075719805591880371194177
02018031706072015103073071818705311810350175175
02018031706072015103135068118304981700328172156
02018031706072015103964069517705181730345175170
02018031706072015104194070718205251840341175166
02018031706072015104248068018804921630329171158
02018031706072015105455071719005271770350176174
02018031706072015105501072418505391840355186169
02018031706082011105789071719705201830337171166
02018031706082011106573071518705281850343180163
02018031706082012104064071019805121910321164157
02018031706082013105781066216205001670333166167
02018031706082015104109068517505101650345172173
02018031706092014101620073619305431880355182173
02018031706092015106076065916104981600338169169
02018031706092015106222068716305241750349176173
02018031706102012104778062016304571560301150151
02018031706102014105365062516004651560309154155
02018031706102015103793069017805121710341168173
02018031706102015106251056815504131440269142127
02018031706112015101670064816804801590321158163
02018031706112015101740070819105171730344175169
02018031706122013109095067416705071670340172168
02018031706122015100804067216505071640343170173
02018031706122015100968068717805091700339174165
02018031706122015101113064315404891590330170160
02018031706122015101775067617405021690333169164
02018031706122015101865064316304801620318162156
02018031706132011103989063315704761500326164162
02018031706132011106394053214103911360255129126
02018031706132014105324065916304961640332162170
02018031706132015100299070417405301780352179173
02018031706132015100698056716204051400265130135
02018031706132015101520070117705241780346177169
02018031706132015101704070817405341790355181174
02018031706132015101729067717305041640340179161
02018031706132015105459056115804031400263131132
02018031706142013104425069317905141770337174163
02018031706142015102787069917305261770349178171
02018031706142015102935067616705091710338174164
02018031706142015103951067316705061690337172165
02018031706142015104119069117005211660355176179
02018031706142015106442068217605061680338171167
02018031706152012100671063417304611640297155142
02018031706152013110104069517605191610358174184
02018031706152014103268063917104681540314156158
02018031706152015100462068517305121690343175168
02018031706152015101406070219005121740338177161
02018031706152015102002071217705351840351177174
02018031706152015104472071918605331790354180174
02018031706162014101172060615404521480304151153
02018031706162015101186063715704801580322161161
02018031706162015102242068515405311680363175188
02018031706182013100440064617204741620312163149
02018031706182015104253070117105301720358178180
02018031706182015105033068917105181650353175178
02018031706182015106131058315904241520272138134
02018031706192013106128066717704901690321160161
02018031706192014101508069317305201790341179162
02018031706192015101828069318705061740332168164
02018031706192015102944069117205191740345174171
02018031706202009105779000000000000000338176162
02018031706202013105455069017405161730343175168
02018031706202014105601069317505181710347175172
02018031706202015102116069918305161750341171170
02018031706202015103478069117305181780340169171
02018031706212013105959069517505201730347177170
02018031706232015100317070819005181880330172158
02018031706232015104194070519205131890324169155
02018031706242014100936069518105141700344173171
02018031706252013110022064816904791610318161157
02018031706252014104977066316804951640331171160
02018031706262012102452075319305601930367186181
02018031706262015104051066817204961650331169162
02018031706272013102271072718705401850355179176
02018031706272015105388073418805461830363185178
02018031706282013102681078720605811910390191199
02018031706282014102612073318605471830364185179
02018031706282015100733074618605601880372193179
02018031706282015101614070018505151810334177157
02018031706282015102972068918205071800327175152
02018031706282015103615074518605591850374189185
02018031706302014105854066617904871730314157157
02018031706302015100813066917704921710321167154
02018031706302015102205066517504901730317159158
02018031706302015104581078621005761930383189194
02018031706302015109072074919605531870366183183
02018031706312015100731066716705001680332175157
02018031706312015101451066516305021630339169170
02018031706312015103628064615504911600331168163
02018031706322015104350065216504871640323164159
02018031706322015106095065416704871590328163165
02018031706332013104779069917205271710356176180
02018031706332015101628074419005541820372189183
02018031706332015101792067015505151680347170177
02018031706342014100718073317705561680388180208
02018031706342014101640069017705131700343171172
02018031706342015101006069017505151700345173172
02018031706342015105594073217205601710389186203
02018031706352013100708070417805261810345179166
02018031706352014102325069017005201690351174177
02018031706352015100292070618705191730346175171
02018031706352015102003070218805141770337170167
02018031706362012103720075019205581870371188183
02018031706362015102752073417405601890371190181
02018031706372012101430074418205621850377191186
02018031706372012105273075419505591920367187180
02018031706372013106262076818205861940392201191
02018031706372014100132069317105221750347180167
02018031706372014102135073018005501820368183185
02018031706372015105319077819105871970390198192
02018031706382015100938069217605161690347174173
02018031706382015103725074118205591770382192190
02018031706392013105024069516905261760350176174
02018031706392013105661065916504941630331162169
02018031706392014105825064816804801610319166153
02018031706392015100963065216104911610330167163
02018031706392015105419070217305291760353177176
02018031706392015106499065816504931680325164161
02018031706402012101246071518105341830351182169
02018031706402012101394070918205271840343176167
02018031706402012103262066717104961720324162162
02018031706402013106293070518105241820342180162
02018031706402014102315072617705491780371185186
02018031706402014105509071518205331830350182168
02018031706402015100563066217704851650320165155
02018031706402015100678066817604921660326167159
02018031706402015103000066217504871640323169154
02018031706402015104532066117504861650321166155
02018031706402015105276069718105161790337169168
02018031706412013104137068317305101700340176164
02018031706412014105756065317204811650316163153
02018031706412015105711077119505761940382194188
02018031706412015106310072718505421810361184177
02018031706422013102271067117304981690329168161
02018031706422014103189068717805091690340172168
02018031706422014103694069618005161740342170172
02018031706432014101361065516304921660326165161
02018031706432014101547063715304841590325166159
02018031706432014102667065316404891620327166161
02018031706432015104325065216204901660324165159
02018031706432015104835064115604851610324163161
02018031706442009100680074619905471930354178176
02018031706442014105274071318205311790352178174
02018031706442014106148071818605321810351175176
02018031706442015100167073318705461840362186176
02018031706442015100204073719505421880354183171
02018031706442015103507073318705461840362185177
02018031706442015103544070818105271750352176176
02018031706452013110097071118305281810347177170
02018031706452015100497068617805081770331167164
02018031706452015100845064615904871590328162166
02018031706452015101225068117805031730330170160
02018031706462009101967070418005241770347176171
02018031706462011105266069717505221750347174173
02018031706462014100569069618005161710345171174
02018031706462014100729072217105511770374186188
02018031706462014104214075518005751890386191195
02018031706462014106207070718005271780349175174
02018031706462015100145072117205491790370181189
02018031706462015101006066716005071630344176168
02018031706472006106754075920305561880368186182
02018031706472014104182074220405381860352176176
02018031706472014105363073719705401900350175175
02018031706472014105858061915204671510316155161
02018031706472015102287073218005521780374187187
02018031706472015104698071017605341820352175177
02018031706482012106382072818905391850354183171
02018031706482013100747070819605121780334169165
02018031706482014105149070018905111710340172168
02018031706492011102899065917904801690311163148
02018031706502012105273069018605041750329168161
02018031706502013106262068417305111740337175162
02018031706502015102467068918005091770332166166
02018031706502015103994066617004961680328164164
02018031706512014100132063615804781530325163162
02018031706512014101763065916704921670325161164
02018031706512014101803067317804951670328165163
02018031706512015102259066017004901610329165164
02018031706522012101430066416504991630336170166
02018031706522013100708066817804901730317166151
02018031706522014109012067516805071690338170168
02018031706522015101022075719105661870379195184
02018031706522015101602063916804711580313157156
02018031706522015104443063516604691590310153157
02018031706522015104533069416805261800346178168
02018031706532015102168067717605011700331164167
02018031706532015105319070617505311800351177174
02018031706542012101246066617104951680327169158
02018031706542012101394066817204961690327169158
02018031706542013106293067116805031700333172161
02018031706542015105235067616005161590357176181
02018031706542015105276066916405051730332177155
02018031706572009100680069818605121760336164172
02018031706572015104524067518004951730322161161
02018031706582011104759067417504991660333165168
02018031706592012110100064218204601610299143156
02018031706592014104214069816905291750354178176
02018031706592015110084069818205161760340180160
02018031707002011101158054314603971310266129137
02018031707002013101839071419705171810336170166
02018031707002013105545071918905301820348182166
02018031707002013110091072018405361770359177182
02018031707002014100229071319005231920331176155
02018031707002014102247071519705181790339176163
02018031707002014104259071419705171810336172164
02018031707002015100644071319205211870334174160
02018031707002015103465071218905231880335171164
02018031707002015104046071919505241860338172166
02018031707002015104186071718405331720361183178
02018031707022012106382068918305061750331171160
02018031707022014105149067518804871590328160168
02018031707042013100918069817805201750345172173
02018031707042014105630065116104901500340162178
02018031707042015102313064816204861670319162157
02018031707042015102748069217205201670353177176
02018031707042015104237067817105071760331165166
02018031707292015102801065217404781670311163148
02018031707302012106252069518305121750337168169
02018031707302014100765069918705121770335170165
02018031707302015100276071518305321820350174176
02018031707302015104544070218605161780338172166
02018031707302015105978070318605171810336172164
02018031707312013103531070017605241810343173170
02018031707312013105594067217304991670332164168
02018031707312015101282069017505151690346174172
02018031707312015102926072318805351790356182174
02018031707312015103929067817605021670335172163
02018031707322012100961069618005161780338169169
02018031707322012104019069718205151680347172175
02018031707322012106012070417805261770349183166
02018031707322013104885069217905131720341170171
02018031707322013105303055615304031440259130129
02018031707322015100557069518305121740338168170
02018031707322015102594071717805391790360184176
02018031707322015102599070218505171760341171170
02018031707322015104743069317805151740341176165
02018031707332011103485063015504751610314160154
02018031707332011104417067016005101630347174173
02018031707332012104464076320305601870373187186
02018031707332013100654066215805041650339166173
02018031707332013106399066317104921680324163161
02018031707332015100477065416304911680323162161
02018031707332015104166065815605021690333162171
02018031707332015106129070218205201770343175168
02018031707342011100628070418005241760348171177
02018031707342015104346066216205001610339167172
02018031707352013103299067617005061650341178163
02018031707352014103487067817705011680333170163
02018031707352015104052070319605071730334168166
02018031707352015105456067816505131710342170172
02018031707372015102177069317105221720350170180
02018031707372015103877063715304841530331161170
02018031707382015104281068117105101740336177159
02018031707382015105417064717504721600312156156
02018031707452012106252066217404881700318159159
02018031707452014100765067117105001710329172157
02018031707462015105978067116805031690334173161
02018031707472013103531069718505121770335167168
02018031707482012104464066516205031720331167164
02018031707482012106012069318405091750334176158
02018031707482015100557070018205181820336173163
02018031707482015102594071217905331730360181179
02018031707482015102599069518205131730340178162
02018031707482015104743069218005121800332171161
02018031707492013103299062416104631590304163141
02018031707492015105456068618305031770326167159
02018031707502015101640071819305251810344168176
02018031707502015104180070918405251780347172175
02018031707512014105797070218405181740344175169
02018031707512015106261072518705381880350178172
02018031707542012105410070019405061790327171156
02018031707542013104852104827307752700505262243
02018031707552014105448071618605301790351180171
02018031707562012103988065617604801680312160152
02018031707572015100655070417905251860339175164
02018031707582013110008079519805971910406201205
02018031708002015104009073618405521850367181186
02018031708032015106010072717505521850367186181
02018031708052015104854070318405191780341176165
02018031708062014104418068418804961770319157162
02018031708142015105797068416005241690355176179
02018031708152015104009069818405141790335168167
02018031708182015105138061915504641530311155156
02018031708182015106010070617905271710356177179
02018031708202015101595070118705141720342172170
02018031708202015101779070217305291810348178170
02018031708202015102282072118405371820355176179
02018031708202015104797070818305251810344174170
02018031708232015104149071218405281790349181168
02018031708242013100787069917205271700357174183
02018031708242015101492078822305652020363185178
02018031708252015104276077821705611970364189175
02018031708252015104383070118105201730347176171
02018031708252015104600074919005591870372189183
02018031708472015100717068417105131710342174168
02018031708482015102328074219405481860362183179
02018031708492012100798068917805111770334169165
02018031708492015100159068416505191690350172178
02018031708492015103419067716505121670345171174
02018031708502015101889073419505391950344176168
02018031708502015106280063615604801550325163162
02018031708512013105429061516204531530300151149
02018031708512015101575063715504821580324166158
02018031708512015101779069417205221710351173178
02018031708512015102282071618105351800355180175
02018031708512015102687064516804771620315156159
02018031708512015104797070318105221780344177167
02018031708522012101402068017805021710331166165
02018031708522013100345070218405181860332169163
02018031708522014101230069317305201720348180168
02018031708522014102484072018205381810357180177
02018031708522015100592074219205501920358190168
02018031708522015102455072218505371790358184174
02018031708522015104457070918505241840340172168
02018031708532015104149069618905071770330171159
02018031708562015100349068117805031760327169158
02018031708572013105131070518205231760347174173
02018031708572015100667068016005201740346175171
02018031708582013105383069617905171730344172172
02018031708582013110107070118205191710348176172
02018031708582015100634073719305441740370188182
02018031708582015101398069718205151700345174171
02018031709002015100846067817305051660339171168
02018031709002015103220063015904711570314155159
02018031709002015104066065717004871620325165160
02018031709002015104785065716904881630325165160
02018031709012012103499070918105281760352178174
02018031709012013102798076020305571900367185182
02018031709022011105905068117805031720331167164
02018031709022014103354070416805361760360182178
02018031709022014104243073118605451820363184179
02018031709022014105599073218605461820364184180
02018031709022015103918072918305461830363181182
02018031709032014104303063116504661590307159148
02018031709042013102912066617704891670322164158
02018031709062015104681066817204961690327164163
02018031709062015105835066517304921690323157166
02018031709082014103722065416904851620323164159
02018031709092013100345070218705151850330170160
02018031709092013105535068421504691620307155152
02018031709092015104457071119005211870334168166
02018031709092015104961066917004991680331170161
02018031709142011105905065516704881670321160161
02018031709142012102848071218905231790344179165
02018031709162013102798075120405471850362181181
02018031709172014103354068916505241690355181174
02018031709172014104243067817105071740333170163
02018031709172014105599067917305061730333169164
02018031709172015103918069817405241740350177173
02018031709182012105645066416405001660334166168
02018031709192014105802061015304571490308153155
02018031709252015104389065617804781630315161154
02018031709252015104514066017604841680316161155
02018031709272011104343073018805421850357183174
02018031709272015105881072218205401770363183180
02018031709302013105231064917004791630316157159
02018031709362014104386065316504881690319163156
02018031709402015104845063415004841470337168169
02018031709402015105881068218205001730327165162
02018031709412011104343070618605201780342175167
02018031709492015100449071117705341850349178171
02018031709492015104801069518305121690343171172
