12018032706592013106474063016004701590311154157
12018032706592015103006063716704701540316158158
12018032707002011104306064017104691630306152154
12018032707002013101965061415504591520307152155
12018032707002013110109060415904451520293146147
12018032707002014105053065117904721620310154156
12018032707002015100200071118305281770351178173
12018032707002015100605058714904381440294145149
12018032707002015101530061615204641570307153154
12018032707002015101687057315104221420280139141
12018032707002015102416069018905011690332166166
12018032707002015103768063115804731570316157159
12018032707002015104096062716904581590299149150
12018032707002015104246063217004621610301152149
12018032707002015104823060716204451480297148149
12018032707002015105009061417504391510288143145
12018032707002015105202063716604711600311155156
12018032707002015105295063815904791620317161156
12018032707002015110068063617704591530306150156
12018032707012013102190061316504481570291146145
12018032707012013105646064916804811670314161153
12018032707012013106000065417004841650319161158
12018032707012014103981066317104921690323162161
12018032707012014104578060916904401440296146150
12018032707012014105258065617004861680318165153
12018032707012014106038065316704861670319162157
12018032707012014106131064516204831640319159160
12018032707012015101376064416904751660309156153
12018032707012015101618064716704801570323159164
12018032707012015101622064916304861610325161164
12018032707012015101641061415804561500306149157
12018032707012015103422064216504771570320158162
12018032707012015104199065618104751680307158149
12018032707012015104264066618104851700315160155
12018032707012015104304069318905041780326165161
12018032707012015104310066117404871640323161162
12018032707012015104550065617104851620323163160
12018032707012015104602064915904901570333165168
12018032707012015104689065116804831650318160158
12018032707012015104771064316304801590321160161
12018032707012015104864064917104781660312159153
12018032707012015105141063416104731550318157161
12018032707012015106164066216904931640329162167
12018032707012015109110067418304911710320161159
12018032707012015110088067318104921710321160161
12018032707022012102766061915104681610307159148
12018032707022012103191063316804651530312155157
12018032707022012106377062016404561540302152150
12018032707022013104773061117204391500289145144
12018032707022013105387064216504771590318159159
12018032707022013105602062916704621580304152152
12018032707022013106188063416304711550316160156
12018032707022014102860062516504601540306153153
12018032707022014104669065617304831590324163161
12018032707022014109151067317105021640338170168
12018032707022015100513067717205051640341171170
12018032707022015102395065616104951550340174166
12018032707022015102665067416505091720337169168
12018032707022015102742065316904841620322163159
12018032707022015102933064918804611600301148153
12018032707022015103457063115804731560317162155
12018032707022015104125066818704811620319162157
12018032707022015104934066716804991660333167166
12018032707022015104963063217404581590299148151
12018032707022015105176062815404741650309158151
12018032707022015105262058814904391480291145146
12018032707022015105520063616804681590309153156
12018032707022015105583060716404431540289143146
12018032707022015105798062315304701560314158156
12018032707032010104680065617104851710314164150
12018032707032011104612072319005331800353180173
12018032707032012104602062716704601620298153145
12018032707032013101822072018805321780354178176
12018032707032013103582067817505031640339175164
12018032707032013104121060916104481640284148136
12018032707032014100576062416004641560308155153
12018032707032014101167063916204771650312160152
12018032707032014103359064316304801590321159162
12018032707032014104389064116404771620315159156
12018032707032014105497064617004761640312157155
12018032707032014105513061516704481500298149149
12018032707032014105637061316904441530291146145
12018032707032014105788065016704831670316163153
12018032707032015100868062017304471570290149141
12018032707032015102375061316704461520294151143
12018032707032015103298064916304861650321161160
12018032707032015104178062116404571640293153140
12018032707032015104417060816004481520296151145
12018032707032015104526063616604701590311155156
12018032707032015104582063817104671580309151158
12018032707032015104687073319905341800354182172
12018032707032015104730072018505351800355179176
12018032707032015104825065316604871610326164162
12018032707032015105241067116905021680334166168
12018032707032015105686061816304551470308146162
12018032707042012100531065417004841580326167159
12018032707042012102649065316804851660319162157
12018032707042013105236073021305171790338180158
12018032707042014105482070820005081810327170157
12018032707042014106474062115704641520312155157
12018032707042015100562070818605221800342187155
12018032707042015101385073721105261850341176165
12018032707042015102036062715604711520319156163
12018032707042015103224072921305161790337179158
12018032707042015103562071818605321820350193157
12018032707042015105047074021405261860340177163
12018032707042015105861065616804881600328164164
12018032707042015105893071520305121820330174156
12018032707042015110101062816804601630297154143
12018032707052012101154067417604981690329166163
12018032707052012105828064716104861540332169163
12018032707052014106289061016104491490300148152
12018032707052015100344062216604561540302149153
12018032707052015101737063616704691590310155155
12018032707052015102020066816705011660335168167
12018032707052015102067068317305101710339170169
12018032707052015103122065416304911610330172158
12018032707052015103523062215904631550308154154
12018032707052015103998065316904841610323163160
12018032707052015104411061616304531530300151149
12018032707052015104493067918004991730326165161
12018032707052015104496067216805041650339169170
12018032707052015105547062716704601570303152151
12018032707052015106241068317805051730332166166
12018032707062013101616067318304901620328164164
12018032707062013101763065317304801610319159160
12018032707062014103967066017104891670322161161
12018032707062014104135066217104911640327165162
12018032707062015103517069417805161710345173172
12018032707062015104181065017404761590317157160
12018032707062015104714069017705131760337175162
12018032707062015104886068017205081670341173168
12018032707062015106055064216404781620316161155
12018032707062015106143062617304531540299150149
12018032707072012105612065317004831600323163160
12018032707072013104508062216204601570303155148
12018032707072013104535063215804741640310156154
12018032707072013105355065417504791610318161157
12018032707072013106015066217104911650326164162
12018032707072014102618064616104851660319165154
12018032707072014102897062916404651620303158145
12018032707072014105592068618704991690330166164
12018032707072014105951062215704651510314151163
12018032707072014106104063418304511540297149148
12018032707072015100700067917105081660342172170
12018032707072015101402062616104651520313155158
12018032707072015102940064716804791640315159156
12018032707072015103786070718705201750345176169
12018032707072015104366062916704621540308161147
12018032707072015104819065617804781540324165159
12018032707072015105383063917004691570312156156
12018032707072015105551065917404851590326163163
12018032707082012103504068118804931680325168157
12018032707082013101438061615804581510307149158
12018032707082014100739063516304721590313157156
12018032707082014101061065417104831580325163162
12018032707082014103551064115904821540328161167
12018032707082014105848065717704801570323162161
12018032707082014105982068118604951700325163162
12018032707082015100637070617905271760351175176
12018032707082015100863067617505011660335168167
12018032707082015100873064615904871610326164162
12018032707082015102382063017604541530301150151
12018032707082015102662058815704311450286143143
12018032707082015103015062216104611550306154152
12018032707082015103110063416204721490323160163
12018032707082015103398069719305041660338166172
12018032707082015103524064917504741540320158162
12018032707082015103557068418704971690328166162
12018032707082015103579063916904701600310157153
12018032707082015103598062015604641480316155161
12018032707082015103920066117004911640327166161
12018032707082015104220062016004601540306150156
12018032707082015104266062315504681540314155159
12018032707082015104361064216004821570325161164
12018032707082015104437058715604311440287143144
12018032707082015104842060216804341520282143139
12018032707082015105674067117304981730325164161
12018032707082015105738062116304581520306150156
12018032707092011101046061415904551550300149151
12018032707092012100657064916604831620321161160
12018032707092012104510065816604921580334159175
12018032707092012104648064416904751650310161149
12018032707092012106040064116104801630317160157
12018032707092013101753065217204801670313161152
12018032707092013102856065016904811610320164156
12018032707092013105979065017504751620313161152
12018032707092013106329061815604621530309156153
12018032707092014103266062815604721530319157162
12018032707092014103963067717904981690329172157
12018032707092014105044064916704821630319161158
12018032707092015101786065616504911630328161167
12018032707092015102081064716004871580329163166
12018032707092015102566066017404861610325162163
12018032707092015102634063015304771550322158164
12018032707092015103594062815604721530319158161
12018032707092015103617062515904661550311155156
12018032707092015103637064816504831660317162155
12018032707092015103895068417605081720336168168
12018032707092015104756063516204731500323160163
12018032707092015104878065617704791580321160161
12018032707102013102273069619405021810321160161
12018032707102013102781069619105051760329165164
12018032707102013103969065216404881580330162168
12018032707102013110017063618204541500304151153
12018032707102014102894065817004881630325164161
12018032707102014104051075720305541910363184179
12018032707102015101024064117004711590312160152
12018032707102015102797071317405391760363183180
12018032707102015102843073019805321790353180173
12018032707102015106136064517704681620306156150
12018032707112010103602062417004541580296152144
12018032707112012104392067318004931660327164163
12018032707112012110090066917904901680322165157
12018032707112014100750068818005081760332174158
12018032707112014101357069017705131700343173170
12018032707112014106046063317704561600296148148
12018032707112014106503066816904991610338171167
12018032707112015101012062314704761460330153177
12018032707112015102332061716004571520305149156
12018032707112015104192066116604951680327165162
12018032707122011105438057615704191450274137137
12018032707122012100591069418305111740337169168
12018032707122014102120060716204451470298148150
12018032707122014103866066818104871650322159163
12018032707122015100168068217405081700338168170
12018032707122015100187066916305061680338171167
12018032707122015100200066716904981650333165168
12018032707122015100949064516304821620320161159
12018032707122015102570065116504861630323161162
12018032707122015102735063616704691670302155147
12018032707122015104101066917604931660327168159
12018032707122015104937065717204851730312159153
12018032707122015105461067618104951720323164159
12018032707122015106399062915704721540318160158
12018032707122015110013066116904921760316161155
12018032707132013100419062215904631540309154155
12018032707132013100640063115704741560318157161
12018032707132013106258059416304311490282139143
12018032707132014100182066318004831660317157160
12018032707132014103732059814804501430307149158
12018032707132015100919064415404901540336164172
12018032707132015101317066818504831630320158162
12018032707132015102074066420504591650294147147
12018032707132015102130063016204681620306153153
12018032707132015102179071418605281720356176180
12018032707132015102437076320705561890367186181
12018032707132015102818061315304601530307153154
12018032707132015102913064916504841630321162159
12018032707132015103978066118004811700311165146
12018032707132015106135066418504791670312157155
12018032707132015106503069117705141750339168171
12018032707142013102881063016404661580308153155
12018032707142013103133064616604801680312158154
12018032707142013105332063516704681650303155148
12018032707142014100456063916504741600314156158
12018032707142014103897065716904881630325162163
12018032707142014105971062816504631510312158154
12018032707142015100507064316904741660308154154
12018032707142015100576064817104771630314156158
12018032707142015100928063115904721550317158159
12018032707142015101622067817405041650339168171
12018032707142015102211060915404551570298155143
12018032707142015102411065116804831530330163167
12018032707142015102716067418004941590335164171
12018032707142015104304065316804851680317162155
12018032707142015104602067316905041620342168174
12018032707142015105990065216704851660319160159
12018032707142015106200060915404551560299155144
12018032707152011105960065017304771640313160153
12018032707152012100517060916004491470302151151
12018032707152013103614065216904831620321159162
12018032707152013105387063816804701620308154154
12018032707152013105566071519305221790343168175
12018032707152014100377064617504711610310158152
12018032707152014100537062716004671550312153159
12018032707152014105907060015604441490295143152
12018032707152014105928064316804751590316156160
12018032707152014109151068117705041680336172164
12018032707152015100513068918105081720336171165
12018032707152015100610067017104991640335165170
12018032707152015103949069218605061700336172164
12018032707152015104144068018304971670330164166
12018032707152015104643060616504411530288146142
12018032707152015104872065116604851620323161162
12018032707152015105305068617805081740334167167
12018032707162013103507063917304661580308155153
12018032707162014102688068718105061760330169161
12018032707162014103298061715904581550303151152
12018032707162014106028065618904671680299153146
12018032707162015100227065617104851530332162170
12018032707162015100555065518304721580314158156
12018032707162015101532069318005131770336166170
12018032707162015101936062617704491490300148152
12018032707162015102448064116504761580318158160
12018032707162015103232064216504771620315163152
12018032707162015104706065518804671680299150149
12018032707162015104727070117905221810341170171
12018032707162015104825066516704981630335165170
12018032707162015109081068417705071680339172167
12018032707162015110077064217204701610309157152
12018032707172010102459066618304831620321162159
12018032707172012106375064716904781590319167152
12018032707172012110113067117504961720324171153
12018032707172013105236071420705071820325172153
12018032707172013106130060316104421480294143151
12018032707172014100590063115504761580318159159
12018032707172014102571065918204771680309157152
12018032707172014105374065318404691670302155147
12018032707172014105482072119705241870337184153
12018032707172015100562059216604261310295134161
12018032707172015101385072521005151810334177157
12018032707172015101399064416704771670310156154
12018032707172015102078061717304441470297150147
12018032707172015103160065216104911610330167163
12018032707172015103224071321005031830320167153
12018032707172015103562070919805111920319175144
12018032707172015104496062516704581600298151147
12018032707172015104523065817104871670320158162
12018032707172015104924063316904641580306151155
12018032707172015105047072421205121860326171155
12018032707172015105171065918304761650311155156
12018032707172015105893072919605331930340188152
12018032707172015106167066917904901670323163160
12018032707182012100662066817104971650332162170
12018032707182013100904064017304671580309157152
12018032707182014102293072820805201810339173166
12018032707182014103382064817704711570314154160
12018032707182014104249062315604671530314155159
12018032707182014106074074920505441900354177177
12018032707182015100830066017704831610322159163
12018032707182015102020067516905061680338173165
12018032707182015102067067918104981680330164166
12018032707182015105038076920605632010362182180
12018032707182015106333066417604881610327162165
12018032707192011105806060016204381470291140151
12018032707192014100253068718205051740331168163
12018032707192014102159070718005271760351174177
12018032707192015100503068818305051690336166170
12018032707192015100944072220405181800338167171
12018032707192015102039067619504811680313162151
12018032707192015103388069018205081760332167165
12018032707202012102758064517704681560312157155
12018032707202012110059061815804601520308153155
12018032707202013104818064317804651630302156146
12018032707202013105357063115704741540320158162
12018032707202014103387070118105201760344173171
12018032707202014105372067517904961620334170164
12018032707202015101017066018404761630313159154
12018032707202015102163064315804851580327164163
12018032707202015102691062515804671530314155159
12018032707202015104324063817204661590307154153
12018032707212011102166066417504891680321160161
12018032707212013101996062616604601500310155155
12018032707212013102492065217104811580323160163
12018032707212013106015067117404971680329170159
12018032707212014100500065116504861650321162159
12018032707212014105951068017705031690334168166
12018032707212014106104065019104591630296146150
12018032707212015100405066416904951680327166161
12018032707212015101771066317204911630328164164
12018032707212015102033060216004421450297144153
12018032707212015103517069818805101710339173166
12018032707212015104181066217604861670319160159
12018032707212015104209066517204931670326163163
12018032707212015104714065317004831620321162159
12018032707212015104819068418105031690334164170
12018032707212015104886065817204861660320167153
12018032707212015105970066417404901750315157158
12018032707212015106396064216704751650310159151
12018032707222011105562064216504771670310160150
12018032707222012100657064016204781540324163161
12018032707222012104510065016604841620322161161
12018032707222013100511066618104851640321164157
12018032707222013100594065118004711630308156152
12018032707222013101207065017904711600311157154
12018032707222013106184066817604921660326163163
12018032707222013110128064617204741620312157155
12018032707222014105592068118105001720328165163
12018032707222015101529068017505051660339169170
12018032707222015102566065316804851650320161159
12018032707222015103169063016904611570304148156
12018032707222015103557066017504851650320163157
12018032707222015103757063716804691570312157155
12018032707222015105544068717405131670346173173
12018032707232009100359065117804731570316160156
12018032707232012100529066816005081710337170167
12018032707232012103478072618905371860351180171
12018032707232012105538066117804831660317160157
12018032707232014102898076221905432030340184156
12018032707232014104051069017705131670346177169
12018032707232015100511062316904541650289150139
12018032707232015102795069718105161770339171168
12018032707232015103325066717904881600328164164
12018032707232015103491070918905201740346170176
12018032707232015106180066418004841640320163157
12018032707232015106199068118504961690327166161
12018032707242008101384065817404841580326164162
12018032707242012100636064716704801660314154160
12018032707242012103494066617904871670320162158
12018032707242012105263067318604871670320162158
12018032707242013101358063016104691530316160156
12018032707242013105033064316704761620314155159
12018032707242015100535063316804651600305154151
12018032707242015101997067617405021610341166175
12018032707242015102580062716504621550307152155
12018032707242015102783063916004791620317157160
12018032707242015103336065717004871600327163164
12018032707242015105677063617104651540311155156
12018032707242015106056067017804921730319163156
12018032707252011110099062216204601500310154156
12018032707252012105433066617404921590333168165
12018032707252013105015063416304711600311152159
12018032707252013105748064316704761700306157149
12018032707252014100407065316404891610328162166
12018032707252014105685064116604751560319163156
12018032707252015100230061015404561530303152151
12018032707252015102236063417404601570303150153
12018032707252015104658059816304351480287143144
12018032707262011103673065016904811630318159159
12018032707262012102017065016604841580326166160
12018032707262013102945064817004781580320157163
12018032707262013103599057115004211440277149128
12018032707262013105892065317304801610319159160
12018032707262013105917061815704611540307156151
12018032707262014101434057816004181410277135142
12018032707262014106464061215404581530305149156
12018032707262015100258062416204621570305154151
12018032707262015106232067717705001650335165170
12018032707272009100976064918104681520316162154
12018032707272013103305062615604701580312157155
12018032707272013110048063717004671580309153156
12018032707272014105934065118004711500321157164
12018032707272015100122061016604441530291150141
12018032707272015100315063416204721600312155157
12018032707272015100748064716304841640320163157
12018032707272015101647065317304801570323160163
12018032707272015103157062215804641570307154153
12018032707272015103780064516204831600323159164
12018032707272015104290062816404641630301155146
12018032707272015104305062015704631520311152159
12018032707272015105872064217404681520316153163
12018032707272015106325062615304731640309155154
12018032707282015100566066016804921680324161163
12018032707282015100582064716504821580324163161
12018032707282015101994061515704581530305151154
12018032707282015104470061916304561540302153149
12018032707282015105110062717204551550300148152
12018032707282015109035061916404551540301152149
12018032707292012100243067618104951640331165166
12018032707292012110080066117904821630319160159
12018032707292014100782064617704691600309151158
12018032707292014105217072418805361790357178179
12018032707292014105958067017404961790317166151
12018032707292014110107068715805291700359181178
12018032707292015100603066716804991710328169159
12018032707292015103811067017104991610338164174
12018032707292015104259066417404901680322160162
12018032707292015104507063416904651630302160142
12018032707292015105458065316504881620326161165
12018032707292015105915066516505001690331173158
12018032707302013102192065016604841510333158175
12018032707302014101797076818805801970383191192
12018032707302015103228063915904801570323166157
12018032707312015100625067418504891670322162160
12018032707322011105534066417204921720320162158
12018032707322013106235066017104891630326165161
12018032707322014106280069118705041720332167165
12018032707322015103346065416904851650320162158
12018032707322015103600064216604761630313156157
12018032707322015104682062617204541520302151151
12018032707332013103749066618204841670317159158
12018032707332013106033063417704571570300152148
12018032707332014102032061015704531500303154149
12018032707332014106138065416704871640323160163
12018032707332015103375064916904801620318157161
12018032707332015106369068417005141790335169166
12018032707342014102305065916304961620334167167
12018032707342014103990066618804781620316160156
12018032707342014104081067918704921670325163162
12018032707342014105795065317504781620316158158
12018032707342014106197064917504741610313158155
12018032707342015102378063317004631550308153155
12018032707342015104692062716604611600301151150
12018032707342015105282066717004971570340165175
12018032707342015109059070317305301740356176180
12018032707352014103186063016304671490318155163
12018032707352014106089066017404861610325160165
12018032707352015110107064317704661560310150160
12018032707362013103343062916104681540314151163
12018032707362013105811060315404491510298151147
12018032707362014102694065716404931580335166169
12018032707362015105096060616604401530287148139
12018032707362015105666062614904771490328152176
12018032707362015106208062417804461530293142151
12018032707372011105914063516304721610311154157
12018032707382010104870067717605011660335169166
12018032707382011100951067616805081710337170167
12018032707382012105305063717204651610304157147
12018032707382013104938064115604851520333166167
12018032707382014104411066017004901620328165163
12018032707382015100622063516704681610307155152
12018032707382015103640067516705081750333169164
12018032707382015104430064518104641630301154147
12018032707382015105182069619205041750329168161
12018032707382015105187066817304951670328167161
12018032707382015106198068216305191800339169170
12018032707392013100488064117904621530309156153
12018032707392013102945066717204951680327163164
12018032707392013104496062016604541510303152151
12018032707392013105892065516804871650322164158
12018032707392015100568070319205111850326167159
12018032707402012102017061716304541510303151152
12018032707402013110048065017604741620312159153
12018032707402014105934067518004951770318169149
12018032707402015101647065317904741560318166152
12018032707412011101042066017504851630322162160
12018032707412013106317064316704761630313160153
12018032707412015100125061514804671510316153163
12018032707412015103339066016904911640327165162
12018032707412015104110064917204771610316160156
12018032707422013106286069020304871670320165155
12018032707422014101832069417505191670352176176
12018032707422015101441066418004841680316161155
12018032707422015103212068317705061690337168169
12018032707422015103213068016805121680344173171
12018032707432015101072065617204841660318161157
12018032707432015105499066016904911610330165165
12018032707442010102569065917804811670314161153
12018032707452013102941066217704851580327164163
12018032707452015101665070618405221730349177172
12018032707452015103722069519904961690327169158
12018032707462014100820064917104781650313160153
12018032707462015101453064917604731610312160152
12018032707462015102181065716604911630328164164
12018032707462015103437066516305021640338167171
12018032707462015105537070117705241720352176176
12018032707472011100625063617104651600305153152
12018032707472012106071066117904821560326159167
12018032707472014100656065216904831580325159166
12018032707472015102565064516504801620318156162
12018032707472015104615061315504581530305153152
12018032707482013103489068517105141740340172168
12018032707482013104326067817405041670337168169
12018032707482014103085067617205041700334166168
12018032707492012104696066217304891590330162168
12018032707492015105161070118305181730345169176
12018032707522015103462069118505061720334170164
12018032707532013106022063116604651630302154148
12018032707532014101285059714904481510297147150
12018032707532015100861069117205191710348173175
12018032707532015102764065217304791580321158163
12018032707532015102915066117204891620327166161
12018032707542014105047064816004881640324162162
12018032707542015102906067418204921660326166160
12018032707542015103248063016504651510314154160
12018032707542015104979069618405121730339170169
12018032707562015101072073120005311890342176166
12018032707562015105499068818904991800319162157
12018032707572014103040062819104371530284142142
12018032707582015103606067917405051680337167170
12018032708012015101749061016204481480300147153
12018032708022013103691064515704881540334158176
12018032708022014100464065516604891610328166162
12018032708022015105502066117104901680322163159
12018032708042014102411067217504971650332169163
12018032708042014106436067017104991670332169163
12018032708042015105667062016104591550304149155
12018032708052012101184067517305021640338169169
12018032708072013104595066017804821630319162157
12018032708072015100995065116904821640318161157
12018032708072015102483064317504681640304154150
12018032708082011103704066418104831680315161154
12018032708102013105845068317705061720334169165
12018032708102015101573067417405001670333169164
12018032708102015104558067618104951670328161167
12018032708112015102473070517405311760355172183
12018032708122012101393066318604771690308154154
12018032708132012102026065516804871680319160159
12018032708132013101476060115304481510297146151
12018032708132015101410063517004651630302154148
12018032708132015101749061516404511570294148146
12018032708132015104566063717104661620304155149
12018032708142013103167063416204721600312158154
12018032708142014100687066317004931750318162156
12018032708142015102193066717404931710322165157
12018032708152014100464066117304881700318162156
12018032708162013104803067317205011700331171160
12018032708172013101248070518705181690349172177
12018032708172015102082069217605161700346169177
12018032708182012101184069718405131730340170170
12018032708182013104793068517105141760338171167
12018032708182014104511068418504991720327163164
12018032708182015101076062315904641550309154155
12018032708182015101078065616704891620327161166
12018032708182015101988067117105001670333162171
12018032708182015103627068017805021680334164170
12018032708182015105363068717505121710341171170
12018032708182015105784068218105011660335168167
12018032708182015106051066817204961650331170161
12018032708212014110010058914904401470293144149
12018032708222012101801057615004261440282141141
12018032708222014105897062915304761570319162157
12018032708222015102379063216304691610308153155
12018032708252012104463068417705071670340172168
12018032708252015102980067617605001700330166164
12018032708262013103138068418305011720329170159
12018032708262013105476064617104751610314155159
12018032708262015101518066717404931700323163160
12018032708262015104527065316904841590325160165
12018032708272014103773062516404611600301148153
12018032708272014106021064917104781590319161158
12018032708282014104831063216604661580308154154
12018032708292011103940061316904441490295146149
12018032708292013110024061517204431500293148145
12018032708292015101241063716004771560321162159
12018032708292015102080063916904701560314159155
12018032708292015102745067418704871730314159155
12018032708292015104048066117204891680321163158
12018032708292015104974067018504851670318160158
12018032708302012110058062715904681600308156152
12018032708302013103760059215704351400295147148
12018032708302013106072063617504611670294149145
12018032708302014100098063717204651580307153154
12018032708312013105936065518304721630309156153
12018032708312014104369064817504731640309158151
12018032708312015104057068517705081690339166173
12018032708312015104734062816404641600304155149
12018032708312015104830065118204691640305154151
12018032708312015110090065317504781650313160153
12018032708512015102350056515704081450263134129
12018032708512015104057066418004841620322165157
12018032708522014103031060215304491470302148154
12018032708522015105087053515503801320248122126
12018032708522015105256070820205061770329168161
12018032708532012105571066917504941700324168156
12018032708532015103167072319305301830347175172
12018032708542015100851064118104601580302151151
12018032708542015101693062617104551500305151154
12018032708542015105734068619304931700323164159
12018032708552015102846072719005371860351179172
12018032708552015106407058215704251400285137148
12018032708562013102583068618305031650338164174
12018032708562015105977068117705041710333171162
12018032708572010104370059216604261380288141147
12018032708572014109041064017104691550314156158
12018032708572015106088064216804741660308155153
12018032708582013105318065017704731580315156159
12018032708582014106070065317704761620314162152
12018032708582014106188056715504121420270138132
12018032708582015105022063015804721570315157158
12018032708592012106047062815904691540315156159
12018032708592013105727066317504881590329167162
12018032708592015101981070618705191840335171164
12018032708592015102717065616804881640324162162
12018032708592015104530065816604921670325160165
12018032708592015105567066417204921670325160165
12018032709012011103952066818904791720307156151
12018032709012013102547073121505161680348172176
12018032709012015102218065717704801600320161159
12018032709022010102603072721505121870325168157
12018032709022011106002070221604861740312161151
12018032709022012104104073322105121870325171154
12018032709022014105662072022005001810319166153
12018032709022015104107072422105031820321170151
12018032709022015104577071321904941790315163152
12018032709022015105940071621904971800317167150
12018032709022015106036072922105081870321171150
12018032709042013103497066917304961650331165166
12018032709042013104498063817504631570306153153
12018032709042015105256065618104751610314156158
12018032709052010101834064815604921580334163171
12018032709052015101332064716304841570327158169
12018032709052015103167061116404471510296149147
12018032709062012105571067318404891750314164150
12018032709072014104982069017805121670345174171
12018032709102014100628066217204901690321158163
12018032709102015100672066517904861610325162163
12018032709112012104504064217104711670304161143
12018032709122010200007067016005101580352171181
12018032709122012103663071618105351710364184180
12018032709122015105999068019404861630323158165
12018032709122015110103065518804671660301153148
12018032709132013106052063516304721570315159156
12018032709132015104438069118705041730331167164
12018032709132015104646062816404641530311161150
12018032709132015104655061816504531510302152150
12018032709132015104659060815504531460307154153
12018032709132015105966071418305311810350177173
12018032709142013100354073319905341750359185174
12018032709142015103317075220505471860361183178
12018032709142015103374066816305051640341170171
12018032709142015104651072519305321870345176169
12018032709142015106471074419605481840364189175
12018032709142015110061072220005221800342174168
12018032709152010102603068919004991740325170155
12018032709152011106002066019604641700294151143
12018032709152012104104070019205081790329172157
12018032709152014105662070119705041800324176148
12018032709152015104107070619505111860325173152
12018032709152015104577070120504961830313167146
12018032709152015105940071320705061820324175149
12018032709152015106036070819605121830329172157
12018032709162011105350067118804831630320163157
12018032709172015103413065517104841630321161160
12018032709172015104875066617504911690322165157
12018032709182010101834066716105061670339168171
12018032709182013106245072021405061830323163160
12018032709182014106052066117004911700321160161
12018032709192014103090061714204751490326158168
12018032709192014105783065717504821650317161156
12018032709222013105962072220505171810336168168
12018032709222013106178070118905121750337176161
12018032709232012101354066317404891690320160160
12018032709242012103532065816404941630331161170
12018032709242012104645062916504641560308155153
12018032709242013105399063316704661580308154154
12018032709242015101430064717404731580315155160
12018032709242015106165067417804961640332166166
12018032709262011101337065416604881600328165163
12018032709262014100613066418604781700308154154
12018032709262014100645064917704721580314156158
12018032709262015100226063816304751580317161156
12018032709262015100653066518504801690311155156
12018032709262015100833061715304641540310158152
12018032709262015101678068918705021770325161164
12018032709262015102187064516504801680312157155
12018032709262015102190064316404791640315161154
12018032709262015103567063816804701600310159151
12018032709262015105721069319005031730330164166
12018032709262015106387065516604891660323164159
12018032709272012103486064416604781520326160166
12018032709272013100430067217304991670332169163
12018032709272013101446062816904591590300151149
12018032709272015103303073419105431750368178190
12018032709282012105586065617104851630322163159
12018032709282013105783062317404491620287147140
12018032709282014102122068418305011700331167164
12018032709282014103867065117604751590316157159
12018032709282015100501067217704951630332163169
12018032709282015101021064517904661630303151152
12018032709282015105679066617004961660330163167
12018032709282015106392070817905291710358179179
12018032709292013100724062916104681600308157151
12018032709292015104713064217304691610308159149
12018032709302015105362066217604861650321162159
12018032709312014102137066017104891590330164166
12018032709312015100952064317304701570313157156
12018032709312015101355067717705001680332165167
12018032709312015102377072518605391830356178178
12018032709322014104161063117604551550300150150
12018032709322015100379066218504771650312157155
12018032709332013105528067516905061620344173171
12018032709332014100509060814904591490310153157
12018032709332015100460063416104731580315155160
12018032709332015101281066916705021740328165163
12018032709342010101326067917305061730333168165
12018032709342014101156062816004681560312161151
12018032709342014104841061815904591500309156153
12018032709342015103014063615804781560322161161
12018032709342015104481060315104521500302150152
12018032709342015105211064015604841580326162164
12018032709342015110031060716004471530294149145
12018032709342015110106064416204821560326156170
12018032709352011104676064317404691600309158151
12018032709352012101354060415204521460306156150
12018032709352014106010062816904591530306152154
12018032709352014106448067718004971670330165165
12018032709352015104257064416904751640311156155
12018032709362013100998070619005161730343178165
12018032709362015103646061817004481500298150148
12018032709362015105301065216004921610331173158
12018032709372012102856068819404941720322160162
12018032709372013104671061317204411460295150145
12018032709372013104977066117204891680321161160
12018032709372015102782071019605141690345163182
12018032709372015103408067718404931780315165150
12018032709372015104056072720805191870332167165
12018032709382011102464064917204771580319158161
12018032709382012110070067321104621550307153154
12018032709382013100677061916504541510303152151
12018032709382013104166070318205211650356175181
12018032709382013105645067316605071680339171168
12018032709382014103284064416704771580319158161
12018032709382014106220063916604731540319158161
12018032709382015103001061416204521560296149147
12018032709382015104901063416804661580308154154
12018032709392013103699064917204771630314158156
12018032709392013105705065918104781680310154156
12018032709392013109177065917304861750311160151
12018032709392014104278064617704691660303155148
12018032709392014105350065017704731630310155155
12018032709392014105983062916704621580304153151
12018032709392015100808064117004711570314154160
12018032709392015103245069216805241690355176179
12018032709392015104126060914104681460322157165
12018032709392015104407067916405151650350174176
12018032709392015105913064516804771620315160155
12018032709402012103486067617704991630336170166
12018032709402015101219072820105271870340173167
12018032709412014100583068016605141580356175181
12018032709412014102567064517004751550320159161
12018032709412014103977063416704671540313155158
12018032709412014105142071219205201720348173175
12018032709422012106019065317204811650316163153
12018032709422013103668071418805261750351181170
12018032709422014100066066115705041640340173167
12018032709422014103795068618605001670333170163
12018032709422015105634064216704751630312156156
12018032709432013105895063216304691460323159164
12018032709432014100027066618304831620321161160
12018032709432014103348062016204581550303155148
12018032709432015103127066517804871660321163158
12018032709432015105060067317904941670327166161
12018032709442013100159062717104561590297151146
12018032709442013103671062316404591580301153148
12018032709442015100134062615804681560312157155
12018032709442015106421062815704711520319160159
12018032709442015110066064015904811640317161156
12018032709452013106101063017104591600299152147
12018032709452014100793065417504791720307164143
12018032709452014104968063916004791630316162154
12018032709452014105441065717404831690314160154
12018032709452014105558065317404791690310160150
12018032709452014105947065116804831700313161152
12018032709452015100922063215904731530320157163
12018032709452015104751064717404731630310158152
12018032709452015104987065718004771680309159150
12018032709452015110074060914704621470315154161
12018032709462010100356061916204571520305150155
12018032709462012104814068418904951800315161154
12018032709462012105503064017004701600310156154
12018032709462013103475067617804981750323167156
12018032709462014103729065217404781610317160157
12018032709462015100839068118604951720323163160
12018032709462015101567062316404591560303153150
12018032709472012105956067217205001650335170165
12018032709472013101713061516904461540292148144
12018032709472013105720064717904681660302156146
12018032709472014100544068319104921710321164157
12018032709472014106335067318004931700323163160
12018032709472015100201063515904761620314155159
12018032709472015100659062516204631580305150155
12018032709472015101636066818404841720312153159
12018032709472015102715063416504691560313154159
12018032709472015103329068218504971690328169159
12018032709472015104069066218404781730305153152
12018032709472015104160068618804981720326167159
12018032709472015104625065417504791610318160158
12018032709472015104945062015604641540310150160
12018032709482012104298066717504921640328167161
12018032709482013104135063617104651650300150150
12018032709482014105136068920204871580329165164
12018032709482014105499066217804841670317160157
12018032709482015100620066117604851640321159162
12018032709482015103360064517104741610313158155
12018032709482015104999062815804701620308158150
12018032709482015105626063717204651630302149153
12018032709482015110047061916804511560295148147
12018032709492012104181073419505391820357179178
12018032709492014102413064915904901590331165166
12018032709492015100721064716504821640318159159
12018032709492015101174065516104941640330164166
12018032709492015104486066416305011650336170166
12018032709502008100175074418905551870368186182
12018032709502011103072064016204781580320166154
12018032709502013105140063215904731570316156160
12018032709502013106313070217805241770347178169
12018032709502015101720066017004901590331163168
12018032709502015102540064816304851610324162162
12018032709502015102562066117004911600331161170
12018032709502015103772065917004891660323164159
12018032709502015103946066517104941640330167163
12018032709502015104831068117705041650339167172
12018032709502015105487065517004851640321159162
12018032709502015106156065515205031570346168178
12018032709512011102464069217805141690345172173
12018032709512013105645065416704871670320166154
12018032709512015101439066718204851710314159155
12018032709512015103518064216604761620314154160
12018032709512015103528065017204781570321158163
12018032709512015104946068018704931620331163168
12018032709512015104972065916204971660331162169
12018032709512015105049066616305031590344167177
12018032709522012110091066016704931620331165166
12018032709522013103004066516904961650331161170
12018032709522015101741066015605041570347166181
12018032709522015104407060815104571470310152158
12018032709532014102865070718805191700349171178
12018032709532014102962066117704841570327159168
12018032709532014103872060916104481500298149149
12018032709532015100455070218705151770338171167
12018032709542009101968062016404561550301147154
12018032709542014102027065717204851610324160164
12018032709542014105057066317004931580335165170
12018032709542015100054067617305031720331168163
12018032709542015102232067317205011660335169166
12018032709542015102995068817605121650347171176
12018032709542015104137066217704851740311160151
12018032709542015104428065117104801620318162156
12018032709552007106312064817304751600315161154
12018032709552015101927066117104901590331163168
12018032709562012103348065516904861670319162157
12018032709562013105413060215604461450301149152
12018032709562014101129064815804901570333164169
12018032709562014101349064717204751600315158157
12018032709562014105369065317204811600321162159
12018032709562015103109066818004881670321163158
12018032709562015104152062916304661570309153156
12018032709572014102161061515604591520307157150
12018032709572014102243061217104411490292143149
12018032709572015100601066117304881640324164160
12018032709572015100630067317604971650332167165
12018032709572015100913064417404701600310155155
12018032709572015101048061216304491520297147150
12018032709572015102094060315004531550298149149
12018032709572015102307066017704831690314163151
12018032709572015103610063218004521520300153147
12018032709572015104492064717204751570318156162
12018032709582012101890061016204481510297145152
12018032709582013104027064416904751590316158158
12018032709582014100470062916904601620298148150
12018032709582014104922062115704641570307157150
12018032709582015102443065317004831620321159162
12018032709582015102985065916404951640331165166
12018032709582015103516069419704971760321167154
12018032709582015103620063817004681570311156155
12018032709582015104950066316704961630333166167
12018032709582015105761065216904831620321164157
12018032709592009100502066018004801590321159162
12018032709592011102556067318104921650327169158
12018032709592012102774066418404801660314158156
12018032709592012103508067718304941650329170159
12018032709592014101079065716904881640324162162
12018032709592014101662070518205231810342177165
12018032709592015103616066517804871610326165161
12018032709592015103826066217704851700315160155
12018032709592015106375064017604641600304152152
12018032710002012100617065617504811590322165157
12018032710002012104541069218505071710336171165
12018032710002013104783070319705061750331166165
12018032710002014103032066017604841670317160157
12018032710002014103806070119605051760329166163
12018032710002015102062065115005011570344170174
12018032710002015102823066117504861570329160169
12018032710002015103362066516804971650332166166
12018032710002015104625070720105061790327171156
12018032710002015106216065216904831690314158156
12018032710012009102469070820105071720335169166
12018032710012012104440067918304961650331164167
12018032710012012105695067419604781670311163148
12018032710012014102388061816304551550300154146
12018032710012015100636065416104931660327162165
12018032710012015106330067917805011690332169163
12018032710012015110012064316704761540322155167
12018032710022015100166063317204611710290149141
12018032710022015105144064117304681630305157148
12018032710022015105214065418404701690301156145
12018032710032013104840064416404801640316163153
12018032710032015100057063017704531490304146158
12018032710032015104589069619405021800322165157
12018032710042012105911060615104551490306148158
12018032710042015101439069418905051790326166160
12018032710042015102281064617104751600315158157
12018032710042015102849067018304871680319165154
12018032710042015103518069718805091680341171170
12018032710042015103528067016805021710331167164
12018032710042015104972064816304851600325163162
12018032710042015105049068717105161690347175172
12018032710052012110068063816404741620312152160
12018032710052013106051059916504341450289138151
12018032710052014100483064816804801620318157161
12018032710052014105828065417404801650315158157
12018032710052015100628061916404551540301154147
12018032710052015102366062516404611520309152157
12018032710052015103988066617004961680328164164
12018032710052015104946064418704571590298147151
12018032710062013101042062316104621550307152155
12018032710062014103095066216105011600341167174
12018032710062015102214062216304591570302155147
12018032710062015103928064417604681590309159150
12018032710062015104943060016004401450295145150
12018032710072012110091068017505051720333166167
12018032710072013106294068919404951720323162161
12018032710072014100977062117404471540293149144
12018032710072014101588067818504931670326164162
12018032710072014110041069320204911780313165148
12018032710072016103811066615905071680339164175
12018032710072016103817067216405081680340165175
12018032710082015102392059716304341500284146138
12018032710082015103019064817204761590317153164
12018032710082015103857069618305131760337173164
12018032710082015103993069117805131720341165176
12018032710082015104116068718105061740332170162
12018032710092014103915062416504591540305154151
12018032710092014109171064820404441720272139133
12018032710092015100600062815704711510320157163
12018032710092015100888061016404461530293146147
12018032710092015104354061916404551550300151149
12018032710092015105865062016104591540305151154
12018032710102011106571060516304421530289147142
12018032710102012101505064216304791620317160157
12018032710102014100428066817904891660323162161
12018032710102015101548065016804821540328162166
12018032710102015103979064517004751580317158159
12018032710102015109124058815304351430292145147
12018032710112012100231064117204691570312156156
12018032710112013101748063016104691500319156163
12018032710112015101789063917204671580309155154
12018032710112015103761064617704691680301151150
12018032710122015101077065716404931620331169162
12018032710132015100969078022005602000360187173
12018032710132015105516067718604911630328163165
12018032710142013104702065318604671630304155149
12018032710142015104976066919404751690306158148
12018032710142015106332064916504841620322158164
12018032710152011103780074522805171820335173162
12018032710152015105269064615704891480341163178
12018032710172015102329000018800001660000000000
12018032710172015103279068218005021680334170164
12018032710182012103730068018404961740322158164
12018032710182014101553064918004691610308155153
12018032710182014104735066919004791710308158150
12018032710182014106261065717904781640314163151
12018032710182015100178066218204801720308156152
12018032710182015101339066118604751700305158147
12018032710182015104308068218404981720326164162
12018032710192014104032064417504691570312157155
12018032710202014104784061015504551550300153147
12018032710202015103367063416604681630305157148
12018032710212010105860064116904721620310158152
12018032710212015100391066718704801710309158151
12018032710212015104660059614004561540302154148
12018032710222011105539062616504611580303156147
12018032710222012104759061816704511590292147145
12018032710252011101089066916805011640337167170
12018032710282014103001064216504771610316157159
12018032710282015103046071020105091730336170166
12018032710282015104240071420405101740336171165
12018032710302011105995061016604441480296149147
12018032710412014105609067218604861710315162153
12018032710522014105676063016504651560309153156
12018032710522015103237062616004661600306154152
12018032710522015103340062716004671620305154151
