02015091203592009105854066317404891640325163162
02015091204002007102705065416904851640321157164
02015091204002009105961064917304761580318155163
02015091204002010103813065316804851650320156164
02015091204002010106168072717805491760373186187
02015091204002011104105064816804801590321161160
02015091204002011104427065216604861640322159163
02015091204002012104625069517705181690349174175
02015091204002012109007066817604921590333160173
02015091204002012110084069617505211760345164181
02015091204002013105448067317404991650334158176
02015091204002013105878066517404911620329157172
02015091204012009104693069017205181720346174172
02015091204012009110028077718805891850404193211
02015091204012010110044070517505301730357177180
02015091204012011100864072217705451780367183184
02015091204012011103565082520706182070411208203
02015091204012012103117072517505501750375184191
02015091204012012104562074518905561830373185188
02015091204012012104674075219305591860373185188
02015091204012012105206074518905561920364184180
02015091204012012105454078619505911920399195204
02015091204012012105769070817005381780360179181
02015091204012012106421071017205381760362178184
02015091204012013100128077819205861900396199197
02015091204012013100174072017705431750368182186
02015091204012013100929075417705771900387194193
02015091204012013101347074519005551770378188190
02015091204012013101348074818605621860376182194
02015091204012013101477077919605832030380200180
02015091204012013101605074318605571870370185185
02015091204012013101673070917105381700368181187
02015091204012013102368072417705471820365182183
02015091204012013103397071917705421800362181181
02015091204012013103408071616805481820366178188
02015091204012013103523076718705801900390194196
02015091204012013103654077519805771950382188194
02015091204012013104206070617105351720363181182
02015091204012013104276075617805781900388191197
02015091204012013106153078719905882030385206179
02015091204022008102865070217805241720352177175
02015091204022010101667082720006271970430210220
02015091204022010102190076219505671880379183196
02015091204022010109144068617105151710344171173
02015091204022010109254073418105531810372184188
02015091204022011100943079619606001980402197205
02015091204022011102043069216905231710352172180
02015091204022011106071068517505101660344170174
02015091204022011106522071117905321720360176184
02015091204022012101132067317804951620333163170
02015091204022012101706076619405721840388197191
02015091204022012103205070418305211700351171180
02015091204022012105799068817605121690343170173
02015091204022013100058084222506171980419205214
02015091204022013100078069917505241710353174179
02015091204022013100129076318905741870387192195
02015091204022013100458069817705211700351173178
02015091204022013101268071217505371720365178187
02015091204022013101440071917405451750370183187
02015091204022013102097073818205561880368184184
02015091204022013103373076618505811870394197197
02015091204022013103736071218205301790351181170
02015091204022013103810083221806142020412205207
02015091204022013104880079020105892000389193196
02015091204022013104940071317905341790355177178
02015091204022013105133071617605401760364180184
02015091204022013106198083220406282020426208218
02015091204022013106265070817705311770354176178
02015091204022013106375072819505331730360176184
02015091204022013106479079220505871990388194194
02015091204022013110041069317405191700349172177
02015091204032010110015072017305471800367181186
02015091204032011102334075220405481870361180181
02015091204032011106345069518505101690341171170
02015091204032012102244070918105281800348177171
02015091204032012103204072018905311850346173173
02015091204032012103719074817005781850393191202
02015091204032012104409074219605461880358189169
02015091204032012104475071117805331800353176177
02015091204032012105306067917605031810322165157
02015091204032013101066073719305441890355176179
02015091204032013102741072417705471750372182190
02015091204032013103352073319405391820357178179
02015091204032013104689068717605111780333172161
02015091204032013104974068417505091680341167174
02015091204032013105680066117304881670321163158
02015091204042010100777075519405611870374186188
02015091204042010101435072318905341820352179173
02015091204042010103966071718005371890348171177
02015091204042010105402081019906111980413207206
02015091204042011103280067016505051610344165179
02015091204042011105209070317405291790350179171
02015091204042011109234071518805271800347179168
02015091204042012101353081720006171990418000000
02015091204042012103849078718506021920410203207
02015091204042012104196075719105661810385194191
02015091204042012104490073619505411820359182177
02015091204042013100122074919205571910366183183
02015091204042013101141073519105441830361179182
02015091204042013102150071918705321740358175183
02015091204042013102277072018805321850347175172
02015091204042013102440072618905371750362177185
02015091204042013102496074919605531860367175192
02015091204042013103126076018805721890383188195
02015091204042013103172074518205631810382185197
02015091204042013103368071718005371800357180177
02015091204042013105406071818905291820347179168
02015091204052009103897078120205791900389190199
02015091204052010104258078919205971870410201209
02015091204052011103251081020706031990404197207
02015091204052011104388080020205982030395200195
02015091204052011104885076219305691900379189190
02015091204052011105098074318605571820375184191
02015091204052011109004067317305001640336165171
02015091204052012103937067517005051600345165180
02015091204052012103985066217104911630328163165
02015091204052012104361075019105591820377190187
02015091204052012105673080520306021980404198206
02015091204052012105947070317505281680360176184
02015091204052013100528073019305371780359180179
02015091204052013103674079218906031970406202204
02015091204052013104408078819805901890401203198
02015091204062011101385062415504691480321154167
02015091204062011101742080920206072070400197203
02015091204062011103229063916104781580320157163
02015091204062011104192065116404871650322166156
02015091204062012100333072917905501750375186189
02015091204062012105180077419405801940386189197
02015091204062013101084079319106022030399201198
02015091204062013102005082821106171970420208212
02015091204062013104966077920005791940385191194
02015091204062013105384089723706602230437220217
02015091204062013109102089923606632200443220223
02015091204062013109103077818005981970401197204
02015091204072010103978069118905021680334173161
02015091204072011101304068616805181720346167179
02015091204072013101310068817905091580351172179
02015091204072013103851073918505541780376198178
02015091204072013104134071617505411720369175194
02015091204072013104933070417905251710354174180
02015091204072013105141072119905221660356185171
02015091204072013105519069217105211670354173181
02015091204072013105601069218805041710333170163
02015091204072013106230077419905751780397193204
02015091204082011101463080221805842030381192189
02015091204082013100291081321405992040395199196
02015091204082013100699081321306002050395198197
02015091204082013103918076719405731910382188194
02015091204092011102438070118805131690344170174
02015091204092012105027083120806232020421202219
02015091204102011100655077619605801950385197188
02015091204102011102560082020006202000420207213
02015091204102011104019074718905581910367189178
02015091204102011104308076320505581860372194178
02015091204102012106165074619805481880360191169
02015091204102013104072079318506081920416202214
02015091204112012104208079121205792000379201178
02015091204112012105259080921005991990400200200
02015091204112013102345071018205281770351178173
02015091204112013102605078821005782010377197180
02015091204112013103583083920906302110419205214
02015091204112013105512081420406101980412205207
02015091204132013100174073118405471790368182186
02015091204142010104388077219605761950381188193
02015091204142011103670068717105161670349171178
02015091204142012102241074218605561760380182198
02015091204142013101086076920805611890372186186
02015091204142013101347074117705641840380188192
02015091204142013101348072217505471790368182186
02015091204142013101957074718405631810382196186
02015091204142013103397073718005571820375190185
02015091204152010103608072118005411760365178187
02015091204152011110020079119405972040393198195
02015091204152012103708074519905461880358185173
02015091204152012106421072517705481730375185190
02015091204152013100262072218705351780357175182
02015091204152013101440072117605451750370177193
02015091204152013103408072817505531780375179196
02015091204152013105778070619505111810330169161
02015091204162009110028070917505341730361175186
02015091204162010106400073019005401810359180179
02015091204162010109254074918805611880373184189
02015091204162011101091077420205721940378188190
02015091204162011104347076919505741870387182205
02015091204162013100812073119205391810358179179
02015091204162013104680074119605451850360181179
02015091204162013106153083821006281960432201231
02015091204162013106241076019405661820384183201
02015091204172011102141066017504851650320158162
02015091204172011102566081920806112020409206203
02015091204172011104281074618805581830375175200
02015091204172011104390072517405511840367190177
02015091204172012105567068718005071690338162176
02015091204172013100025069518205131720341166175
02015091204172013102671076719405731830390188202
02015091204172013105294066617004961640332166166
02015091204172013105453076719505721830389189200
02015091204182012101594072818705411830358178180
02015091204182012102244070117805231690354177177
02015091204182012104475071317705361760360181179
02015091204182013100603073417505591780381191190
02015091204182013102097071018105291770352179173
02015091204182013106399075818105771840393199194
02015091204192011104192064516704781690309159150
02015091204192012100938076218905731890384184200
02015091204192012104685066217904831720311165146
02015091204192013101066072018005401820358183175
02015091204192013103352073018205481850363185178
02015091204192013105789075819005681860382184198
02015091204202013101083076018905711830388191197
02015091204202013102133073918105581830375186189
02015091204212011103251074918505641900374188186
02015091204212011104885072017505451780367183184
02015091204212012102202083021306172030414210204
02015091204212012104554071217505371780359179180
02015091204212012105673071717005471780369186183
02015091204212013104701070217105311770354175179
02015091204222011104856070817805301770353174179
02015091204222012104099073118405471840363181182
02015091204222012104584069817605221640358175183
02015091204252011101463069217705151690346172174
02015091204262009102959078621705692040365196169
02015091204262012104666074417805661750391188203
02015091204262013100291072519205331800353177176
02015091204262013100699072619305331790354178176
02015091204262013103682080419906051970408198210
02015091204262013106128068917305161680348171177
02015091204272013105367073018605441820362177185
02015091204272013110111077019005801880392192200
02015091204282010103284077421205622050357181176
02015091204322011104390070517605291750354178176
02015091204352013103420086621106552210434212222
02015091204372009100680070918005291760353173180
02015091204372010102412075618705691830386188198
02015091204372010104961069617305231720351171180
02015091204372011103491079320405891970392194198
02015091204372013100481075218705651840381188193
02015091204382012101889077519605791950384187197
02015091204382012102024071617805381740364179185
02015091204392008110132072418505391840355180175
02015091204392010104306072017905411800361180181
02015091204392011104201072718005471790368181187
02015091204392012104139074218405581890369190179
02015091204392012104617071417705371780359179180
02015091204392013100244073817905591780381182199
02015091204392013101955073117505561830373185188
02015091204392013102036081820906092050404205199
02015091204392013103850071717505421800362178184
02015091204392013105432072618605401830357180177
02015091204392013106293078519205932110382195187
02015091204402009102330070516705381780360180180
02015091204402010100188073320105321820350171179
02015091204402013102797080720006072030404205199
02015091204412012100336077419405801890391194197
02015091204412012100961078319105921840408191217
02015091204412013101559077319405791930386193193
02015091204422010101208073918605531830370185185
02015091204422012100538070318605171830334174160
02015091204422013103044071117605351760359182177
02015091204422013103730074018005601810379188191
02015091204422013106215073218705451810364183181
02015091204462011106570071218005321720360178182
02015091204482011106338076218605761870389190199
02015091204482012101109077119105801880392195197
02015091204482012102151069417905151690346173173
02015091204482012103227077019005801890391195196
02015091204482013100085082820106271970430210220
02015091204482013100110077519105841880396194202
02015091204482013104145069517905161700346172174
02015091204482013105051069417905151700345172173
02015091204492013100623083122006112060405199206
02015091204502009100680066918104881610327162165
02015091204522010101675073119705341820352175177
02015091204522010106366067317205011710330165165
02015091204522012102675075719205651920373182191
02015091204522012102781073919905401840356179177
02015091204522012105752073620305331880345172173
02015091204522012106414077220205701930377186191
02015091204522013102951075519905561880368187181
02015091204532010102007071819505231830340176164
02015091204532013104911070618805181740344178166
02015091204542012102094071619205241790345173172
02015091204542013102954088221606662200446223223
02015091204552012104139069817705211730348174174
02015091204552012104170080619806082000408202206
02015091204562009103947076320105621860376190186
02015091204562009104863072519905261750351173178
02015091204562012109065070419505091750334173161
02015091204562013100787074919705521830369183186
02015091204572009102330071017605341800354170184
02015091204572012100961071618505311820349176173
02015091204572013101133070819305151750340169171
02015091204582010104875071917405451780367179188
02015091204582011105976071617505411760365180185
02015091204582012100336073418405501800370183187
02015091204582013101559075619105651850380188192
02015091204592011104030076819005781930385191194
02015091205012011103649073318705461850361179182
02015091205012011105369074019605441870357181176
02015091205012012100974080019206081920416204212
02015091205012012104949074819005581880370184186
02015091205012013100079074718605611880373187186
02015091205022012110033075818805701800390191199
02015091205022013100366076718605811840397193204
02015091205032009103814075118605651900375190185
02015091205032012104177081221605962010395201194
02015091205032012105032075819105671820385190195
02015091205032013103007076819305751920383193190
02015091205042009102678079319006031940409194215
02015091205042009106051079119305981870411198213
02015091205042012104254079218806041880416202214
02015091205042012105053076017605841780406191215
02015091205042013100566079319605971950402201201
02015091205042013103735079919206071940413204209
02015091205052012100412072518705381830355172183
02015091205052012103306083620506312130418210208
02015091205052013101097077717905981930405198207
02015091205062008100444074519005551870368182186
02015091205062011100773081319206211940427200227
02015091205062013101131075319205611890372182190
02015091205062013102630079919006091930416198218
02015091205062013103818080019006101930417198219
02015091205062013106384068118704941720322166156
02015091205082009101967075718205751940381187194
02015091205082010105639076719205751880387189198
02015091205092010101017074819505531890364188176
02015091205092012100895074418605581870371188183
02015091205092012106191076218305791890390191199
02015091205092013102028076820105671960371194177
02015091205092013102463076120005611930368191177
02015091205092013102545077720505721920380191189
02015091205092013102919075619505611920369186183
02015091205092013103785077920105781960382194188
02015091205092013106452076118805731890384189195
02015091205102010106459076119805631890374184190
02015091205102012102504075719205651850380183197
02015091205102012103575075519105641850379188191
02015091205102013100074076118405771860391195196
02015091205102013100253081320506082050403198205
02015091205102013100979078920305861930393190203
02015091205102013101620079819206061980408199209
02015091205102013106249077619805781920386190196
02015091205112012104216074418505591840375186189
02015091205112013100478082520506201940426207219
02015091205112013104944081820406141980416194222
02015091205152013104828071717105461790367177190
02015091205162010100452070918005291850344170174
02015091205162011104492073818605521880364181183
02015091205162012102624073219205401790361175186
02015091205162013100334074818605621840378186192
02015091205172010103182069515905361620374179195
02015091205172013100388072518705381820356180176
02015091205172013103124072618605401830357181176
02015091205182010102243073919105481850363184179
02015091205182012103599070617805281700358176182
02015091205182012105256083822606122030409203206
02015091205192010104944071917705421710371183188
02015091205192013100022073717805591780381184197
02015091205192013100029071217505371700367175192
02015091205192013100212069517005251690356176180
02015091205192013104451069917505241740350179171
02015091205202009103814072419005341760358183175
02015091205202012102404071018405261780348170178
02015091205202012104177069017505151730342176166
02015091205202013101895068916705221670355175180
02015091205202013102414076618805781880390189201
02015091205202013103947077019605741880386188198
02015091205202013105622076719405731920381189192
02015091205222010105061076517705881830405187218
02015091205222013100820096323907242390485248237
02015091205222013104480095323807152380477246231
02015091205242013100549068717905081710337169168
02015091205242013102166074918405651850380188192
02015091205252008106670078221505672030364186178
02015091205252011103743080221705851970388198190
02015091205252012102692080922005892100379198181
02015091205282013100651075718705701820388189199
02015091205282013103639074918705621860376184192
02015091205282013103797075018505651790386188198
02015091205292010103016075518505701900380191189
02015091205292011100289070617905271760351179172
02015091205292012102602075319405591830376184192
02015091205292012105476070117305281740354179175
02015091205302013103771066215405081580350171179
02015091205312012103142078119705841930391195196
02015091205322010101534073019005401830357182175
02015091205332012105574080119606051920413205208
02015091205332013100094078119005911950396198198
02015091205332013104687088525406312210410207203
02015091205342009110026077820005781950383191192
02015091205352011103110077219205801890391200191
02015091205372011103449068516705181730345172173
02015091205372012100397073918905501820368183185
02015091205372012101771070618405221760346172174
02015091205372012103402076618805781830395193202
02015091205372012104159068216905131710342171171
02015091205372013101629069817405241750349174175
02015091205372013103853082420906152090406202204
02015091205372013104170078320105821900392193199
02015091205372013105436074217705651770388186202
02015091206072009103518087521806572250432214218
02015091206072010103726064415104931520341164177
02015091206072011102351062215204701530317156161
02015091206072012104466064715804891590330161169
02015091206072013101036063715504821540328165163
02015091206082009101910070617605301760354175179
02015091206082010103501067118304881660322159163
02015091206082010103795071117005411720369183186
02015091206082011104205071417105431800363177186
02015091206082012103979073418205521740378182196
02015091206082012104423069617905171720345168177
02015091206082012105988073118005511820369190179
02015091206082013100691073317505581880370183187
02015091206082013101647071817405441750369175194
02015091206082013103316069317705161700346169177
02015091206082013106280068416405201670353172181
02015091206092011101451068415405301650365177188
02015091206092011103110070716705401700370186184
02015091206092012103932072619705291840345175170
02015091206092012104122071418405301800350177173
02015091206092012105804072819605321810351181170
02015091206092013100866080720606012110390195195
02015091206092013102417067616105151660349176173
02015091206092013102829078819405941930401196205
02015091206092013104083066916805011620339169170
02015091206092013104215073018005501710379183196
02015091206092013104375065616304931720321160161
02015091206092013104538071919105281840344173171
02015091206092013105564071517205431770366185181
02015091206092013105574072218505371840353178175
02015091206092013105767080720606012100391196195
02015091206092013109107069917105281730355178177
02015091206102011103191065615804981600338169169
02015091206102013100261073417705571770380186194
02015091206102013102344071616105551740381187194
02015091206112011102013063115204791520327156171
02015091206112012101087069617505211730348174174
02015091206112012101705065515604991590340165175
02015091206112012104579069917305261740352175177
02015091206112013105232068116305181690349175174
02015091206122008103100059015004401440296143153
02015091206122009102738072018005401830357177180
02015091206122010100791067917705021680334167167
02015091206122010103292072018405361760360184176
02015091206122012101907076018205781880390190200
02015091206122012102136072416905551710384186198
02015091206122012104683071916905501730377183194
02015091206122012109096072317805451800365176189
02015091206122013101481073218305491850364182182
02015091206122013102865077718705901840406196210
02015091206132010110124071116905421750367180187
02015091206132013106121080120705941990395201194
02015091206142013105009072617605501800370184186
02015091206152013102985072917305561790377185192
02015091206152013105843069016905211680353170183
02015091206172012105740064816904791530326153173
02015091206182012101185070818305251780347179168
02015091206192009106336069618905071720335174161
02015091206192012101265070618005261800346173173
02015091206192013103951070018705131770336169167
02015091206192013104854059415004441480296153143
02015091206202010103881065717104861660320161159
02015091206202010104270066417104931670326165161
02015091206202011104237069517105241720352179173
02015091206202012101332065317204811640317161156
02015091206202012104420069917205271720355174181
02015091206202013105784069717205251710354178176
02015091206212009105899069218605061780328164164
02015091206222009103518069217705151760339173166
02015091206222010101497077020205681880380192188
02015091206222011102826066815705111580353166187
02015091206222013105343070516905361670369175194
02015091206222013105644070017305271690358175183
02015091206262011103191059715204451470298148150
02015091206262012110039072318805351780357180177
02015091206272013100400079219605961960400201199
02015091206272013101759079719706001940406202204
02015091206282013101320081220406081940414203211
02015091206282013101946081319506181940424205219
02015091206282013103503079920205971940403198205
02015091206282013105237074420005441920352187165
02015091206282013110019072518705381860352183169
02015091206302009105821067017104991590340163177
02015091206302012104774068616905171630354175179
02015091206302012105348071018705231650358169189
02015091206302013100910069017505151670348175173
02015091206302013101551066417204921670325158167
02015091206302013101675077318905841840400191209
02015091206302013104512074717505721830389191198
02015091206302013104870071618105351790356178178
02015091206312009101803066117504861650321158163
02015091206312012103398070118805131810332169163
02015091206312012109092069117805131680345173172
02015091206322009106336064417004741620312157155
02015091206322011100910074319205511840367185182
02015091206332009102554073718605511860365179186
02015091206332012104715056115304081390269136133
02015091206332013103951070119105101740336172164
02015091206342012103997059816404341460288134154
02015091206352011105816074718405631820381190191
02015091206352012104680072818405441850359186173
02015091206352013104386074818705611850376185191
02015091206352013105462073018005501810369186183
02015091206352013109101074818505631850378189189
02015091206372010105003077719605811930388192196
02015091206372011103700074718505621800382189193
02015091206372012103975077219805741880386190196
02015091206382012109194074718005671830384184200
02015091206382013100735080118606151910424205219
02015091206382013102857080619006161890427198229
02015091206392013101578071618405321750357175182
02015091206392013103669068217505071660341164177
02015091206402010109140073119005411820359183176
02015091206402011102350072918505441850359180179
02015091206402012101246070518205231810342172170
02015091206402012102830073518305521850367182185
02015091206402013102851071417905351850350175175
02015091206402013103983073118605451830362183179
02015091206402013105381071418105331830350177173
02015091206442011103483072318105421830359186173
02015091206442013101588071217705351770358183175
02015091206442013102236072918405451850360183177
02015091206452012105348065915305061590347169178
02015091206472011102503072417405501890361175186
02015091206472011105266073518305521860366171195
02015091206472012104133062815904691560313153160
02015091206472013100125076317905841930391187204
02015091206472013100888075818305751890386186200
02015091206472013101339072417205521740378185193
02015091206472013102272082320906142060408197211
02015091206472013103202067717804991670332164168
02015091206472013105943075417105831860397198199
02015091206472013106451082021006102090401196205
02015091206502012103975070516905361750361178183
02015091206532010102446072219605261880338173165
02015091206532011100191073020105291800349175174
02015091206532011106350072219605261860340172168
02015091206532012105243072519605291870342172170
02015091206532013101839073020205281840344177167
02015091206532013103702072720305241780346177169
02015091206532013103790072819805301870343173170
02015091206542010101703067116905021660336167169
02015091206542010104786066616904971720325165160
02015091206542013100432066416804961710325166159
02015091206542013102314065917104881690319160159
02015091206552012101246067616605101680342173169
02015091206552012104920070918505241840340176164
02015091206552013102851067617005061700336167169
02015091206552013105381068016905111700341167174
02015091206552013105955073818805501880362184178
02015091206562009105877070316805351700365178187
02015091206562011104452072317505481700378182196
02015091206562012103329069316105321610371181190
02015091206562013105386069916505341730361173188
02015091206592008103244074819605521930359190169
02015091206592012101798076920005691970372197175
02015091206592012104138072618605401860354186168
02015091206592013105498076119905622030359190169
02015091207002008101496078820205862000386196190
02015091207002011103483070618205241760348179169
02015091207002013101588070817705311760355179176
02015091207002013102236073319305401860354177177
02015091207002013105309077719705801980382206176
02015091207002013110089078620305831940389195194
02015091207012010102380082021406062040402203199
02015091207012012109171068017505051720333169164
02015091207012013102474080520705981990399196203
02015091207032010103687077422305511870364187177
02015091207052011110011073318705461860360182178
02015091207052013106160073318905441820362181181
02015091207072011100799063517104641630301153148
02015091207082011103097070217305291690360173187
02015091207082012103540069218305091740335174161
02015091207092012105765063416104731580315157158
02015091207102010104093074919105581840374185189
02015091207102012103088075918805711890382187195
02015091207112011101699076618605801860394185209
02015091207112012103698070918305261760350168182
02015091207112012106091068916305261620364174190
02015091207112013103377074418205621830379181198
02015091207122012101712072518205431820361181180
02015091207122013100037077020205681920376192184
02015091207122013100112076819905691930376191185
02015091207122013106312073318305501830367182185
02015091207122013106475075320005531860367183184
02015091207172012103922076118805731860387185202
02015091207192010104032073119405371840353177176
02015091207192010106414072318405391860353175178
02015091207192013102110072519105341850349173176
02015091207212013105679066217004921660326163163
02015091207212013105933069517405211760345170175
02015091207232012103193067917905001680332165167
02015091207242011110038069917705221730349171178
02015091207242012100150074818705611840377186191
02015091207242013100069072117705441790365184181
02015091207242013101306070117705241720352176176
02015091207242013104046070817205361720364182182
02015091207242013104062075519305621850377191186
02015091207262013100413073617305631850378188190
02015091207262013101905065816304951660329162167
02015091207262013104273069016505251830342169173
02015091207272012103088066514805171570360176184
02015091207272012103698067316905041710333168165
02015091207272013101043074217205701760394193201
02015091207272013103377070117505261790347173174
02015091207282011101002072518305421830359178181
02015091207282012102209071317105421770365175190
02015091207292009100687073919405451850360173187
02015091207292010106519069517005251730352171181
02015091207292012105869074318405591860373182191
02015091207292013106216072517805471840363183180
02015091207302012103922071417705371720365180185
02015091207352012110047075020705431890354172182
02015091208052012103949070717805291780351179172
02015091208052013100236073218605461830363183180
02015091208052013100590073818605521830369184185
02015091208052013101898067916905101670343179164
02015091208052013102378066917404951700325170155
02015091208052013102607066817304951720323169154
02015091208052013103209068216805141620352177175
02015091208052013105484067416905051650340176164
02015091208052013105723074618805581820376189187
02015091208052013105745073218605461860360180180
02015091208062013100333072718005471830364183181
02015091208062013102693071118105301800350179171
02015091208062013105434070917805311810350178172
02015091208082007103968073818105571850372186186
02015091208082010106229065017204781590319160159
02015091208082012103180071418205321810351178173
02015091208082012103228070817805301800350179171
02015091208082013100245065417604781590319162157
02015091208082013105446072317405491760373183190
02015091208082013106164077920105782060372189183
02015091208092013102209071216905431780365180185
02015091208092013105744070517705281760352174178
02015091208092013105994072318005431750368186182
02015091208102013101315067317205011690332171161
02015091208112007104703072618205441780366183183
02015091208142013101099101627107452610484232252
02015091208182012105226078321105722050367185182
02015091208182013101030079418906051910414207207
02015091208182013102370079321405791990380187193
02015091208212007103968069717505221810341176165
02015091208232011104172072818805401800360180180
02015091208232013105599072919805311800351173178
02015091208272012104268074019805421910351179172
02015091208282013105785074619105551890366189177
02015091208292012104798073419005441860358185173
02015091208322011100505066716505021630339163176
02015091209052009105734063618804481730275144131
