12009091203582006100106057417503991410258127131
12009091203582007100110073918805511810370186184
12009091203582007100969071319005231890334169165
12009091203582007102379054714404031380265131134
12009091203592004110033080722505822070375196179
12009091203592005106893063617904571610296149147
12009091203592005106924065218004721700302156146
12009091203592005110074066917104981700328176152
12009091203592005110158066918304861720314159155
12009091203592006100557071718805291740355172183
12009091203592006103075064017304671620305156149
12009091203592006103082064716804791590320156164
12009091203592006103098064517604691610308154154
12009091203592006103398064718604611610300149151
12009091203592006104411069818005181730345171174
12009091203592007102674069617905171690348174174
12009091203592007104112067818004981630335166169
12009091203592007104701067219104811750306155151
12009091203592007104788067017704931650328163165
12009091203592007104830067117704941650329164165
12009091203592007105110067716705101600350173177
12009091203592007106509068717705101680342172170
12009091204002004102906000000005061730333166167
12009091204002004104183067417405001750325163162
12009091204002004107139063918204571630294152142
12009091204002005103113070119005111730338170168
12009091204002005103173052815503731270246123123
12009091204002005104006063918004591660293152141
12009091204002005105372075420605481850363185178
12009091204002006102379063617104651490316159157
12009091204002006103675073820205361870349179170
12009091204002006105925064718104661580308153155
12009091204002006106794067418304911640327168159
12009091204002007105013069717905181750343172171
12009091204012004102862072718405431750368181187
12009091204012004105766075318905641870377188189
12009091204012005101771066817504931670326163163
12009091204012006102958065617904771620315000000
12009091204012006105849087122106502160434219215
12009091204012006106177066317404891610328161167
12009091204012006110013061017004401540286138148
12009091204012007100103072319305301790351180171
12009091204012007105104062317304501610289156133
12009091204022003102977075220305490000000000178
12009091204022004101256067318804851800305164141
12009091204022006102880072319105321810351181170
12009091204022006104736070718605211740347175172
12009091204022007103141080923205772010376191185
12009091204032006101949074320505381850353176177
12009091204032006102782071619905170000000000168
12009091204032006104261068618305031710332168164
12009091204032006105928071017705331730360178182
12009091204032007102275072018105391780361181180
12009091204032007103118086222606362180418213205
12009091204042006105139074721005371860351177174
12009091204042006110105071119105201780342173169
12009091204042007104300073819305451850360184176
12009091204042007104889073919405451850360185175
12009091204042007106760068517005151650350173177
12009091204052006102843069318105121800332167165
12009091204052006105517067100000000000000000000
12009091204052007104054066716105061710335168167
12009091204062002102706070119405071800327164163
12009091204062005100937076120105601890371184187
12009091204062006102162075920005591900369185184
12009091204062007101268070817605321800352176176
12009091204062007105815070817605321790353177176
12009091204072004102855073323504981850313163150
12009091204072005100291072723404931850308162146
12009091204072005105829070917505341710363181182
12009091204072006100598078122805531970356000000
12009091204072006102911072823404941840310162148
12009091204072006103182063816404741570317160157
12009091204072006103216074522605191970322172150
12009091204072007100121067515705181640354179175
12009091204072007102909073018505451750370184186
12009091204072007103343072522704981940304160144
12009091204082004109291075019705531900363184179
12009091204082005102655071521505001710329171158
12009091204082006100872070420504991730326168158
12009091204082006101331066217704851670318169149
12009091204082006103277070520604991730326169157
12009091204082006103290073320405291780351176175
12009091204082006104939063115204791670312166146
12009091204082007103382071521405011730328171157
12009091204082007106312067617904971630334159175
12009091204092002106044072018605341800354182172
12009091204092004106518066717304941630331167164
12009091204092004106810073820005381800358178180
12009091204092006101173072619305331710362183179
12009091204092006102738073718605511800371182189
12009091204092006102860066817204961640332164168
12009091204092006105361075819305651950370188182
12009091204092007101313069718105161790337170167
12009091204092007102152075919505641940370187183
12009091204092007102955070718505221730349173176
12009091204092007104607070718605211750346173173
12009091204092007105215066016504951640331165166
12009091204092007106034070017805221760346173173
12009091204102005101102068318704961700326162164
12009091204102005103581067918904901690321161160
12009091204102006105490070219205101730337174163
12009091204102006105649067616705091620347171176
12009091204102007100764081721206052060399210189
12009091204102007102505000000006052070398000000
12009091204102007102699068618205041710333167166
12009091204102007103328000000005071700337171166
12009091204102007105592081821106072090398202196
12009091204102007106078079420005942030391191200
12009091204112006105135070620105051720333164169
12009091204112006106174073319505381830355177178
12009091204112007101565075021205381830355182173
12009091204112007102267076021205481920356186170
12009091204112007103519075920705521800372187185
12009091204112007104536076320205611940367186181
12009091204112007105305075820705511800371187184
12009091204122002107453077021305571980359183176
12009091204122004104423074520705381810357181176
12009091204122004110033000000005782000378192186
12009091204122006103675077622205542030351180171
12009091204122006104411080021305872040383198185
12009091204122006106010074118505561910365187178
12009091204122007101967070617205341780356175181
12009091204132003102838066916805011690332168164
12009091204132005102227065317604771680309000000
12009091204132006100558070217305291720357178179
12009091204132006102900073617905571870370186184
12009091204132006103192064516704781650313156157
12009091204132006105045070818505231640359183176
12009091204132007100868064417204721620310157153
12009091204142004102714071820305151800335172163
12009091204142004102906068618505011680333165168
12009091204142006102913077919905801980382195187
12009091204142007102633067316405091640345170175
12009091204142007102899068916805211700351174177
12009091204142007102913070118005211700351176175
12009091204142007105694067115605151560359174185
12009091204152004105766070418205221780344175169
12009091204152005103162073020505251860339173166
12009091204152006101121070320804951690326166160
12009091204152006105849075019605541890365184181
12009091204152006109088074520005451790366187179
12009091204152007101469070718305241760348170178
12009091204152007103918069917905201720348171177
12009091204152007104877072419105331780355177178
12009091204162007100327067617605001670333165168
12009091204162007101398073519405411900351180171
12009091204162007104804067716205151630352175177
12009091204162007105429071818105371780359179180
12009091204162007109314066217104911600331161170
12009091204172003100386071619605201730347177170
12009091204172004102812069818905091740335169166
12009091204172005109202068518105041650339165174
12009091204172006102155068217605061680338169169
12009091204172006104713075719605611860375186189
12009091204172006105928071617605401730367180187
12009091204172007102275069617905171690348176172
12009091204182004110238071818805301740356176180
12009091204182006100314071218405281730355175180
12009091204182006104072073819105471820365183182
12009091204182007100723073820205361930343175168
12009091204182007104300071218405281760352180172
12009091204182007104889071318505281750353181172
12009091204192003101890078819605921980394197197
12009091204192005100937072118805331680365180185
12009091204192006102025072519105341720362178184
12009091204202006103753068320604771700307159148
12009091204222006100429066216704951660329166163
12009091204222006105565065616204941530341164177
12009091204222006106380064016904711560315157158
12009091204242004110234083821606222140408213195
12009091204242005100791066316904940000000000000
12009091204242005106406067918304961640332165167
12009091204242005106572073218805441820362181181
12009091204242006102819060217104311530278141137
12009091204242006105229076921405551940361179182
12009091204242007103452058815704311500281141140
12009091204242007106651073119205391840355180175
12009091204252006103558067918704921650327162165
12009091204252007101076079920505942000394196198
12009091204252007106244069017505151710344171173
12009091204262005101597067617605001710329166163
12009091204262005104227063217304591380321161160
12009091204262006105518070918105281780350176174
12009091204262007106078072819105371830354179175
12009091204272002106896068216905131660347173174
12009091204272006100039071720205151750340165175
12009091204272007101285074919505541860368186182
12009091204272007101375073119605351760359179180
12009091204272007101647072117105501870363185178
12009091204272007102677074218705551860369187182
12009091204282001103435068617505111700341169172
12009091204282003103034066116904921620330162168
12009091204282005100317066918804811730308165143
12009091204282006102719074919005591850374190184
12009091204282007101028073118605451770368176192
12009091204282007102863069017605141710343169174
12009091204282007103338070719605111730338168170
12009091204282007106732072818205461740372179193
12009091204292004103021069618505111800331168163
12009091204292004103616075919205671850382193189
12009091204292005101598069218705051650340170170
12009091204292006102905065116704841650319159160
12009091204292006105996069618305131760337169168
12009091204302004100696077019905711900381191190
12009091204302005105378073818805501760374184190
12009091204302006102913068818005081760332172160
12009091204302006103168083720906282070421213208
12009091204302006104713069419504991700329165164
12009091204302007102913076118305781820396200196
12009091204302007104694069918105181740344172172
12009091204302007104747076819805701930377191186
12009091204302007104753068817005181750343172171
12009091204312003104103070019605041710333171162
12009091204312004100730077119805731840389195194
12009091204312004102986071921105081780330166164
12009091204312007103049084623306132120401207194
12009091204312007103142081522405912030388198190
12009091204322004106141073719405431850358182176
12009091204322006100700074219405481850363180183
12009091204332004103984068619004961710325165160
12009091204332005106172076619605701930377188189
12009091204332006103163076719305741850389196193
12009091204342006103025069017905111750336164172
12009091204342007103010071818205361840352179173
12009091204352003100590077719305841930391196195
12009091204352005102061074819605521870365184181
12009091204352006101788077219805741890385191194
12009091204352006105977076522105441850359183176
12009091204352007100162076421305511950356182174
12009091204352007104230074221505271830344170174
12009091204352007110101071819105271720355174181
12009091204382005101597062417704471550292150142
12009091204382007104002077819305851910394193201
12009091204402005100139070819005181760342175167
12009091204402005102351069318005131690344169175
12009091204402005103296064516104841570327156171
12009091204412001107391072519505301820348173175
12009091204412006103147072218005421810361184177
12009091204412007100900068116605151670348170178
12009091204412007102115000018700000000000000000
12009091204412007104534069616505311730358174184
12009091204422005103389082422905952000395200195
12009091204422005105913074220105411800361180181
12009091204422006101993069020504851690316157159
12009091204422006106907069517605191660353175178
12009091204432006106523070619005161710345168177
12009091204432007103647077017705932020391199192
12009091204432007106030076717405932030390198192
12009091204442004100696074619605501820368185183
12009091204442006100516054815003981360262130132
12009091204442007101165066715905081610347170177
12009091204452005100782067816405141660348184164
12009091204452006106789078321805651940371187184
12009091204462007100985081720506121980414202212
12009091204462007103641071017405361810355185170
12009091204462007103771071017505351790356186170
12009091204462007105646081320306101980412203209
12009091204472006102232076719405731890384192192
12009091204472006105845081619906172020415205210
12009091204472007104256071218505271710356173183
12009091204482003105021066318404791680311155156
12009091204482005103423069719205051680337162175
12009091204482005105996070818505231710352175177
12009091204482006100799065016304871420345164181
12009091204482006106914072618905371740363179184
12009091204492002107516071719605211830338173165
12009091204492007106213069217505170000000000176
12009091204512007104303077221005621940368191177
12009091204532005104408078322105621920370188182
12009091204532007100197070818305251780347175172
12009091204532007103029080322605772000377190187
12009091204532007103331079322005731970376189187
12009091204532007104671072818805401770363184179
12009091204532007105543070317705261720354177177
12009091204542003100796067417205021640338179159
12009091204542007109257068518505001720328172156
12009091204552000107570070021004901690321157164
12009091204552005105386072518705381780360182178
12009091204562003106685072917505541820372184188
12009091204562004103465074519205531810372185187
12009091204562006102923068616605201680352174178
12009091204562007103647069517605191660353176177
12009091204562007106030069317505181660352176176
12009091204582005106492074118705541900364183181
12009091204582005106506073118605451810364184180
12009091204592007100753075519805571870370183187
12009091204592007100992078719905881980390200190
12009091204592007101514000023200002160000207000
12009091204592007102421077518905861970389199190
12009091204592007103101071417505391810358177181
12009091204592007103398072017605441860358177181
12009091204592007103700075920405551830372183189
12009091204592007103958079820805901990391200191
12009091205002005102730082122505962020394192202
12009091205002006101091077621605601890371191180
12009091205002006105845076119105701890381189192
12009091205002007100985076918505841940390198192
12009091205002007105646077218405881930395200195
12009091205012004100671078020805721980374189185
12009091205012005101107073817605621830379185194
12009091205012005105477068217405081700338173165
12009091205012006101821073519605391810358175183
12009091205012007104194070218205201750345176169
12009091205022007105858073619405421700372180192
12009091205032002107516074019205481840364190174
12009091205032004101890065716404931500343166177
12009091205032005103423065416704871600327161166
12009091205032005105996069817705211690352172180
12009091205032006106892068417205121680344165179
12009091205032007102524069418705071660341169172
12009091205032007103476069117705141690345171174
12009091205032007104256069217705151610354170184
12009091205032007105750074119005511890362182180
12009091205042006100710060515604491440305146159
12009091205042007101538073918705521710381191190
12009091205052004101874071919405251780347178169
12009091205052005100192073619405421890353182171
12009091205052005102201066217504871560331158173
12009091205052006100024072219305291820347181166
12009091205052007102057067517105041680336169167
12009091205052007105086072017105491740375185190
12009091205052007105600070918505241730351172179
12009091205052007105942066517104941680326158168
12009091205052007105955070119605051680337167170
12009091205052007106496070018105191730346175171
12009091205062007102708068215905231670356173183
12009091205062007103572067815505231650358175183
12009091205062007106402074219505471790368183185
12009091205072006101105070518005251660359176183
12009091205072006105748069417805161640352171181
12009091205072007106697076219305691870382192190
12009091205082005102468070317005331900343169174
12009091205082006105923074120205391830356178178
12009091205082007105437075818205761910385192193
12009091205082007106559075418905651820383190193
12009091205092003102816067117604951670328161167
12009091205102004100194072319905241710353171182
12009091205102006106206083220906232080415207208
12009091205102007100644081120606051950410203207
12009091205112006106824076019905611820379194185
12009091205112007102334074019305471830364182182
12009091205112007102951074519805471830364182182
12009091205112007104085081522705882010387193194
12009091205112007105004078321505681900378189189
12009091205112007105744080422805761930383191192
12009091205112007106130080922405851960389193196
12009091205122007100753055214204101390271140131
12009091205122007100992070618205241700354177177
12009091205122007103958070818405241700354177177
12009091205142004106468067917705021700332167165
12009091205142007100150080623205742020372189183
12009091205142007103428083218906432160427207220
12009091205142007106261084421006341940440209231
12009091205152004102742066818404841660318162156
12009091205152005102143077119505761920384192192
12009091205152005105389077720705701930377192185
12009091205152007102504066818404841660318162156
12009091205152007105858075819205661860380191189
12009091205152007106061066918404851650320163157
12009091205162006103062070717205351810354179175
12009091205162007101512074619105551780377185192
12009091205162007102247074118705541780376185191
12009091205172005105814081522105942060388196192
12009091205172006101905069218205101720338168170
12009091205172006105208068618305031670336167169
12009091205172006106024068217405081670341170171
12009091205182007100246070018005201680352172180
12009091205182007100861080321205912010390194196
12009091205182007102097080121105902020388194194
12009091205192006101789067817904991670332166166
12009091205192006103046058516004251480277000000
12009091205192007104780072818905391810358180178
12009091205202005106478069119105001740326172154
12009091205202007102222071317605371780359183176
12009091205202007104164071417605381780360183177
12009091205202007104280071518605291750354180174
12009091205212006102012072318005431800363178185
12009091205222005103486073019705331830350179171
12009091205222007100566069117105201670353172181
12009091205222007110012066416804961640332166166
12009091205242004100044074318705561850371189182
12009091205252005101390070219905031600343159184
12009091205252007105868069319704961760320152168
12009091205262004103185065917904801680312158154
12009091205262005102426062316804551530302151151
12009091205262007102334067718204951750320172148
12009091205262007102702067118004911690322162160
12009091205262007102833066617504911620329160169
12009091205262007102951069618905071830324172152
12009091205262007104085077720605711970374192182
12009091205262007104233081820606121990413205208
12009091205262007105744076219405681910377190187
12009091205262007106130077720405731950378193185
12009091205272006102772065116604851600325161164
12009091205282006103310072018105391820357179178
12009091205282006104292059314904441390305150155
12009091205282007100150065817004881610327162165
12009091205282007103404071817805401810359180179
12009091205282007104301070517905261670359178181
12009091205292006103083062216004621550307156151
12009091205292007101888074019805421790363180183
12009091205292007103021062816404641540310152158
12009091205292007103096063817204661580308152156
12009091205292007103303064818704610000000000000
12009091205302003100839067617205041690335166169
12009091205302003102936069319305001650335168167
12009091205302005102310068619204941640330161169
12009091205302006100017066116105001680332171161
12009091205302007102071069718305141750339170169
12009091205302007105785068518205031760327172155
12009091205302007106353065717304841690315169146
12009091205312004110282070617805281820346183163
12009091205312005110051065115804931690324164160
12009091205312005110141066616904971720325163162
12009091205312006102895066216704951620333166167
12009091205312006110168065216504871590328165163
12009091205312007101489072619305331780355179176
12009091205312007103084064317104721590313157156
12009091205312007104528071519405211800341173168
12009091205322006100130075320405491900359185174
12009091205322006105462078020705731960377194183
12009091205322007100523062517104541710283151132
12009091205322007101834056815304151480267136131
12009091205332000101588067317604971780319161158
12009091205332002101711077600000000000379195184
12009091205332005102910074120105401860354179175
12009091205332006103397064117504661690297151146
12009091205332006105840072519805270000000000000
12009091205332007100035075018705631820381188193
12009091205342004102950069318705060000000000000
12009091205342006100010078822105672010366189177
12009091205342006103308061314704661450321157164
12009091205342007100395068017505051660339172167
12009091205352005100112066318004831640319000000
12009091205352006100774069218105111720339167172
12009091205352006103389070118905121710341164177
12009091205352007103380085921706422130429214215
12009091205362007100267074919705521810371185186
12009091205362007101575070018105191770342174168
12009091205372002110231066618004861650321163158
12009091205372004100926086721406530000000000217
12009091205372006102944065617404821590323161162
12009091205372006105123065616704891620327169158
12009091205372006109279066900000000000000000183
12009091205372007103102069918205171700347172175
12009091205382002107254065315205011580343168175
12009091205382004105219063618104551620293147146
12009091205382006101074066817004981630335164171
12009091205382006102794072320105221880334169165
12009091205382006102856071218705251820343174169
12009091205382006110045072718105461800366182184
12009091205382007102779071618305331740359180179
12009091205392002102727073320805251800345175170
12009091205392004102297071818505331820351173178
12009091205392005102112072819805301820348175173
12009091205392005104762069318105121710341172169
12009091205392005105426075820105571930364185179
12009091205392005105849073219505371820355180175
12009091205392007101439070118605151820333169164
12009091205402005102588063815804801590321157164
12009091205402005103213072619405321830349175174
12009091205402006102804073720505321800352179173
12009091205402007100301075220805441870357180177
12009091205402007100804075620705491870362180182
12009091205402007101160075120705441870357180177
12009091205412003101156075320105521830369185184
12009091205412004100933075618805681850383191192
12009091205412006100550072818605421790363178185
12009091205412007101018071219305191790340168172
12009091205412007104272070018605141700344172172
12009091205412007105948071019205181790339168171
12009091205412007106320073018205481830365181184
12009091205432006100159065016004901560334162172
12009091205442006101011080021305872030384188196
12009091205442006103157074218005621770385185200
12009091205442006105848073319205411820359000000
12009091205442007101071073019805321850347178169
12009091205442007101704072718705401780362181181
12009091205442007102312077120405671870380187193
12009091205452002101711071419405201800340173167
12009091205462003107285069400000000000000000000
12009091205462005103833066016904911650326163163
12009091205462005110204073819005481860362194168
12009091205462006105508056916504041430261126135
12009091205462007105193080722705802020378191187
12009091205472006103020061615704591430316155161
12009091205472007100015070018605141800334169165
12009091205482006100446078020305771910386198188
12009091205482006101490067516905061670339166173
12009091205482007101434074518205631850378192186
12009091205482007101463073818405541860368183185
12009091205482007103716074318905541860368184184
12009091205492006102243067317305001650335171164
12009091205492007104344072917605531730380179201
12009091205492007105788072617305531760377178199
12009091205502007109058084419106532080445223222
12009091205512005103493075822605321860346178168
12009091205512005105110080223105711940377193184
12009091205512007104798071918105381740364183181
12009091205522003100996071517105441710373185188
12009091205532004101548066316105021620340164176
12009091205542003101156067617605001630337167170
12009091205542006100550070018805121750337170167
12009091205542007106320069617405221710351174177
12009091205552005110182067917905001680332172160
12009091205552007104759071518105341750359179180
12009091205562004101776071518105341790355187168
12009091205562005106472076919905701910379192187
12009091205562007102036068316505181680350173177
12009091205562007102184072317905441780366176190
12009091205562007102347077019605741880386199187
12009091205562007104248077219705751860389193196
12009091205562007106565070317305301670363176187
12009091205572007104320067717705001670333162171
12009091205572007109126068917305161700346176170
12009091205582000101588065517704781600318156162
12009091205582003101878066818604821560326162164
12009091205582003102972069319504981810317168149
12009091205582004101052069118305081760332170162
12009091205582005102419069318905041680336164172
12009091205582006101009069518405111820329168161
12009091205582006102849068919004991650334164170
12009091205582006106346064717504721580314155159
12009091205582007102842068818904991820317168149
12009091205582007102870069219404981810317170147
12009091205582007103061070300000000000340171169
12009091205582007103094071318705261790347174173
12009091205582007104819071417605381800358182176
12009091205582007104851000000000000000348182166
12009091205582007105128074219805441840360177183
12009091205582007106036069919005091720337169168
12009091205582007106403071519305221770345176169
12009091205592004104433072421305111750336168168
12009091205592007100299000019000001920000198000
12009091205592007105952084223206102220388192196
12009091205592007106468084323306102210389191198
12009091206012005100547071718205351760359182177
12009091206012005104694067017604941630331163168
12009091206012007100152069918005191690350174176
12009091206012007101803066217004921670325166159
12009091206042007101731078820205861980388195193
12009091206062001106642079221405781930385195190
12009091206062004102502084622906172110406204202
12009091206062006104304065214905031720331173158
12009091206062007103835072700000000000355176179
12009091206072005100508069717205251710354175179
12009091206082007104506071119205191700349170179
12009091206092005106472072218905331830350178172
12009091206092007103433071816805501770373185188
12009091206092007103518076619905671930374189185
12009091206092007105188076619905671930374188186
12009091206102007103114070119305081770331171160
12009091206112004100662054915203971390258129129
12009091206112005105723062016704531570296150146
12009091206112006101009068619004961760320160160
12009091206112007101025076120305581870371190181
12009091206112007101280076220405581860372191181
12009091206112007105722058815604321520280141139
12009091206122007110090073618505511770374188186
12009091206122007110113073017605541800374187187
12009091206132005106388065617604801570323160163
12009091206132007103260069617605201740346175171
12009091206142004102979064017004701680302154148
12009091206142005102252061415904551540301154147
12009091206142005103455063617904571530304151153
12009091206142006100245067616605101660344167177
12009091206142006103899063615404821480334163171
12009091206142007109071062215604661520314156158
12009091206152006100966071518305321740358179179
12009091206152006106793061015304571450312151161
12009091206152006110132066118904721680304156148
12009091206152007100880076218805741870387190197
12009091206152007103848066418604781700308159149
12009091206152007103868076319005731880385188197
12009091206162006101773078519805871880399204195
12009091206182007101746068618405021660336165171
12009091206182007104342079220505871960391196195
12009091206182007104346079520305921970395197198
12009091206182007109087079621205841940390197193
12009091206192002102505066116504961560340169171
12009091206192005106458067116905021710331168163
12009091206192006103523071619905171730344177167
12009091206192006103912066418004841620322159163
12009091206192007100037072519905261820344175169
12009091206202001106642073319005431850358180178
12009091206202004102502076919405751930382193189
12009091206212002104010067016505051600345170175
12009091206212005103291070020005001670333169164
12009091206212007102665069517705181770341172169
12009091206212007104433074018905511880363191172
12009091206212007105189069617805181760342172170
12009091206222006101130064516704781610317164153
12009091206222007100438074020505351790356181175
12009091206222007103324073820505331810352179173
12009091206242002105558071018205281770351180171
12009091206242004100200070719405131740339169170
12009091206242005102798068717505121720340172168
12009091206242005106598073618305531820371184187
12009091206242007110062072820505231770346174172
12009091206252004101438070019905011820319167152
12009091206252006106817063517204631620301152149
12009091206252007101711069917305261840342173169
12009091206272006101116069900000000000000000000
12009091206272006106644072817905491770372186186
12009091206282007101450068017305071740333165168
12009091206282007103654065516004951690326162164
12009091206292004103324068017205081770331176155
12009091206292006101773071516905461730373185188
12009091206292007100328072018405361780358179179
12009091206302001106201074919605531880365185180
12009091206302004102206073418005541840370186184
12009091206312005100413066416804961650331167164
12009091206312005105196066916805011610340168172
12009091206312006100818067017104991660333168165
12009091206312006102853066817004981690329167162
12009091206312006103638067717405031670336169167
12009091206312007104431066917704921650327165162
12009091206322005106382081320206112070404205199
12009091206322007101399072418005441780366182184
12009091206332005101245069718205151750340000000
12009091206332005103155069618805081740334165169
12009091206332006100007066217004921630329165164
12009091206332006110017072017805421790363180183
12009091206332007105187080821505931980395192203
12009091206332007106790070618205241720352176176
12009091206492004110038062514804771480329160169
12009091206492005100724053014003901330257128129
12009091206492006103554060916704421440298146152
12009091206502003102922064217404681620306154152
12009091206502005105380063716804691670302154148
12009091206502005106036069817705211710350173177
12009091206502005106481071817705411760365180185
12009091206502006101093069016205281700358176182
12009091206502006101241069817605221740348175173
12009091206502006103902060415804461490297147150
12009091206502006105669071719105261780348173175
12009091206502007103038067717705001680332169163
12009091206502007103555053913804011310270131139
12009091206502007110015074719005571880369190179
12009091206502007110020061014604641420322153169
12009091206512003107389070818505231750348173175
12009091206512004103089067117904921720320163157
12009091206512004110166067518304921700322167155
12009091206512005103155070218605161760340170170
12009091206512006101116072418305410000000000185
12009091206512006101933064816204861620324166158
12009091206512006102442070717405331760357175182
12009091206512006106644072017805421790363180183
12009091206512006110054064617704691640305162143
12009091206512007102075073219205401780362178184
12009091206512007103281067016305071670340172168
12009091206512007103596067317504981600338162176
12009091206512007110013067517804971570340162178
12009091206522001100686069917805211760345173172
12009091206522001104872052113703841230261125136
12009091206522003101046068619604901720318164154
12009091206522004100467067117404971650332165167
12009091206522004102949070519105141720342166176
12009091206522005103698068118304981730325165160
12009091206522005106598072319005331810352180172
12009091206522006100459078120605751890386189197
12009091206522006102080000000004801650315164151
12009091206522006103897075800000000000383192191
12009091206522006104438062716104661540312154158
12009091206522006109091073219905331750358178180
12009091206522007104142068216005221640358175183
12009091206532002100705000000000000000000000000
12009091206532006100726067819204861590327156171
12009091206532006103487070018405161660350179171
12009091206532007102684054114703941350259128131
12009091206532007103454054214703951370258127131
12009091206532007104777065017204781600318158160
12009091206542003103059067118404871620325161164
12009091206542005102437068718605011730328164164
12009091206542005103587068816905191690350176174
12009091206542005106717068517705081700338170168
12009091206542007106008067918404951650330165165
12009091206552005102352064115304881540334162172
12009091206552005105784068017905011650336167169
12009091206552006100972066516005051680337165172
12009091206552006102141071718305341830351179172
12009091206552006105046068616005261610365173192
12009091206552007100555071717405431820361179182
12009091206552007100559070518805171790338173165
12009091206552007102015073418905451810364189175
12009091206552007102823071517005451740371187184
12009091206552007102949074019505451770368186182
12009091206562006100663074320405391810358179179
12009091206562007101456072217605461800366184182
12009091206562007102883072217505471800367184183
12009091206572002100501073619105451780367185182
12009091206572005100459068619104951670328167161
12009091206572005103112072620005261790347175172
12009091206572006102481068717305141680346169177
12009091206572007101574068917505141690345177168
12009091206572007101807067217404981700328167161
12009091206572007103315071619605201790341172169
12009091206582002105363069617905171670350174176
12009091206582005103317072919405351800355178177
12009091206582007102359068617405120000000000170
12009091206592007106774075119105601880372183189
12009091206592007109263073018105491780371180191
12009091207002004110047068620704791740305160145
12009091207002006101249062117704441540290145145
12009091207002006101472072320305201810339170169
12009091207002006110142069417205221620360176184
12009091207002007106302066119104701570313150163
12009091207012004104258063500000000000302149153
12009091207012005100910068818105071700337171166
12009091207012006106231069317905141710343171172
12009091207012007102930066818704811670314160154
12009091207032006101998078622105651950370191179
12009091207042005101033064817604721600312155157
12009091207042006101241070417605281730355175180
12009091207042006106453065816804901610329165164
12009091207042007103596070918805211750346173173
12009091207042007110013071319205211700351173178
12009091207052003107389066500000000000331162169
12009091207052005102388069916905301770353174179
12009091207052006100981070017405261740352178174
12009091207052007102075067917905001670333165168
12009091207062002101312065616904871610326164162
12009091207062003101046069020804821720310157153
12009091207062004100467068518005051700335171164
12009091207062004101356070618305231760347174173
12009091207062004102803070821104971690328166162
12009091207062004105016071521105040000000000166
12009091207062005100521064916404851640321158163
12009091207062006100571073721005271780349177172
12009091207062007101563073117905521810371183188
12009091207072005106725070617405321780354178176
12009091207072007102632070318105221710351174177
12009091207072007106051063615004861470339175164
12009091207072007106390066316504981620336172164
12009091207082003103059064217604661550311157154
12009091207082007101428070116505361710365178187
12009091207102006102863075619405621910371186185
12009091207102006103421000000000000000000000000
12009091207102006103436075819405641940370188182
12009091207112004101122078420305811870394192202
12009091207112005102470074519405511820369190179
12009091207112006102230071119405171800337172165
12009091207112007103250074320205411840357181176
12009091207132004105865068118005011670334167167
12009091207142002109448064316904741650309156153
12009091207152004106028068718305041810323171152
12009091207152004110227065716104961630333165168
12009091207152005105102065115904921570335161174
12009091207152006101516079021005801990381194187
12009091207152007102817075920405551870368180188
12009091207172005102548064616004861590327163164
12009091207172005106534000000004691580311157154
12009091207172007104829071418305311730358177181
12009091207192005100942067017005001680332164168
12009091207192007101059073819005481900358184174
12009091207192007105690073719005471900357182175
12009091207192007106571073818905491900359184175
12009091207202005105604070018905111690342167175
12009091207202006103241070018605141750339171168
12009091207212004102157075419505591880371187184
12009091207212005105831066518004851580327161166
12009091207212007104157071418505291720357176181
12009091207222006102055074419605481900358182176
12009091207222006105577078020705731940379190189
12009091207222006105579071417505391790360181179
12009091207232005101659068019704831640319154165
12009091207242004101122068720004871780309163146
12009091207252006100023066919404751790296152144
12009091207252006105732080121505862020384196188
12009091207262003105368083121306182030415205210
12009091207272002103989071617605401710369184185
12009091207282004101502070718105261750351181170
12009091207282006105341072118005411800361177184
12009091207292006105742059013904511420309151158
12009091207302006101516070118105201720348174174
12009091207302006106670074621405321850347177170
12009091207312004110050055614304131320281131150
12009091207312007101585073919105481790369183186
12009091207312007106562073818205561830373184189
12009091207322004100416078320905741950379192187
12009091207322004100833069319404991700329164165
12009091207322004110267064917504741610313158155
12009091207322005100956070019305071720335168167
12009091207322006103105069217705151760339169170
12009091207322006104013073718405531790374188186
12009091207332007104749065916504941700324166158
12009091207352003104006079319505981880410189221
12009091207352006105955067117904921630329164165
12009091207362004101497072018205381790359180179
12009091207362005102879066900000000000000000000
12009091207362005104444064816704811560325161164
12009091207362006105532068317205111710340172168
12009091207372005102837074719705501830367187180
12009091207382006102203064516004851610324159165
12009091207382007102058066416405001570343164179
12009091207382007102178066716904981610337162175
12009091207382007103161066816904991630336166170
12009091207382007106391066817004981610337163174
12009091207392005106714069917905201720348174174
12009091207402006102594066315805051610344169175
12009091207402007101429077123505361860350170180
12009091207412004102830065017404761620314155159
12009091207412006105043074318405591830376192184
12009091207412006110131065317104821630319163156
12009091207412007103240070417405301800350181169
12009091207422003105424072019705231760347175172
12009091207422007106387067216705051620343170173
12009091207432006104975069018005101820328167161
12009091207442004100416072019705231760347176171
12009091207442006102787067417904951680327165162
12009091207462002103453056915804111360275135140
12009091207462003100663070517405311790352181171
12009091207462003102299070018505151700345171174
12009091207462004101552069517705181730345172173
12009091207472005105970070318205211670354174180
12009091207482006105038068317105121650347168179
12009091207482007100774073119805331820351177174
12009091207492004101497065516804871650322170152
12009091207492005100193077719905781940384195189
12009091207492006101686070617105351750360182178
12009091207492006105563076520705581930365187178
12009091207502004106804068318404991660333170163
12009091207512005103964067218504871690318163155
12009091207512005104020068518604991750324166158
12009091207512007101596073720205351800355178177
12009091207512007102178068018005001670333163170
12009091207512007104099079020505851930392197195
12009091207512007104835078820405841930391196195
12009091207512007106391068018104991680331162169
12009091207512007110033078819705911940397199198
12009091207532004101971064717404731680305160145
12009091207542002100927070120304981750323164159
12009091207542006100661071418905251780347178169
12009091207542006101543071318605271820345177168
12009091207552006100006073419605381850353182171
12009091207562005106653066118604751580317000000
12009091207562006109266067018704831580325165160
12009091207562007106613067518604891640325165160
12009091207572007101798070118205191780341171170
12009091207572007102104070117905221790343173170
12009091207582004101550068216305191690350175175
12009091207592005106488068518505001770323164159
12009091207592007104074066416105031650338169169
12009091207592007104998070117705241700354173181
12009091208012005105970069518605091730336169167
12009091208032002107451066818504831590324159165
12009091208042006104348065817404841650319000000
12009091208042007101370067918504941760318165153
12009091208042007104099075620505511880363183180
12009091208042007104600068717805091730336168168
12009091208042007104835075520505501880362183179
12009091208042007110033075219605561910365183182
12009091208052003102533074121505261810345178167
12009091208052007101596076121605451860359182177
12009091208052007103377065516204931630330164166
12009091208062004103003000000004841620322156166
12009091208062005106287069117605151720343174169
12009091208062006101540067417704971660331168163
12009091208062006103273060914104681420326160166
12009091208062006103400067217604961660330166164
12009091208072005106952071719305241830341176165
12009091208072007101663067217404981690329166163
12009091208072007110004067217404981690329166163
12009091208082006100355067417604981570341173168
12009091208082006102871067816905091660343173170
12009091208092006102952065817004881630325162163
12009091208092007102264066617504911630328164164
12009091208102006100104062516304621550307150157
12009091208102006103758076020105591920367190177
12009091208102007101157067718004971700327157170
12009091208102007106499068216705151730342173169
12009091208112003102680074220605361870349180169
12009091208112004103466063816104771610316157159
12009091208112006102792067316905041660338168170
12009091208112006103026064916604831610322158164
12009091208112007102234060916604431510292149143
12009091208112007102743067016805021600342170172
12009091208112007102960064215804841530331159172
12009091208112007106389061116704441520292149143
12009091208122003106135069217205201790341174167
12009091208122004101367065000000000000319000000
12009091208122005101747000000000000000325161164
12009091208122005105410068516705181770341179162
12009091208122006100721074418605581860372186186
12009091208122006102691063316104721580314157157
12009091208122006104938074018405561790377190187
12009091208122007102300063816604721590313157156
12009091208122007105063074718105661870379188191
12009091208132005106955066617804881690319160159
12009091208132006106413070318205211790342175167
12009091208142006103370063717004671520315154161
12009091208152004107061066517404911590332167165
12009091208152006102580066916305061660340168172
12009091208152006110040064818104671530314153161
12009091208152007104852068517505101710339171168
12009091208162006103258066117604851650320158162
12009091208172006106016074319705461860360184176
12009091208212007102264069417305211690352172180
12009091208222004101706066916605031640339166173
12009091208222004103154065417804761630313153160
12009091208222005100442064416704771670310153157
12009091208222007103912061615404621570305157148
12009091208232006102268067817205061710335172163
12009091208232007101370068318105021690333171162
12009091208242002103091071517905361820354177177
12009091208242003102680068417805061670339170169
12009091208262006105596068117005111570354175179
12009091208272006106694077419805761850391194197
12009091208372007102120082122205992040395193202
12009091208372007103637077421105631930370191179
12009091208372007103891082222206002030397193204
12009091208412006106277072619605301820348175173
12009091208412007100220073718005571850372194178
12009091208412007105450072919705321830349175174
12009091208422002100471071019405161720344171173
12009091208422004103104078322205611930368181187
12009091208432004100665000000000000000000169000
12009091208432005102173065400000000000000000154
12009091208432007110112071019105191770342175167
12009091208452005101256066615905071610346178168
12009091208452005106372066817104971630334167167
12009091208452006106365069818505131670346174172
12009091208462007100208066917404951680327165162
12009091208462007102989067017404961690327164163
12009091208462007105931067117704941680326167159
12009091208482005100233000000005151770338175163
12009091208482005103035071919405251790346171175
12009091208512007102120071918605331800353180173
12009091208512007103637071918705321800352180172
12009091208532006103491071418305311820349177172
