12016091103582011105438052014003801340246125121
12016091103582012101892050314103621260236117119
12016091103582013102041052014303771280249120129
12016091103582013104544058419003941470247126121
12016091103582013105526052214403781280250121129
12016091103582013110114069621904771760301154147
12016091103582014101099052414703771270250120130
12016091103592010101569059617604201540266142124
12016091103592010103602056115404071470260134126
12016091103592010104479057315904141460268135133
12016091103592010105027073221605161920324164160
12016091103592011100329056215404081460262132130
12016091103592011106067064418004641630301148153
12016091103592012102747060115604451550290149141
12016091103592013101076073419505391830356184172
12016091103592013102313058915104381410297148149
12016091103592013102733056815104171390278135143
12016091103592013102878072619905271850342170172
12016091103592013103671059216504271510276138138
12016091103592013105930056114704141520262135127
12016091103592013106000056315804051480257130127
12016091103592013106101056515504101460264134130
12016091103592014100056069920804911920299151148
12016091103592014102259071821805001800320163157
12016091103592014104766056615404121480264132132
12016091104002011103736060115304481560292145147
12016091104002011110069059417004241570267138129
12016091104002012104105060115104501520298150148
12016091104002012105956060015204481520296147149
12016091104002013100426060115604451490296150146
12016091104002013101158067019104791640315161154
12016091104002013102575056015904011410260130130
12016091104002013104161059816504331570276140136
12016091104002013105652056415004141430271137134
12016091104002014101770056615804081430265135130
12016091104002014101917061115404571540303153150
12016091104002014102300061815604621530309153156
12016091104002014102668055615803981400258129129
12016091104002014105605059715604411530288149139
12016091104002014110068056815704111450266134132
12016091104012010101884056716004071430264133131
12016091104012011101819077320905641870377198179
12016091104012011110010051513703781280250122128
12016091104012012104084065418104731700303159144
12016091104012012110117055616103951430252132120
12016091104012013100379073319905341840350181169
12016091104012013101791069318805051670338172166
12016091104012013103325068219304891700319161158
12016091104012013105839056816204061570249130119
12016091104012013105960060515704481490299143156
12016091104012013105999069319305001660334171163
12016091104012013106426068920004891720317158159
12016091104012013110102060215704451420303154149
12016091104012014100524056615304131470266142124
12016091104012014100608055114904021380264132132
12016091104012014102036059615604401490291149142
12016091104012014103837067318904841670317157160
12016091104012014103920057615804181410277137140
12016091104012014103983062716804591600299152147
12016091104012014106007055315403991520247129118
12016091104012014106185059316004331450288142146
12016091104012014110060052013903811290252122130
12016091104022009105834056914904201430277138139
12016091104022010103870054715403931420251126125
12016091104022011105535059416104331580275142133
12016091104022012103410060816004481620286146140
12016091104022012104153055515204031420261133128
12016091104022012104388059516204331570276142134
12016091104022013101789070218305191760343173170
12016091104022013101822075820505531920361183178
12016091104022013104829060415404501520298151147
12016091104022013105450055315903941420252128124
12016091104022013105615055515903961430253128125
12016091104022013106275066319004731690304157147
12016091104022014101915054414304011390262131131
12016091104022014103561054314304001370263131132
12016091104022014104500057116004111480263131132
12016091104022014105342075520205531900363183180
12016091104022014106094058416104231500273137136
12016091104022014106110063517604591540305150155
12016091104032011101188058016604141480266142124
12016091104032011103959059817004281530275140135
12016091104032011105693073120005311820349174175
12016091104032012106007067318604871670320156164
12016091104032013101837066820004681710297151146
12016091104032013102300054615103951370258130128
12016091104032013102301061918404351670268135133
12016091104032013102307075420405501880362186176
12016091104032013103277057115404171400277135142
12016091104032013103753057115704141470267130137
12016091104032013105229064617004761740302157145
12016091104032013105267066719204751780297153144
12016091104032013106060066218104811560325160165
12016091104032013109025076020905511920359188171
12016091104032014100381056615404121500262134128
12016091104032014100614058515604291470282143139
12016091104032014101993068717905081700338174164
12016091104032014103519054414703971430254129125
12016091104032014104843056715404131500263135128
12016091104032014104890057415604181450273136137
12016091104032014105424071820305151780337172165
12016091104032014106131058715804291470282142140
12016091104032014110048059817204261600266136130
12016091104042011100018066518404811660315157158
12016091104042011104713058915204371450292142150
12016091104042012102095066818604821720310159151
12016091104042012104604073420105331870346173173
12016091104042012104831065817904791710308154154
12016091104042013101824063018204481640284151133
12016091104042013106011065317204811640317157160
12016091104042014100577065218004721630309156153
12016091104042014103546065918704721660306153153
12016091104042014104982066517604891650324165159
12016091104042014105249065118004711630308156152
12016091104042014105935059514704481440304152152
12016091104042014109176058416304211450276138138
12016091104052010104192057415004241410283140143
12016091104052010104253059215804341440290141149
12016091104052012103486065317604771560321157164
12016091104052013100224068117105101720338164174
12016091104052013100996058216004221410281142139
12016091104052013101938056316304001470253133120
12016091104052013105321057315804151440271137134
12016091104052013106365061315704561550301149152
12016091104052014100068059115704341460288141147
12016091104052014100230057515104241420282139143
12016091104052014100697066316804951680327167160
12016091104052014100831067217205001670333169164
12016091104052014100911066717904881650323159164
12016091104052014102241068216705151690346172174
12016091104052014103584055614704091390270136134
12016091104052014103891057615304231450278139139
12016091104052014104257065117404771600317157160
12016091104052014105794057715404231460277139138
12016091104062010105860056015404061470259135124
12016091104062011100964063917104681590309154155
12016091104062013100364066318104821640318157161
12016091104062013102837063216404681630305155150
12016091104062013103957066819704711680303158145
12016091104062013104011067818804901830307165142
12016091104062013104197071419205221780344170174
12016091104062013104407068218005021730329164165
12016091104062013104938060016304371560281140141
12016091104062013105282065417204821620320158162
12016091104062013105836060116104401530287144143
12016091104062014101669066317104921610331165166
12016091104062014102522066317104921620330166164
12016091104062014106014065518104741720302153149
12016091104062014106186064818104671700297150147
12016091104072010101020057715304241490275137138
12016091104072011104269056315204111480263135128
12016091104072011105072056415404101470263135128
12016091104072011105545060716804391540285146139
12016091104072012100276067419104831710312160152
12016091104072012104775063417704571550302154148
12016091104072012104858056415604081390269134135
12016091104072012105588057315004231460277138139
12016091104072013102273059616104351500285142143
12016091104072013105862058415404301490281142139
12016091104072013106025054915503941310263129134
12016091104072013106044068518405011680333167166
12016091104072013110066057516604091390270135135
12016091104072014102198057216004121430269137132
12016091104072014103041057215604161480268136132
12016091104072014105622056616004061460260130130
12016091104072014105768067518704881630325167158
12016091104082011100625061317104421550287144143
12016091104082011103916063816804701670303154149
12016091104082013100561062217004521600292147145
12016091104082013100779058815904291470282140142
12016091104082013102704059016404261480278143135
12016091104082013105377060716304441500294147147
12016091104082013106099061416504491510298149149
12016091104082014102120066918304861630323157166
12016091104082014102659057415704171480269136133
12016091104082014102989057916004191480271137134
12016091104082014105598061519104241550269139130
12016091104092012104407057215004221430279137142
12016091104092013101874058716204251490276145131
12016091104092013105811060516404411480293147146
12016091104092013105963067419004841690315159156
12016091104092013106118059715104461500296151145
12016091104092013106137059116004311510280143137
12016091104092013106432056315404091430266138128
12016091104092014100443065017404761670309161148
12016091104092014101804063717904581630295150145
12016091104092014102092064117804631520311159152
12016091104092014103162058915704321470285144141
12016091104092014105090061117804331530280139141
12016091104092014105846058015404261480278138140
12016091104092014110009065917804811660315161154
12016091104092014110080065818504731640309160149
12016091104102010100109058916504241410283139144
12016091104102011101046055815304051420263132131
12016091104102011105077067317305001630337165172
12016091104102013100546067718504921740318162156
12016091104102013103003057914804311420289144145
12016091104102013103123055714804091430266133133
12016091104102013103490064216004821550327160167
12016091104102013105707058716504221490273139134
12016091104102014100515057715504221440278144134
12016091104112011102225075620505511890362183179
12016091104112011105824059915204471440303150153
12016091104112012101961066718404831670316156160
12016091104112012104882058015604241450279148131
12016091104112012106290056315204111380273135138
12016091104112013100469055216003921350257125132
12016091104112013100858069318205111810330173157
12016091104112013102178072619905271820345175170
12016091104112013102403069418905051850320167153
12016091104112013102878057715604211420279141138
12016091104112013103962052814603821270255123132
12016091104112014100169057715404231480275141134
12016091104112014104956069719205051700335173162
12016091104112014105108055315803951380257130127
12016091104112014109132059715804391530286141145
12016091104122011105806067618504911700321159162
12016091104122014100128063116704641580306154152
12016091104122014101874058115804231480275141134
12016091104122014102290071619305231790344173171
12016091104122014103287071319105221780344174170
12016091104122014103298058816604221490273140133
12016091104122014103392058816704211490272138134
12016091104132011103966068820604821700312156156
12016091104132014100070065817404841610323161162
12016091104132014105121060914904601460314147167
12016091104142009102195061917504441610283146137
12016091104142011101479069719305041760328164164
12016091104142013100391060816304451490296145151
12016091104142013102021059515804371490288145143
12016091104142014100126059517604191560263136127
12016091104142014100613059918004191570262135127
12016091104142014100795059817504231570266136130
12016091104142014103000064818304651580307149158
12016091104142014104081074821805301850345175170
12016091104142014104445058417604081560252132120
12016091104152009102372057715404231430280140140
12016091104152010104439062017004501510299144155
12016091104152011101782067816705111640347165182
12016091104152011103780062417004541570297151146
12016091104152012100560062216404581520306152154
12016091104152012102463057714604311500281144137
12016091104152013100488057215304191420277137140
12016091104152013103395066217504871600327160167
12016091104152014100899067417904951670328166162
12016091104152014102979057715704201430277138139
12016091104152014103208057215004221430279140139
12016091104152014103631067918704921750317169148
12016091104152014105638062217204501590291154137
12016091104152014106008060315104521490303152151
12016091104152014106183068818904991660333166167
12016091104162009105009055214804041360268136132
12016091104162012100436059216004321440288141147
12016091104162012105220059115004411500291145146
12016091104162013101575063115604751600315157158
12016091104162014100186068217905031790324176148
12016091104162014100362068919504941740320164156
12016091104162014102683061616004561540302146156
12016091104162014104653060916704421550287146141
12016091104172011105439061216704451580287146141
12016091104172011105693059717504221570265138127
12016091104172011105898067017504951660329166163
12016091104172013100586059616804281600268140128
12016091104172013100831059717004271600267138129
12016091104172013101822057615704191470272142130
12016091104172013102307058616904171530264137127
12016091104172013104030059616104351530282144138
12016091104172013104251058015704231540269138131
12016091104172013109025058617004161530263136127
12016091104172013110090074822105271950332180152
12016091104172014100199069218205101740336170166
12016091104172014103586071619605201820338174164
12016091104172014105424057515604191470272142130
12016091104182010105823072218405381740364180184
12016091104182013103412067918904901740316160156
12016091104182013105172061917704421660276144132
12016091104182014103021060517604291560273144129
12016091104182014103661061217704351570278147131
12016091104192010103880059816104371510286143143
12016091104192011101180060216904331560277143134
12016091104192012104504057215804141430271133138
12016091104192012104926054114603951380257127130
12016091104192013102687074621005361870349180169
12016091104192013104912072919905301890341182159
12016091104192014101084054415103931340259126133
12016091104192014102190062117004511610290152138
12016091104192014106158054515203931340259126133
12016091104192014109052082825205762020374193181
12016091104202014102273053514703881390249126123
12016091104202014103926071519405211790342173169
12016091104202014104381063117104601550305156149
12016091104202014106159069719405031700333166167
12016091104212010105872070718805191770342171171
12016091104212011103653054714903981420256130126
12016091104212013100315068117305081710337171166
12016091104212013100677057715104261430283139144
12016091104212014101632057816204161420274136138
12016091104212014105871066916705021630339163176
12016091104222010100330056014904111470264136128
12016091104222011100139062517204531580295148147
12016091104222012101568064416904751630312154158
12016091104222012105131063017004601590301151150
12016091104222012106262070318505181790339171168
12016091104222012110038067517604991580341168173
12016091104222013100057058015204281520276142134
12016091104222013105645059415904351520283149134
12016091104222013105917060215204501480302154148
12016091104222013110103059015304371440293141152
12016091104222014100531060816104471530294147147
12016091104222014104858065917104881620326167159
12016091104222014105910061016204481530295148147
12016091104232012100582058916204271540273140133
12016091104232012104180057215104211450276140136
12016091104232012104748061016404461550291146145
12016091104232013101358056814904191400279138141
12016091104232013101678056715904081470261137124
12016091104232013103160068917905101840326168158
12016091104232013105015056515304121420270133137
12016091104232013105357063816504731570316156160
12016091104232013105602065118404671580309156153
12016091104232014100443062016204581610297153144
12016091104232014101668074319305501850365186179
12016091104242012104563063517304621490313155158
12016091104242013103772058416004241500274140134
12016091104242014100363060415804461500296146150
12016091104242014103035070818005281900338177161
12016091104242014104588072616805581720386185201
12016091104252012100617059115604351500285148137
12016091104252012102367060215904431520291147144
12016091104252012102682060416204421500292151141
12016091104252013103609059117004211500271139132
12016091104252014100918072219905231850338169169
12016091104252014101748073519505401840356179177
12016091104252014102060062416404601580302154148
12016091104252014102795060616504411500291143148
12016091104252014103032060316504381500288142146
12016091104252014105118062316504581570301154147
12016091104262012105538070619705091740335172163
12016091104262013103338057116304081440264133131
12016091104262013105350057416304111470264134130
12016091104262013105931063317604571590298149149
12016091104262014103263072119905221780344172172
12016091104262014103639071719305241810343173170
12016091104262014105916072620905171780339170169
12016091104262014106025072920705221760346174172
12016091104262014110081071219905131820331164167
12016091104272009102591065718204751610314155159
12016091104272010102675063516904661540312156156
12016091104272012105582074719905481860362179183
12016091104272012105609065917004891680321162159
12016091104272013101727072019605241810343173170
12016091104272013104055061316404491530296147149
12016091104272013104320072920605231810342178164
12016091104272013105582059014804421450297146151
12016091104272014101485063816904691600309150159
12016091104282008101076059918204171620255130125
12016091104282010200007060116804331540279142137
12016091104282011104124057115704141470267136131
12016091104282012105194060318204211630258133125
12016091104282012110098058517504101530257126131
12016091104282013101779058317404091550254126128
12016091104282013103370061616304531510302146156
12016091104282013104825059017504151580257128129
12016091104282014104508059117404171600257128129
12016091104292012104046057914704321350297148149
12016091104292012104067072917905501790371184187
12016091104292012105245073221105211850336169167
12016091104292013102534070117405271830344173171
12016091104302010110102059017204181540264142122
12016091104302011105579065117004811590322161161
12016091104302011106086057415704171420275136139
12016091104302012101421061817404441650279153126
12016091104302013103901064518104641660298156142
12016091104302014106070063116804631620301155146
12016091104302014106242062517104541580296153143
12016091104312012104128068918805011740327165162
12016091104312012104637060916804411590282144138
12016091104322013106477061015404561510305151154
12016091104332010104297059716304341490285139146
12016091104332012105400058616404221490273135138
12016091104342012104517057316404091420267140127
12016091104342013106033056617503911400251126125
12016091104352010104180059517104241490275137138
12016091104382010103266058615804281380290136154
12016091104392013101670062215704651580307146161
12016091104402010100328061718104361600276139137
12016091104402011102290058915104381530285144141
12016091104402012100619062017404461510295147148
12016091104402012104943069119804931720321160161
12016091104402013110086060716604411540287143144
12016091104402014101336059815804401530287146141
12016091104402014103242059915804411530288145143
12016091104412010104159058116804131430270137133
12016091104412011103899057115104201520268134134
12016091104412012100599071220005121810331169162
12016091104412013101616058116504161510265135130
12016091104412013101666056715004171460271141130
12016091104412013102881069419704971770320160160
12016091104412013103600069818705111750336169167
12016091104412013104336063616604701480322157165
12016091104412014102144066418904751640311158153
12016091104412014105783056714904181460272141131
12016091104412014110059062514704781530325158167
12016091104422013101835068818904991690330166164
12016091104422013110070065117504761610315162153
12016091104422014100570069719305041720332169163
12016091104422014104280066318704761630313161152
12016091104422014110106068819904891660323162161
12016091104422014110108070619405121770335168167
12016091104432009103736055814904091410268134134
12016091104432011101468069619305031780325165160
12016091104432011103554070719105161770339168171
12016091104432013103773070218605161730343171172
12016091104442013102047059115104401460294152142
12016091104452010101496052414203821290253120133
12016091104452011103627057515604191420277140137
12016091104452013105627060515504501450305158147
12016091104462012103426068018604941760318161157
12016091104462013101387067017005001570343170173
12016091104472013100731058016704131440269135134
12016091104472013103253072220505171790338171167
12016091104472013103450070817905291750354174180
12016091104472013104991057314604271500277143134
12016091104472014100498071619805181780340170170
12016091104472014102158061815504631580305154151
12016091104482013105893057515304221470275141134
12016091104482014100510057515504201610259129130
12016091104482014102453061416004541540300149151
12016091104482014103205057515604191610258128130
12016091104482014104426057615204241480276140136
12016091104492011104500068018504951570338162176
12016091104492014105378069619005061730333168165
12016091104502011102569067618404921690323161162
12016091104502012101673057615804181480270145125
12016091104502014100609060616104451550290152138
12016091104502014102997069518405111740337169168
12016091104502014103047063016804621620300153147
12016091104502014106231060515604491490300149151
12016091104512010100707067218604861710315160155
12016091104512013103434065517004851620323163160
12016091104512013106298064717004771580319160159
12016091104512014102025073418605481880360179181
12016091104512014110101076520805571950362183179
12016091104522012100406064717704701630307153154
12016091104522013105240054115403871430244121123
12016091104522014100671060517904261710255125130
12016091104522014100784066316704961690327164163
12016091104522014101118058614604401480292147145
12016091104522014103085060217404281730255129126
12016091104522014105125059817304251740251124127
12016091104522014109047058714704401480292148144
12016091104532011103783057015404161410275137138
12016091104532013101736062816904591510308150158
12016091104532013103746060315504481520296148148
12016091104532013103823069917805211760345173172
12016091104532013105397058715304341460288146142
12016091104532013105727056014804121390273135138
12016091104532014102627063617304631650298153145
12016091104542010100784058415004341460288144144
12016091104542011105913073420605281870341173168
12016091104542013105664066017704831600323170153
12016091104542013106446067217205001720328161167
12016091104542014100346069618805081780330171159
12016091104542014101560064917104781720306158148
12016091104542014103326071018805221780344172172
12016091104552012101282072819805301790351175176
12016091104552013101248069717905181680350173177
12016091104552013103703069718805091620347173174
12016091104552014100508073720105361790357183174
12016091104552014101343073118205491750374183191
12016091104552014102159072617805481790369181188
12016091104562011102128056616004061450261133128
12016091104572012101546057514204331400293144149
12016091104572013104252068519204931690324161163
12016091104582011104470079725305442050339188151
12016091104582013100358080225105512040347191156
12016091104582013102997079925205472050342187155
12016091104582013106218077924205372060331181150
12016091104592011100364078124605352090326178148
12016091104592011101830071419105231810342170172
12016091104592011102340078124305382110327179148
12016091104592011104273076022505352030332173159
12016091104592012105508061817804401600280149131
12016091104592013102879075322305302020328171157
12016091104592013103157077924505342050329178151
12016091104592013103200056914704221440278145133
12016091104592013105671060416404401570283139144
12016091104592013105677075722305342040330175155
12016091105002008105554066718004871670320163157
12016091105002010105925058414804361420294142152
12016091105002011102529060916104481480300146154
12016091105002011104326063817404641610303152151
12016091105002013104970062616704591590300151149
12016091105002013105514066117404871660321164157
12016091105002013105901057815004281460282139143
12016091105002014100734075120805431900353183170
12016091105002014101346062816604621600302152150
12016091105002014101953059715804391480291144147
12016091105002014106020059915804411480293144149
12016091105012011103940060115404471510296143153
12016091105012011103956069818905091730336163173
12016091105012011106121061816104571520305151154
12016091105012012103494059915504441530291149142
12016091105012013100783062317504481540294144150
12016091105012013101023066117704841630321163158
12016091105012013101359057414904251460279138141
12016091105012013104782061216804441480296144152
12016091105012013105173065718004771730304157147
12016091105012013105554062318204411590282142140
12016091105012014102019067618504911770314159155
12016091105012014105291059015404361440292142150
12016091105012014106054062018204381530285140145
12016091105022013101152055414904051440261131130
12016091105022013106072061818104371560281142139
12016091105022014100581063817104671660301152149
12016091105022014102363063817204661650301153148
12016091105022014103596073719405431770366177189
12016091105022014106338064016704731580315157158
12016091105032011103410072918405451870358184174
12016091105032014100841071719305241860338172166
12016091105032014104369071619305231860337172165
12016091105042012106224058815704311520279138141
12016091105042013103431058616004261440282142140
12016091105042014103452072120205191780341171170
12016091105052014105833058115304281480280140140
12016091105052014110114066417404901610329160169
12016091105062012103663064419904451800265134131
12016091105062014102733064920204471810266134132
12016091105072013103688064416504791550324155169
12016091105072014100466058115104301460284146138
12016091105072014100645058515304321490283145138
12016091105072014102415072418905351770358178180
12016091105072014103933071218705251780347173174
12016091105092008104835061717704401550285144141
12016091105092013104167070018605141770337166171
12016091105092014102721069318605071750332169163
12016091105092014105088069318605071750332169163
12016091105112011106304079921105882020386198188
12016091105112014103414075017905711920379181198
12016091105122011100364056815604121590253130123
12016091105122011102340056215504071430264137127
12016091105122011104273056315304101560254130124
12016091105122011104470060117804231570266138128
12016091105122013100358059517604191540265138127
12016091105122013105677058016904111560255130125
12016091105122013106093070120204991830316160156
12016091105122013106218058117004111550256131125
12016091105122014101149060015304471470300150150
12016091105132013104020067021604541620292144148
12016091105142013102286061415904551490306146160
12016091105152013102181062717304541510303150153
12016091105152013104121062217104511510300148152
12016091105152013106038075120405471880359182177
12016091105152014100840069817905191690350169181
12016091105152014103144069717805191710348166182
12016091105162014100422057316204111500261137124
12016091105162014101220076520905561960360181179
12016091105162014105752091224006722190453217236
12016091105172011101532067718004971690328165163
12016091105182011100636072119305281770351167184
12016091105182012103296075618805681870381193188
12016091105182012106378056514404211370284131153
12016091105182013103534059716304341490285142143
12016091105182014102344076219205701870383188195
12016091105182014102730060216504371510286147139
12016091105182014105003056414804161380278130148
12016091105192012100690066118004811620319157162
12016091105192012104376073318805451850360181179
12016091105192012110095060616304431530290144146
12016091105192013100904060916604431530290147143
12016091105192013101999068617405121730339169170
12016091105192013102984057916104181430275136139
12016091105192013103758064317204711590312151161
12016091105202013102192071418805261720354171183
12016091105202014104156072918805411780363181182
12016091105212010104031073019605341840350170180
12016091105232014100813081019706132080405203202
12016091105232014102121068117705041720332166166
12016091105252012106042076323405291930336174162
12016091105262012104733059215404381460292145147
12016091105262013105880058815504331480285144141
12016091105262014104023055915504041400264132132
12016091105272012110074059916104381550283144139
12016091105272014100519068117605051710334162172
12016091105272014105627062217204501520298147151
12016091105282012104112075319805551940361179182
12016091105282012105123062417004541580296149147
12016091105282013103042078922405651940371188183
12016091105282014105382072619205341780356175181
12016091105292014105120063116404671610306158148
12016091105292014105214067717705001730327161166
12016091105292014105542075120305481850363180183
12016091105292014105830070420205021820320161159
12016091105302011100740066417704871750312148164
12016091105302012106375058715504321470285141144
12016091105312012105252059215104411450296142154
12016091105312013100017060216204401480292142150
12016091105312013102171061917004491620287145142
12016091105312014106138060216204401500290145145
12016091105322011104191069619505011720329166163
12016091105322013100705069119704941740320164156
12016091105322013106438064813605121470365174191
12016091105332013101739059415804361540282144138
12016091105332013103784060516604391550284144140
12016091105352007104877061616904471610286147139
12016091105352010104954059417904151600255132123
12016091105352011103993056516004051510254130124
12016091105352013100900061917304461620284146138
12016091105362011104855066918804811670314158156
12016091105362012101502069318405091760333167166
12016091105372011103431058416304211490272140132
12016091105372012101757058817104171500267137130
12016091105372012103207058718004071430264133131
12016091105372014104024058116304181500268138130
12016091105382012106056060616004461520294146148
12016091105382013101203063216304691610308153155
12016091105382013102351060515904461540292147145
12016091105382013104365065116304881610327164163
12016091105382014104080064316304801580322158164
12016091105382014105163065017204781620316155161
12016091105392014102933068620604801640316155161
12016091105392014103593070519505101710339168171
12016091105402010105445060516304421420300145155
12016091105402011100582065816804901690321164157
12016091105402014100523062216104611570304153151
12016091105412013101400061817304451520293141152
12016091105412013102193057516304121480264141123
12016091105412013104148059016104291550274151123
12016091105412014102136071420005141730341166175
12016091105412014104411063316504681600308149159
12016091105432009100287059917904201460274141133
12016091105442012100854071319305201850335174161
12016091105452011100590062217604461610285147138
12016091105462009105006073722805091890320162158
12016091105472013101392062516204631550308149159
12016091105472013104560058915104381470291146145
12016091105472014101228059816404341480286146140
12016091105472014101960064316604771580319158161
12016091105472014102170061216404481540294149145
12016091105472014103254065216904831660317158159
12016091105472014103574062515904661610305153152
12016091105472014104794063216504671580309156153
12016091105472014105389061115804531480305147158
12016091105492012100590059216404281600268142126
12016091105492014100760061916904501530297146151
12016091105492014103601070918305261760350175175
12016091105492014105927060315504481510297147150
12016091105492014106503070318105221770345174171
12016091105502014100814064318804551590296148148
12016091105502014103492063617304631640299155144
12016091105502014103980072518105441830361178183
12016091105522013101693070818005281780350171179
12016091105522013106003064117104701570313160153
12016091105532012104241061015904511480303148155
12016091105542013105735060715304541470307156151
12016091105542014100143058416504191460273135138
12016091105542014102497058416504191460273135138
12016091105542014104170059616804281500278140138
12016091105552012104628057516704081440264134130
12016091105552014102389072818205461820364181183
12016091105552014105817059216604261480278143135
12016091105552014106049071518005351780357176181
12016091105562012102766059917004291490280141139
12016091105572013100348069318705061800326159167
12016091105572013110121068518604991720327166161
12016091105572014102215069419305011660335168167
12016091105592011101273065218104711650306157149
12016091105592012102753067817904991750324158166
12016091105592014104353067016705031600343173170
12016091106002013104535056315304101420268136132
12016091106002013105427065217504771620315151164
12016091106012013101117057916304161550261137124
12016091106012013103135058116104201570263136127
12016091106022011104612076722205451890356180176
12016091106022013103526078223505471900357183174
12016091106022013103950075120805431830360182178
12016091106022014105873079024305471900357184173
12016091106022014106074075320605471890358180178
12016091106052014106529065416204921600332164168
12016091106062013104102066616605001740326167159
12016091106062014103395066317904841620322163159
12016091106092011101138054815403941360258126132
12016091106092012104923059716004371500287145142
12016091106102014103709069917405251650360172188
12016091106102014106486077220005721840388182206
12016091106112014102613065819404641590305153152
12016091106132011102872057316004131440269132137
12016091106132011102995056515104141410273137136
12016091106132012104761057314804251450280141139
12016091106132014103265058715904281460282142140
12016091106132014105081069718805091740335166169
12016091106142013101434067123104401540286143143
12016091106142014100879059516304321520280144136
12016091106152012105033059816004381510287144143
12016091106152013101741065417604781640314158156
12016091106172011104612058616404221520270141129
12016091106172013103526059316304301570273142131
12016091106182011102051074119505461830363185178
12016091106182013103950057015804121470265134131
12016091106182013104602073320505281850343171172
12016091106182014106074057216004121440268136132
12016091106182014106099076720905581990359185174
12016091106192011102532059815404441470297146151
12016091106192013104663058217204101500260129131
12016091106192014103063054514903961290267127140
12016091106192014103163058015004301460284137147
12016091106202011103775067918304961690327161166
12016091106202012104696065416204921570335166169
12016091106202013102978057715504221490273139134
12016091106202013103189074818805601950365190175
12016091106202014100910066817304951640331158173
12016091106202014101516062616104651590306153153
12016091106202014104669064316804751540321157164
12016091106202014105044064416804761540322157165
12016091106202014105321068618505011730328166162
12016091106202014105325066617704891600329159170
12016091106212012102748058915404351420293144149
12016091106212014105336079422005742050369187182
12016091106232013103250069017405161750341169172
12016091106242013102909073120205291870342170172
12016091106242014103864071319305201740346171175
12016091106242014105157071119305181760342169173
12016091106252012105212056416204021480254126128
12016091106252013100419058615504311500281141140
12016091106252013103391056015904011480253126127
12016091106262011105395064317604671590308159149
12016091106262012100801061516804471510296142154
12016091106262014100876071418605281760352176176
12016091106262014104595071318505281760352176176
12016091106272014101376059315304401540286144142
12016091106282011103858055714604111450266134132
12016091106282011105062070319705061760330170160
12016091106282014106101059115004411480293147146
12016091106292012101435062416604581590299151148
12016091106292013100411068818105071680339168171
12016091106292013105214067119204791740305155150
12016091106292013105598065917004891710318163155
12016091106292014102251068416405201750345174171
12016091106292014102911067418304911670324163161
12016091106292014103091067218204901670323164159
12016091106292014103873000016900001650000159000
12016091106302010104510058514804371450292144148
12016091106302013101836059915004491490300148152
12016091106302014101322068617605101690341167174
12016091106302014103603068917005191710348171177
12016091106302014103605068317505081690339164175
12016091106302014105517058716104261470279138141
12016091106302014105681062216904531570296147149
12016091106302014105970065316304901620328162166
12016091106302014105979058515904261470279138141
12016091106302014106260063916904701650305153152
12016091106312011100382056015904011360265130135
12016091106312013103505070819005181800338171167
12016091106312013105587057914704321480284138146
12016091106312014100518065617604801650315160155
12016091106312014100629072816905591790380191189
12016091106312014101987069418505091770332172160
12016091106312014103331068918405051800325169156
12016091106312014105654062916404651630302150152
12016091106312014105799068918405051800325168157
12016091106312014109096062816204661630303151152
12016091106322011105223063917304661620304151153
12016091106322012101339061416704471580289147142
12016091106322013103045066817704911660325162163
12016091106322013106102060115704441590285145140
12016091106322014105646065516904861610325161164
12016091106322014106137058515404311510280143137
12016091106332009100921058815704311530278138140
12016091106332010104551056615704091400269133136
12016091106332011104230055815604021410261129132
12016091106332012103980070818305251760349174175
12016091106332012104168068917705121700342169173
12016091106332012105931061316404491520297149148
12016091106332014104314064417004741480326155171
12016091106332014106005072519705281760352178174
12016091106332014106174058115004311470284143141
12016091106542011103775054414304011390262135127
12016091106542013105296055516303921410251128123
12016091106552008110131057516504101430267136131
12016091106552011104182057416304111430268137131
12016091106552011105580057215404181460272139133
12016091106552012100620058616004261490277138139
12016091106552012104194058915004391490290145145
12016091106552013100367057115204191470272139133
12016091106552013103024060515404511500301152149
12016091106552013103297057515004251440281141140
12016091106552013103793055114004111360275137138
12016091106552013103852057915704221470275137138
12016091106552013105223059215004421490293153140
12016091106552013105288056816204061440262130132
12016091106552013105656064718104661610305152153
12016091106552013105721051813503831360247123124
12016091106552013105790065317904741640310154156
12016091106552014100445057915104281480280145135
12016091106552014100580056915804111390272139133
12016091106552014102727062115804631580305147158
12016091106552014102972055415204021360266132134
12016091106552014103580057315404191470272139133
12016091106552014105512058614904371470290145145
12016091106552014105518057315404191470272139133
12016091106552014105834055815704011410260129131
12016091106562010103512059915904401490291146145
12016091106562011103699059816104371520285144141
12016091106562011103958055114104101450265134131
12016091106562012102052054714004071410266136130
12016091106562012102466056917003991540245124121
12016091106562012104061055914604131460267138129
12016091106562012104454056815304151440271139132
12016091106562013101671057917204071560251130121
12016091106562013102298051813903791310248122126
12016091106562013105882054413904051400265135130
12016091106562013106085059715704401490291139152
12016091106562013106390055515104041380266132134
12016091106562013110080053314303901390251128123
12016091106562014100811065716804891610328164164
12016091106562014100900057315104221480274134140
12016091106562014100925067117504961620334170164
12016091106562014101032058117404071570250126124
12016091106562014102555066717504921680324158166
12016091106562014103978058015404261470279141138
12016091106562014104437055514704081440264134130
12016091106562014104684065417104831600323166157
12016091106562014105868056315604071430264130134
12016091106562014105971064717704701630307158149
12016091106562014106546059215704351470288150138
12016091106562014109149057817304051550250125125
12016091106562014110032068417805061720334167167
12016091106572010101930059816404341520282140142
12016091106572011103635059416104331480285139146
12016091106572011104294055714704101400270133137
12016091106572011104665059816404341590275139136
12016091106572012100528066717304941640330169161
12016091106572012103286071420405101780332175157
12016091106572012104549054514504001380262135127
12016091106572012105506058517304121530259133126
12016091106572013102849066518704781680310156154
12016091106572013105261070818405241750349169180
12016091106572013105479056515904061430263132131
12016091106572013105510066918204871650322162160
12016091106572013105666075321405392010338170168
12016091106572013105748057814304351460289144145
12016091106572013110106054514404011360265138127
12016091106572014100629057815204261440282143139
12016091106572014102638062816704611720289153136
12016091106572014103560068818105071810326172154
12016091106572014104805061716804491500299149150
12016091106572014105642056814804201400280146134
12016091106572014105887061616604501500300149151
12016091106572014106078064717104761630313161152
12016091106582007101410068717105161720344174170
12016091106582008101012068217305091710338168170
12016091106582009100502062520304221650257129128
12016091106582009102128056514704181430275135140
12016091106582010100165058916804211480273138135
12016091106582010100698068218504971690328167161
12016091106582010103248057416304111430268130138
12016091106582011103009057515804171500267138129
12016091106582011104377063716304741550319157162
12016091106582011105050065317004831690314160154
12016091106582012103583063417004641650299157142
12016091106582012104583065017404761680308161147
12016091106582013101731066917804911610330165165
12016091106582013102359066018504751700305155150
12016091106582013102712055614204141390275136139
12016091106582014100496067817205061700336168168
12016091106582014101541059316204311470284143141
12016091106582014102176059116204291460283142141
12016091106582014102195069118505061770329167162
12016091106582014104110064417204721620310156154
12016091106582014104309063917104681580310156154
12016091106582014104800060216504371520285143142
12016091106592009106386072521405111880323175148
12016091106592011102556059316304301580272147125
12016091106592011105350054514703981370261129132
12016091106592012104887072421205121880324175149
12016091106592012110070070319605071700337172165
12016091106592013102269057315404191470272137135
12016091106592013103691065617704791630316158158
12016091106592013103696058515204331440289143146
12016091106592013105504062315904641570307151156
12016091106592013110051062816704611570304152152
12016091106592014100963072821505131930320173147
12016091106592014102291057615304231460277139138
12016091106592014102574056216204001480252133119
12016091106592014103231068617705091700339170169
12016091106592014103650060417004341470287138149
12016091106592014104038057615404221460276138138
12016091106592014105503072521405111910320172148
12016091106592014105892078820805802050375212163
12016091106592014105926078720605812050376214162
12016091106592014106289062117504461520294148146
12016091107002009101079067318404891780311161150
12016091107002010100338069218105111730338173165
12016091107002012102743056415604081440264133131
12016091107002012102956071820605121810331168163
12016091107002012105878065416304911720319163156
12016091107002013102065073420005341810353182171
12016091107002013102876056714404231400283140143
12016091107002014102362057214704251450280143137
12016091107002014102681064317004731570316156160
12016091107002014103010071020105091740335171164
12016091107002014104954070019105091740335171164
12016091107002014105338063216004721620310162148
12016091107002014105983063316604671610306153153
12016091107002014106021067316905041700334169165
12016091107002014106257067217904931660327164163
12016091107012011104824064115904821700312161151
12016091107012012100494061717004471530294148146
12016091107012012101536067118404871740313153160
12016091107012012102651058414404401410299147152
12016091107012013100636067417804961770319161158
12016091107012013105749068518604991760323162161
12016091107012013105972058116404171440273139134
12016091107012014100384067717904981690329164165
12016091107012014101167067117904921670325163162
12016091107012014101257069318705061770329166163
12016091107012014101614057713604411430298146152
12016091107012014102538058715104361410295143152
12016091107012014104603067918004991710328166162
12016091107012014105254065917504841640320160160
12016091107012014106084065917404851650320160160
12016091107022012101936067217504971710326164162
12016091107022012103383069418005141720342167175
12016091107022012104401058815004381510287141146
12016091107022013100339057515304221480274142132
12016091107022013105476058614804381480290149141
12016091107022013109168062415904651520313152161
12016091107022013110040064316704761580318157161
12016091107022014101020065915905001690331163168
12016091107022014105278066518104841660318163155
12016091107022014105716070117705241690355173182
12016091107032012104387076621905471930354178176
12016091107032013104881068616805181770341172169
12016091107032013104987068518704981770321160161
12016091107032013106323056313904241410283139144
12016091107032014105216068216205201830337174163
12016091107032014106206065917004891650324163161
12016091107042009100667068418804961730323161162
12016091107042012103951064716804791620317158159
12016091107042013100405070217405281760352177175
12016091107042014103224067417205021720330168162
12016091107052012100849058916404251520273140133
12016091107052012105613058115904221480274142132
12016091107052013103167055014804021410261129132
12016091107052013103257076021305471780369177192
12016091107052014102149076019605641910373185188
12016091107052014103230055715104061440262129133
12016091107052014103321059016404261520274140134
12016091107052014103464059215804341530281142139
12016091107052014103532075519305621890373186187
12016091107062008101718063716504721650307154153
12016091107062011105562068418504991730326167159
12016091107062011106567057415704171460271131140
12016091107062014100098065918104781610317162155
12016091107062014100506060215504471490298147151
12016091107062014100799064115404871500337155182
12016091107062014104111066718804791640315159156
12016091107072011103511064118704541630291147144
12016091107072013100587067818604921740318161157
12016091107072013102360055715404031440259135124
12016091107072013109022060014904511460305147158
12016091107082009106305069219704951720323162161
12016091107082010102630060017304271500277141136
12016091107082012105358054614104051360269135134
12016091107082013105913061416404501510299150149
12016091107082014103358069419604981730325164161
12016091107082014105687054714903981470251126125
12016091107092012102308057116504061470259133126
12016091107092012105360068417405101700340170170
12016091107092012105787068018604941640330162168
12016091107092014100619060115104501510299148151
12016091107092014103094059715104461510295147148
12016091107102013103777058317504081430265127138
12016091107102014102980060115904421510291145146
12016091107102014103013060414604581490309153156
12016091107102014103515054313704061340272129143
12016091107112009106386056415304111450266134132
12016091107112010102884061716604511580293147146
12016091107112012104887055714704101450265133132
12016091107112014100963055414504091410268141127
12016091107112014105503055314304101410269142127
12016091107112014105892059816704311590272145127
12016091107112014105926059916804311590272144128
12016091107122011110096055414504091420267132135
12016091107122012105842058015204281460282143139
12016091107122013104369064717604711600311152159
12016091107122013110133070318605171740343178165
12016091107122014101535065617804781600318161157
12016091107132011104837060517904261610265138127
12016091107132011105525062719104361730263137126
12016091107132013100594063916904701680302153149
12016091107142011103952059315504381490289144145
12016091107142011104456070718205251790346175171
12016091107142012100481066618104851640321160161
12016091107142014102255070917905301800350179171
12016091107172014102868059817504231650258132126
12016091107182012104221052513903861370249128121
12016091107182012105774065217204801630317161156
12016091107182013104248071219605161750341169172
12016091107182013106247055514104141380276136140
12016091107192012110079060515604491600289149140
12016091107192013106473067417904951650330162168
12016091107192014100575060817404341580276140136
12016091107192014103806066416005041640340166174
12016091107202014105795056114604151350280139141
12016091107202014105829057715504221460276139137
12016091107202014110026056014504151360279138141
12016091107212013100156067019704731700303154149
12016091107222013104702055315403991390260131129
12016091107232011102236074320705361880348175173
12016091107242012105696059414604481490299145154
12016091107242014102064064816504831590324161163
12016091107252012100529057515604191490270132138
12016091107272009105977058715804291560273145128
12016091107272011104456056816104071550252126126
12016091107272012102849061515804571550302148154
12016091107272012106365066217104911620329164165
12016091107282013104664073219405381730365183182
12016091107302013102883060115504461550291148143
12016091107302013102886060115404471560291147144
12016091107302014100582059415004441540290147143
12016091107302014104092064816604821620320160160
12016091107312010100356063317104621630299153146
12016091107332011105911066619704691720297151146
12016091107342013106449059215704351440291147144
12016091107352010102500059815204461470299149150
12016091107352012101438060416004441530291143148
12016091107352014101938069217905131780335169166
12016091107352014102217069218105111750336171165
12016091107352014102293061116304481520296148148
12016091107372011105539063716404731570316160156
12016091107382011104353057514904261410285137148
12016091107382014103190059114804431430300146154
12016091107392011105849059915704421560286147139
12016091107392013105929064716604811590322159163
12016091107402012104659059214904431470296144152
12016091107412012104082079821205862010385194191
12016091107452013102626057016604041390265134131
12016091107452014100595064118004611650296149147
12016091107452014101064065016604841740310156154
12016091107452014102722062517404511530298147151
12016091107452014104705064318204611650296149147
12016091107452014104927062517404511530298147151
12016091107462010110007065617204841630321159162
12016091107462014101649064416104831670316159157
12016091107462014109041064415904851680317158159
12016091107492014103184056015204081400268135133
12016091107502013104575065917704821670315159156
12016091107512012100781058516304221480274146128
12016091107512012103064057516604091470262137125
12016091107512012104772068618305031720331166165
12016091107522011106081065717304841650319158161
12016091107522013106317066417304911740317163154
12016091107522014100090059716204351590276142134
12016091107522014105779064716604811610320162158
12016091107522014105827064816704811610320160160
12016091107532012105282061715404631570306153153
12016091107532013104860079221405782040374190184
12016091107532014101058077619705792030376196180
12016091107532014102208061816304551530302147155
12016091107532014102403057915404251430282136146
12016091107532014103440063315904741610313151162
12016091107532014104612063015804721630309154155
12016091107532014104865063115704741640310149161
12016091107532014104926058015404261430283135148
12016091107542011101042069118405071710336167169
12016091107552012104706060115504461500296148148
12016091107552013104476060316504381390299140159
12016091107562011103681056516803971420255128127
12016091107562013105302066618704791640315159156
12016091107562013105822065018104691610308153155
12016091107562013106181066217404881660322165157
12016091107562014105271065417104831660317161156
12016091107562014105359067718704901730317160157
12016091107562014106168067718604911700321163158
12016091107562014106395056616903971410256128128
12016091107572008100267068716805191720347172175
12016091107582012103946066217204901580332167165
12016091107582014101649067418804861720314156158
12016091107582014109041067518704881720316157159
12016091107592011101915055915204071430264136128
12016091107592014102286066418904751750300150150
12016091107592014104390066619104751750300150150
12016091108002014103846065518104741720302150152
12016091108002014103879065518204731710302150152
12016091108012011101395058116104201460274134140
12016091108012012101462058115404271450282139143
12016091108012012104144056515404111430268134134
12016091108012012105425060516304421440298147151
12016091108012013102955057714404331480285147138
12016091108022013101034076720705601990361185176
12016091108042012101842081022805822040378198180
12016091108042013103043067218104911690322160162
12016091108052012105351059516204331520281139142
12016091108072008105592070320604971790318166152
12016091108072012103768072517905461950351180171
12016091108082014101344070418405201700350172178
12016091108082014105312067817904991710328167161
12016091108102013103604061717604411520289144145
12016091108112010101326057415504191420277135142
12016091108152011100511067417704971660331166165
12016091108152011103796067917405051720333160173
12016091108152013104979066916805011710330172158
12016091108152014103663059015404361460290142148
12016091108162014102643071118905221800342168174
12016091108192014103870074219105511790372181191
12016091108202013101558061817104471470300151149
12016091108212010104680060616104451470298152146
12016091108212013103234054114603951270268126142
12016091108222014105380068017805021710331165166
12016091108232012101646066818904791670312164148
12016091108242011103048077017805921800412199213
12016091108402013103621068818105071660341171170
