12016092603562010105027065919604631580305154151
12016092603562011105911053015503751330242120122
12016092603562013103403053415603781350243122121
12016092603572009100570052915003791330246123123
12016092603572010101569059315704361510285144141
12016092603572010104298056015704031450258132126
12016092603572012104645060415804461550291150141
12016092603572013102596062616704591570302149153
12016092603572013104369052714603811330248126122
12016092603572013105032052414903751290246121125
12016092603572013106141055215603961410255127128
12016092603572013106163064417204721490323161162
12016092603572014100108054015303871390248125123
12016092603572014100582055415903951430252128124
12016092603572014101122053915203871390248124124
12016092603572014102505054314903941370257127130
12016092603572014103454058217504071440263132131
12016092603572014103688066918504841630321159162
12016092603572014104515067017804921660326160166
12016092603572014106056054315703861400246125121
12016092603572014106436067318004931710322165157
12016092603572014110066055415204021410261129132
12016092603582009101516057716204151410274139135
12016092603582010102459062017204481520296151145
12016092603582011100297052813903891310258126132
12016092603582011104121054014703931350258128130
12016092603582011110010064616804781640314155159
12016092603582011110069054315003931410252129123
12016092603582012103980060616604401510289144145
12016092603582012104098056215504071460261132129
12016092603582012104604061017004401550285143142
12016092603582013100428054214703951360259129130
12016092603582013100482054315503881350253127126
12016092603582013100783054915503941430251129122
12016092603582013102295058315704261440282138144
12016092603582013102878072718905381830355178177
12016092603582013103133060215704451530292148144
12016092603582013103343052313803851290256124132
12016092603582013105267057215904131510262131131
12016092603582013105396054315503881380250126124
12016092603582013110071053014503851350250124126
12016092603582014102261057715504221520270141129
12016092603582014102613055516603891410248124124
12016092603582014102719070518805171780339178161
12016092603582014102878057115604151470268143125
12016092603582014104454068018404961780318166152
12016092603582014105258060816604421520290147143
12016092603582014105441057015404161490267135132
12016092603582014105834056815304151480267140127
12016092603592010104022066018004801710309160149
12016092603592010105904054915803911420249127122
12016092603592011101390052714603811320249124125
12016092603592011103862057816804101450265133132
12016092603592012100407060515804471590288146142
12016092603592012101974057316104121430269135134
12016092603592012103486058117204091350274133141
12016092603592012104438066218804741760298150148
12016092603592012104889055415104031360267132135
12016092603592013101207051814403741280246120126
12016092603592013103773054115203891350254127127
12016092603592013104135057816804101460264133131
12016092603592013104781055216503871420245124121
12016092603592013105341054215703851410244122122
12016092603592013105537062615804681600308157151
12016092603592013105652054715903881410247123124
12016092603592013105880054916503841400244123121
12016092603592013105999059515304421510291148143
12016092603592013106011058516404211420279141138
12016092603592014104424061716204551490306151155
12016092603592014104858054214703951360259129130
12016092603592014105518055315703961420254127127
12016092603592014105908059515504401500290147143
12016092603592014105915058915504341420292149143
12016092604002009106181058916804211510270136134
12016092604002010100109054715503921370255126129
12016092604002010103013057616504111490262136126
12016092604002010103870056216204001490251132119
12016092604002011103956065017704731670306156150
12016092604002011104326061116204491460303146157
12016092604002011106466058116004211540267134133
12016092604002012100276053414703871360251124127
12016092604002012103356056615504111520259136123
12016092604002012104335053515203831340249121128
12016092604002012110095062017804421560286144142
12016092604002013104829060316704361480288145143
12016092604002013105214065319504581660292146146
12016092604002013105302069018305071730334171163
12016092604002013106181064217604661730293154139
12016092604002013106275055014204081450263134129
12016092604002014100247060016104391500289143146
12016092604002014100535058016204181480270135135
12016092604002014103403063116704641570307152155
12016092604002014104748055115303981400258126132
12016092604002014105359070320904941850309164145
12016092604002014105436059016104291480281141140
12016092604002014105850062317104521590293149144
12016092604002014106047058516504201520268135133
12016092604002014106110062317504481560292147145
12016092604002014109006054415503891340255124131
12016092604012009103816059115504361410295142153
12016092604012009105834057215604161420274137137
12016092604012012103929054314603971420255131124
12016092604012012103942057117004011460255131124
12016092604012012104806058415604281450283142141
12016092604012012104981060216704351470288144144
12016092604012012106007054714404031450258130128
12016092604012013100383055315204011460255132123
12016092604012013104248057616104151520263135128
12016092604012013104334057415704171440273137136
12016092604012013105560058216204201480272138134
12016092604012014100592058115904221480274138136
12016092604012014103850056415404101510259131128
12016092604012014104389054615303931370256130126
12016092604012014106137055915504041500254134120
12016092604012014109040062416304611580303152151
12016092604022010101930061916704521510301146155
12016092604022012103286060416904351580277139138
12016092604022012103704068219604861650321163158
12016092604022012104105060515404511510300149151
12016092604022012104194062416704571630294149145
12016092604022012104392058715104361450291138153
12016092604022013103082056116503961500246123123
12016092604022014100161060615504511600291146145
12016092604022014100514061516504501590291145146
12016092604022014100611059815904391500289146143
12016092604022014100827063116404671550312152160
12016092604022014101662059615704391510288145143
12016092604022014102201062516504601520308149159
12016092604022014103795065617304831660317166151
12016092604022014103828060015604441530291145146
12016092604022014105660060415904451530292145147
12016092604022014105837062116304581490309151158
12016092604022014110068060715804491480301149152
12016092604032010105118059616004361530283145138
12016092604032011104148066316804951680327162165
12016092604032013100315064016404761590317157160
12016092604032013104774058917104181470271134137
12016092604032014109176061619304231650258131127
12016092604042011105322065417604781590319153166
12016092604042012104220067218404881660322159163
12016092604042013100364065117104801640316156160
12016092604042013101023059815904391510288142146
12016092604042013101145060716204451480297150147
12016092604042014100870081321505982040394206188
12016092604042014101669059514904461430303146157
12016092604042014102538059414804461440302147155
12016092604042014103891059916204371500287143144
12016092604042014105325060216104411500291145146
12016092604042014106014066617504911680323159164
12016092604052011100018068818805001740326162164
12016092604052012104044059715704401500290149141
12016092604052012105360068517005151650350177173
12016092604052012105587056914904201460274143131
12016092604052012106437060315904441520292149143
12016092604052013100348052813803901350255128127
12016092604052013103135053113903921360256127129
12016092604052013106186064616504811540327157170
12016092604052014100338070417205321690363178185
12016092604052014100613064817204761590317163154
12016092604052014102255052413903851330252123129
12016092604052014102721062916804611600301152149
12016092604052014103646052013903811330248122126
12016092604052014103869058915804311440287145142
12016092604052014105088062816604621600302153149
12016092604052014105321058815904291430286145141
12016092604052014105584059615704391490290149141
12016092604052014106289062716404631510312155157
12016092604062008100267053714703901350255125130
12016092604062010101020058815104371530284144140
12016092604062010101834070218305191760343171172
12016092604062013100586059015904311550276147129
12016092604062013101296053815203861350251122129
12016092604062013101838057815804201450275134141
12016092604062013101999060215904431470296150146
12016092604062013104508059416104331560277147130
12016092604062013105437054915203971380259127132
12016092604062014102149057315804151420273134139
12016092604062014102162060716204451530292147145
12016092604062014103532057115704141410273134139
12016092604062014104514056215404081430265131134
12016092604062014105081068818005081740334172162
12016092604062014106290056415504091430266131135
12016092604072013100779069418805061690337171166
12016092604072013101828062817404541630291145146
12016092604072013103530066919104781650313157156
12016092604072013106072066419304711730298157141
12016092604072014101147066117004911620329159170
12016092604072014101957066217304891590330160170
12016092604072014102336069919205071710336175161
12016092604072014103000058117104101470263135128
12016092604072014103288056615004161550261136125
12016092604072014103577058716404231580265139126
12016092604072014104127058716404231580265139126
12016092604072014104249061515704581540304152152
12016092604072014104344067417305011750326169157
12016092604082013102856068317305101730337169168
12016092604082014103799076019105691880381188193
12016092604082014104351056016004001420258132126
12016092604082014106501068118005011710330166164
12016092604092008104835072820505231870336176160
12016092604092013106112062216804541590295146149
12016092604092014100128061516604491540295149146
12016092604102010109051066617404921690323164159
12016092604102012104112083723106062080398200198
12016092604102012105506072519005351870348178170
12016092604102013101737060016304371520285145140
12016092604102013102878063116504661620304151153
12016092604102013103498056816104071470260130130
12016092604102014100422064416304811500331168163
12016092604102014100813075419305611870374185189
12016092604102014101319077521105642000364191173
12016092604102014103021076722105461950351178173
12016092604102014103326068918705021680334172162
12016092604102014104081068819204961660330168162
12016092604112009106246070118805131850328163165
12016092604112011100497056616703991410258128130
12016092604112013100547059415604381550283143140
12016092604112013104970059415804361500286145141
12016092604112014100518077021605541940360187173
12016092604112014101346067718204951630332161171
12016092604112014103047057614904271400287147140
12016092604112014103586059815704411510290143147
12016092604112014103808062215704651530312154158
12016092604112014105121058716004271430284143141
12016092604112014109096077021305571950362188174
12016092604122010101505063317704561620294149145
12016092604122012105581068918605031760327166161
12016092604122013100546068218105011700331163168
12016092604122013102273060316704361510285143142
12016092604122013102766058717504121520260132128
12016092604122013106329068118504961740322166156
12016092604122014100595070318205211670354177177
12016092604122014101541057215604161460270137133
12016092604122014102722070918705221730349174175
12016092604122014103842067617904971650332167165
12016092604122014104198068720804791780301153148
12016092604122014105789057615804181460272139133
12016092604132011100329064216704751610314156158
12016092604132011103610058215004321420290147143
12016092604132013100904068117805031710332166166
12016092604132013101731062417204521470305160145
12016092604132013102181072719905281780350181169
12016092604132013104138065817604821660316156160
12016092604132014102979060216504371550282150132
12016092604132014103208062716504621560306153153
12016092604132014110082064616704791640315158157
12016092604142013100675059316204311470284144140
12016092604142013103490062817004581560302147155
12016092604142014101575057214504271410286148138
12016092604142014103560060916104481550293147146
12016092604142014103669067117704941690325165160
12016092604142014104076056814104271390288148140
12016092604142014104329061116204491560293146147
12016092604142014105871068216205201670353171182
12016092604152012100657067419004841660318156162
12016092604152012101348067218104911630328159169
12016092604152012102856058515904261540272141131
12016092604152012105588068918605031660337167170
12016092604152014101993068118005011740327164163
12016092604152014110009072619905271800347175172
12016092604162013100411060516204431560287151136
12016092604172010110064067018504851650320155165
12016092604172011105050067718004971720325166159
12016092604172012106262071217405381730365185180
12016092604172013103758068318005031740329166163
12016092604172014103978065416404901620328162166
12016092604172014104381066818104871690318161157
12016092604172014109041073019605341830351176175
12016092604182008101936066718704801540326159167
12016092604182009101968057816104171540263137126
12016092604182011105889059415504391490290146144
12016092604182014100094066516405011680333166167
12016092604182014101929068818105071800327170157
12016092604182014105201068818105071810326170156
12016092604192009100976061116504461490297152145
12016092604192011100964063017104591590300150150
12016092604192012104534065417704771650312154158
12016092604192014100883074220305391850354175179
12016092604192014103601074220205401850355176179
12016092604192014105800074319005531850368179189
12016092604202012110091068517005151730342172170
12016092604202013105906069518505101770333169164
12016092604202013110103067616805081690339166173
12016092604202014105833065016604841630321164157
12016092604202014106395075420405501970353185168
12016092604212012101393072220405181790339171168
12016092604212013100677065218204701600310151159
12016092604212013102631057916404151460269131138
12016092604212013104849063315904741660308159149
12016092604212014101291055415304011440257130127
12016092604212014102968071621005061790327164163
12016092604212014103473056215304091380271133138
12016092604212014104134060716204451570288145143
12016092604212014104178056215404081380270132138
12016092604212014104304058314704361460290143147
12016092604212014104636072720505221870335171164
12016092604212014105192057815704211530268138130
12016092604222011105000056115404071410266135131
12016092604222012102477069317405191710348167181
12016092604222013101476065215504971530344175169
12016092604222013101678069518805071750332167165
12016092604222013101887070818905191760343171172
12016092604222014100363061715404631570306155151
12016092604222014100591061015904511510300147153
12016092604222014101004069618405121780334167167
12016092604222014101497059216204301500280139141
12016092604222014102291062416304611570304152152
12016092604222014103231071218905231760347177170
12016092604222014104950058816204261500276140136
12016092604222014106424071519005251770348177171
12016092604232009100623071920105181770341170171
12016092604232012100582066718304841670317157160
12016092604232012100911065017504751620313152161
12016092604232012102740069417605181710347172175
12016092604232012105498068718605011720329163166
12016092604232013104285070019205081780330160170
12016092604232013104991056315204111420269135134
12016092604232013106051063116104701610309151158
12016092604232014102453070519305121760336170166
12016092604232014103263066318204811570324158166
12016092604232014105216069417905151740341170171
12016092604242009103431069416705271760351171180
12016092604242010100540058514804371440293152141
12016092604242011104094084623106152240391204187
12016092604242013101836058615104351450290142148
12016092604242013102819061216804441550289144145
12016092604252011104950056415404101400270136134
12016092604252012104943058416004241450279138141
12016092604252013106127057716104161430273135138
12016092604252014100597057415004241420282142140
12016092604252014104587066017804821770305154151
12016092604252014106021069918505141770337166171
12016092604262010104042066018204781690309160149
12016092604262013101203064517604691570312158154
12016092604262013110039078620805781950383192191
12016092604262014100090065116104901650325163162
12016092604262014101514062917204571600297151146
12016092604262014101764070519105141780336170166
12016092604262014103386077019305771940383191192
12016092604262014106371063217504571600297151146
12016092604272012101842069917505241780346172174
12016092604272012105519066217504871620325160165
12016092604272013103167059215304391500289149140
12016092604272014101485061315404591520307151156
12016092604272014102415068317905041720332168164
12016092604272014103933067917205071710336168168
12016092604272014105380068318205011740327160167
12016092604272014105382070319005131760337170167
12016092604282011104124074919605531890364183181
12016092604282013105582063616704691590310154156
12016092604282014100464059116204291510278139139
12016092604282014103157059116304281500278140138
12016092604302011105580068218504971780319164155
12016092604302014100739075019405561920364181183
12016092604302014106272074220105411840357180177
12016092604302014106448075219505571910366182184
12016092604322011103884062017604441560288145143
12016092604322012101505057715404231490274137137
12016092604322012102028057815304251470278138140
12016092604322013100705000000000000000000000000
12016092604322013104161057216004121460266132134
12016092604322013105270063716704701620308157151
12016092604322013106033060717404331560277142135
12016092604322014110026065816504931520341165176
12016092604332010104432057515904161500266134132
12016092604332011106065061415804561550301154147
12016092604332013102427057315604171370280139141
12016092604332013103749061117404371550282141141
12016092604342012104406053714703901310259129130
12016092604342013105551053614503911340257126131
12016092604342014104339070420005041860318162156
12016092604362013104702068718705001760324169155
12016092604362014109044067018204881690319159160
12016092604372010104044057214804241420282140142
12016092604392011101588071022804821780304159145
12016092604402011100582056415304111490262137125
12016092604412011100511056315104121460266134132
12016092604412011103796057515504201430277140137
12016092604412013103671063416804661550311160151
12016092604412013104955057516104141470267135132
12016092604412014101917063916204771580319157162
12016092604412014104735058115704241550269138131
12016092604412014106177059515104441510293147146
12016092604422014103798065919504641690295150145
12016092604432012100590058315504281450283146137
12016092604432012101809069322404691720297150147
12016092604432012104659060116904321540278144134
12016092604432014103492059416804261530273142131
12016092604442010102630066919204771700307153154
12016092604442011101395060017004301500280144136
12016092604442011106081060415904451450300144156
12016092604442012104655059515704381480290144146
12016092604442013106162058614404421440298147151
12016092604442013110048059815704411480293144149
12016092604442014100489061516704481540294145149
12016092604442014101228060315804451500295147148
12016092604442014101960060515804471490298143155
12016092604442014103574062216704551550300146154
12016092604452011101138071620505111830328170158
12016092604462014102997068018005001700330165165
12016092604472014101357074820705411910350181169
12016092604482012100600057215904131430270137133
12016092604482014100620060516904361470289141148
12016092604482014100961075019105591870372185187
12016092604482014110106059116704241420282145137
12016092604482014110108059817004281430285140145
12016092604492010104680073519205431880355187168
12016092604492012101477059916504341470287144143
12016092604492012104153054414903951410254130124
12016092604492013100624058615604301520278142136
12016092604492013106107078222805541940360180180
12016092604492014104280078722405631970366183183
12016092604492014104449071917805411950346182164
12016092604492014106234060616404421500292143149
12016092604502013103823070318805151780337172165
12016092604502014101938059916404351460289144145
12016092604502014102217060016304371450292146146
12016092604512014102911058115504261460280140140
12016092604522013105240055015803921370255125130
12016092604522014103091066317504881700318166152
12016092604532011105890085922006392170422208214
12016092604532013102879077823805401940346176170
12016092604542011101882081921506042300374188186
12016092604542011103635057316404091470262128134
12016092604542011104344079122405672100357188169
12016092604542011104470083925905802250355188167
12016092604542011104665056114704141410273130143
12016092604542012103476083024305872280359190169
12016092604542012104104079923205672160351188163
12016092604542013101765081023205782110367188179
12016092604542013102997078722205652110354186168
12016092604542013105677079423505592070352181171
12016092604542013106218081123405772070370190180
12016092604542014104034083225705752270348185163
12016092604542014106417062517404511590292145147
12016092604552011102525068018404961720324166158
12016092604552012103182065716804891720317162155
12016092604552012110021085727805791980381193188
12016092604552014102148058815904291520277140137
12016092604552014102198060816604421450297146151
12016092604552014103558060917104381440294146148
12016092604552014104023058717104161500266134132
12016092604562012103119065919504641640300150150
12016092604562014101454073620105351940341176165
12016092604562014104875074319905441870357179178
12016092604572013103003067118204891680321163158
12016092604572014102918073318705461830363185178
12016092604572014104335074519605491850364182182
12016092604572014104589064318104621670295145150
12016092604582012102486056815604121430269133136
12016092604582012104882057115204191450274135139
12016092604582013105670058617304131450268132136
12016092604582014100169067017704931660327164163
12016092604582014101156066917904901610329164165
12016092604582014105783057415204221440278136142
12016092604592014100734067018304871650322163159
12016092604592014105197060416304411460295145150
12016092605002010101161081923305862030383193190
12016092605002011101042060415804461590287146141
12016092605002012101483059016004301470283140143
12016092605002014102019066117404871610326176150
12016092605002014103507070017605241640360177183
12016092605002014105794060515604491530296152144
12016092605012011102051071819405241790345173172
12016092605012012105612064316504781650313156157
12016092605012013103668075120405471890358182176
12016092605012013105929068817905091700339170169
12016092605012014103319072619105351830352175177
12016092605022011105806070819505131790334166168
12016092605022012100690069819205061760330159171
12016092605022012103478058317504081480260132128
12016092605022014101668056916004091420267133134
12016092605022014102195069318705061790327169158
12016092605022014106158068318105021740328170158
12016092605032013100057060817204361590277140137
12016092605032013104102068317405091730336169167
12016092605032014102293067716305141600354168186
12016092605032014105058062216804541530301150151
12016092605042013102280063917304661580308154154
12016092605042014105092062517104541590295146149
12016092605052011103385064816604821620320158162
12016092605052011106086054413204121290283132151
12016092605052012104128052413103931290264130134
12016092605052013106118067417904951690326161165
12016092605062009106035068619304931750318164154
12016092605062009106315060016404361440292144148
12016092605062010101326076820005681860382191191
12016092605062012105326061916004591550304152152
12016092605062013105811076120705541830371185186
12016092605062014102694061515704581540304152152
12016092605062014110114063717004671580309154155
12016092605072011101877062016804521530299146153
12016092605072014103224061416804461510295151144
12016092605072014106179074822405241890335168167
12016092605082013100405069616405321670365174191
12016092605082013104977067217404981750323164159
12016092605082014103596069416305311640367178189
12016092605082014105654068217005121690343172171
12016092605092011100636070719805091800329164165
12016092605092013103189077720905681880380189191
12016092605102013106447066717304941740320160160
12016092605112014104937064716604811580323156167
12016092605112014109047068517205131760337169168
12016092605122012100777079119705941990395201194
12016092605122012101890080022405762090367191176
12016092605122013104793067516805071660341169172
12016092605122013105893070519005151760339168171
12016092605122014101118076219105711800391200191
12016092605122014101614066714905181550363174189
12016092605132014102522073818005581880370186184
12016092605142013103391062416804561640292146146
12016092605142013104326058117704041550249128121
12016092605142014103631061518304321590273132141
12016092605142014104603060318204211600261128133
12016092605152013103900059416604281530275136139
12016092605152014102627059115604351540281138143
12016092605152014105120066117104901710319162157
12016092605162014101044064417504691610308154154
12016092605172012103296059016104291460283133150
12016092605172014104353069618905071730334166168
12016092605192011103673066617104951660329161168
12016092605192013106403058215404281490279142137
12016092605192014103873060315904441490295146149
12016092605192014104940077221405581870371187184
12016092605192014105214072818805401870353176177
12016092605192014105312071520405111760335168167
12016092605192014105542073819605421820360179181
12016092605192014105830070218905131800333170163
12016092605202012105358070218605161690347173174
12016092605202013102157066519004751620313154159
12016092605222010101475055714604111380273134139
12016092605222012101248057615804181490269135134
12016092605222012105956067017904911680323163160
12016092605222013105720065518404711710300150150
12016092605222014102060072818805401860354177177
12016092605222014105118073019705331790354183171
12016092605232011105077052514303821320250122128
12016092605232014103902070718405231760347176171
12016092605242011101389061816104571560301154147
12016092605242013105919057715904181490269133136
12016092605242014104759062316704561560300149151
12016092605252011104994061115504561560300151149
12016092605252013103772058715904281430285139146
12016092605252014100580069818605121780334168166
12016092605252014101129055915204071500257127130
12016092605252014102530056915504141370277137140
12016092605252014103399057115504161390277136141
12016092605252014103552055715204051490256128128
12016092605252014103896057515404211460275138137
12016092605262012105400059615204441460298148150
12016092605272010105824057415504191410278140138
12016092605272013100339059416104331580275141134
12016092605272013105476058417804061570249122127
12016092605272014105681072618205441810363183180
12016092605282013100419057716304141540260134126
12016092605282013105521061216704451550290144146
12016092605282013105963061316704461550291145146
12016092605292009101598066117404871680319162157
12016092605292009106109062415704671570310152158
12016092605292014105687060917704321600272147125
12016092605302011101909069318605071770330167163
12016092605302011103858064217004721710301151150
12016092605302012101757060815504531530300147153
12016092605302012106056058615704291530276137139
12016092605302013104365062216704551570298155143
12016092605302013105631068218804941780316160156
12016092605302014104024059415504391460293140153
12016092605312014102158072018505351820353178175
12016092605322012101515066018304771670310152158
12016092605322013105648058815004381540284142142
12016092605322014102215058615504311510280141139
12016092605322014110080058715504321520280141139
12016092605342013105917066617004961620334165169
12016092605412008101718067117704941700324163161
12016092605442012101435059116704241560268146122
12016092605442014103514069718805091770332163169
12016092605472009100921056515404111460265133132
12016092605472010200007067917305061720334169165
12016092605472012105931057014904211440277137140
12016092605472013104825077119305781950383193190
12016092605472013106438071018205281730355173182
12016092605472014101322068916805211770344175169
12016092605482011101542079921605832050378192186
12016092605482012103663067717904981660332166166
12016092605482014100671055414704071420265130135
12016092605482014100795055514704081420266129137
12016092605482014102757074619805481730375185190
12016092605482014109149076418305811940387194193
12016092605502014100143066119404671810286150136
12016092605502014103247061715304641560308153155
12016092605502014104170069418705071710336167169
12016092605502014104309059815304451510294148146
12016092605502014104955059715304441510293148145
12016092605512013102362077618805881960392196196
12016092605512014100499078921405752030372186186
12016092605512014105630078721405732030370186184
12016092605522013100900077220605661930373190183
12016092605532013105015056914804211460275140135
12016092605532013106258057415104231550268140128
12016092605542012101375061515804571550302150152
12016092605542013102205061215704551550300154146
12016092605542014102689063516604691570312163149
12016092605542014104139065518404711650306154152
12016092605552011102464062316604571580299146153
12016092605552012103026057916704121390273136137
12016092605552014102389067317404991740325163162
12016092605552014102477068417505091700339165174
12016092605552014104958061016604441590285142143
12016092605562013101791060916104481530295146149
12016092605582014102497077220105711870384195189
12016092605582014103709060115804431480295143152
12016092605592011101273061217404381600278144134
12016092606002011102236059216004321510281139142
12016092606002012106023060616004461490297152145
12016092606002014101535070719705101760334170164
12016092606012011103837076021205481970351180171
12016092606012013100354076222705351890346177169
12016092606012013102307075021605341860348179169
12016092606012013110036074920105481870361185176
12016092606012014103309074821505331860347174173
12016092606012014105873077422805461960350178172
12016092606012014106130074520705381850353176177
12016092606022011101337070219105111780333169164
12016092606032011101782069419405001540346176170
12016092606032012103494059016304271450282148134
12016092606032014100545071519305221850337172165
12016092606032014103265059314904441480296147149
12016092606032014103535067416305111790332167165
12016092606032014103564071919705221840338173165
12016092606042011104500074420705371790358175183
12016092606042013104782064617604701680302148154
12016092606042013110013059016104291530276145131
12016092606042014105941065916704921700322159163
12016092606082012105282069118305081730335167168
12016092606082014101009066817604921730319162157
12016092606092011103775074920705421920350178172
12016092606092014105073073619905371880349175174
12016092606102014101358067317404991670332166166
12016092606102014103515067516005151690346173173
12016092606102014105093066216804941650329163166
12016092606112009105009056415504091470262132130
12016092606112010104033058815304351480287142145
12016092606112013101795056115304081410267134133
12016092606122013102360064116504761570319158161
12016092606122014100656069918305161700346172174
12016092606122014102025059415204421530289147142
12016092606132012101673068417405101720338170168
12016092606132014100609068618804981750323162161
12016092606132014103013056213404281460282140142
12016092606152011103837059817004281590269140129
12016092606152013100354059816804301540276141135
12016092606152013102307056715704101470263133130
12016092606152013103950058716804191510268135133
12016092606152013110036059716804291530276141135
12016092606152014100445061016504451540291148143
12016092606152014103309058816804201530267135132
12016092606152014106130056815904091450264134130
12016092606162014101804062918404451650280146134
12016092606162014103622079320005932050388193195
12016092606172013100156067719504821740308153155
12016092606182012106378071118505261780348173175
12016092606202013102192067617605001670333166167
12016092606202014100986062515804671570310154156
12016092606212013106062069419405001770323166157
12016092606212013110063054615203941360258126132
12016092606212014106101068618105051760329166163
12016092606222009102372064016604741590315157158
12016092606222011102166073620005361840352175177
12016092606222012103768074919705521920360182178
12016092606222013101748072319005331790354179175
12016092606222014100841057615604201430277137140
12016092606222014100876069817405241750349175174
12016092606222014100981071619305231840339175164
12016092606222014101585076120805531930360180180
12016092606222014103035057815604221450277136141
12016092606222014103387068118404971710326168158
12016092606222014104595071519105241830341176165
12016092606232010104031064817504731600313153160
12016092606232010106326058615104351520283142141
12016092606232011103775064217304691640305154151
12016092606232014100910060117104301470283137146
12016092606232014103038071018205281810347174173
12016092606232014104369070718005271810346174172
12016092606232014104669060217304291460283137146
12016092606242010104297070118805131760337169168
12016092606242010106550059016004301540276140136
12016092606242013101040069918205171780339170169
12016092606242014101226062716204651560309154155
12016092606242014104445067518104941700324159165
12016092606252012100289057916304161460270134136
12016092606262013104475076121105501990351178173
12016092606262014102555077919905802080372189183
12016092606262014102733076620005661990367187180
12016092606272009102591057216304091450264131133
12016092606282013102626073120405271920335174161
12016092606282014101064074419905451920353179174
12016092606282014101915055814704111400271133138
12016092606282014104149056515204131460267133134
12016092606282014104705073119505361830353178175
12016092606282014105646056515204131460267133134
12016092606292012101504069417805161700346175171
12016092606292013105554057315904141440270133137
12016092606292014102892070117205291760353177176
12016092606302013103903075421605381750363176187
12016092606302013105977057716104161400276130146
12016092606312012100854067716205151680347167180
12016092606312012103410064816804801630317159158
12016092606312012104853057615804181410277134143
12016092606312013100499068417905051700335164171
12016092606312013101710059216204301480282144138
12016092606312013102178068417505091720337172165
12016092606312014103561068818305051750330167163
12016092606312014104051068316605171680349167182
12016092606322012104488060217204301600270137133
12016092606322012105613068719204951760319164155
12016092606322012110038055914904101370273132141
12016092606322013105979060317304301610269137132
12016092606322014100515066117404871720315159156
12016092606322014101987067318204911710320165155
12016092606322014102795066117904821710311156155
12016092606322014103321062917004591570302154148
12016092606322014105799066217404881720316160156
12016092606332010102597061716304541550299150149
12016092606332011105960075621305431930350179171
12016092606332011106574069019504951770318163155
12016092606332012104583068517605091830326173153
12016092606332013105479078521105741960378191187
12016092606332014106519075020705431930350179171
12016092606522011103572063517104641610303153150
12016092606522011103894059517804171550262135127
12016092606522011105223054415303911440247125122
12016092606522012102200059917404251490276137139
12016092606522014101376062915904701660304153151
12016092606522014104150060717204351550280142138
12016092606532009100583055616103951300265125140
12016092606532009100667057015404161430273135138
12016092606532009103736057315204211490272138134
12016092606532011101532057515004251480277141136
12016092606532012103479055914804111390272137135
12016092606532012104614056415604081460262133129
12016092606532013101076053614603901390251125126
12016092606532013102065059916604331520281142139
12016092606532013103050053914403951300265126139
12016092606532013103521057314904241410283141142
12016092606532013103957053414703871370250125125
12016092606532013104960059115504361480288142146
12016092606532013106191057416104131460267135132
12016092606532013106322057415304211500271138133
12016092606532014100510067517704981690329163166
12016092606532014100607057215004221480274138136
12016092606532014101477058215204301490281140141
12016092606532014102639056715004171450272141131
12016092606532014105072053814703911280263126137
12016092606532014105692057315004231480275139136
12016092606532014105720058315304301480282140142
12016092606532014106020058715604311440287140147
12016092606532014106191055414604081420266133133
12016092606542011100552056315504081450263130133
12016092606542011102225057515004251480277136141
12016092606542011103569057314304301460284140144
12016092606542011104182057515904161450271140131
12016092606542011105350054215203901390251124127
12016092606542012100854058015104291450284141143
12016092606542012105830056815804101400270138132
12016092606542012106220058616304231470276136140
12016092606542013102460058214904331430290145145
12016092606542013102895057515404211450276135141
12016092606542013103292053714503921400252124128
12016092606542013103370053415103831400243122121
12016092606542013105223059315404391480291143148
12016092606542013106093056715704101490261132129
12016092606542014104794059116004311500281141140
12016092606542014104968058416004241490275141134
12016092606542014105020061315404591560303153150
12016092606542014106225056115804031410262130132
12016092606542014110062059715204451510294149145
12016092606552008100175057715304241470277137140
12016092606552010101714057515804171440273135138
12016092606552010104985054215403881340254126128
12016092606552011102290057415704171450272140132
12016092606552011103758063516004751670308148160
12016092606552012101351063817504631590304154150
12016092606552012101902058014804321520280144136
12016092606552012103827057115004211450276136140
12016092606552012105839063217504571590298150148
12016092606552013100367063017104591540305154151
12016092606552013102058057715004271450282137145
12016092606552013103344059015904311450286137149
12016092606552013104011062616604601610299148151
12016092606552014100346056316104021430259130129
12016092606552014100381058515504301470283139144
12016092606552014101167056815704111440267135132
12016092606552014101336058114304381430295142153
12016092606552014102290059815904391510288145143
12016092606552014102343057714904281480280141139
12016092606552014103242058014104391440295142153
12016092606552014103392055915804011390262132130
12016092606552014103519056414804161380278136142
12016092606552014104437055915204071500257130127
12016092606552014105360055915104081510257129128
12016092606552014105520065017104791670312163149
12016092606552014106114056315004131360277137140
12016092606552014106198056415004141360278138140
12016092606552014110059066317504881750313155158
12016092606562008110131060315804451480297143154
12016092606562009104366058315104321510281138143
12016092606562011103009063316504681650303159144
12016092606562011103958066418104831680315163152
12016092606562012100560057114704241420282139143
12016092606562012103426057415304211440277137140
12016092606562012103508059515204431540289140149
12016092606562012104735058415904251450280139141
12016092606562012104746059015004401460294146148
12016092606562013101558067218004921550337169168
12016092606562013104246060415204521540298150148
12016092606562013105114055514904061420264131133
12016092606562013105588058215504271460281139142
12016092606562013110109050013303671210246117129
12016092606562014100131065017004801640316158158
12016092606562014101149061115904521540298147151
12016092606562014102681052914403851330252125127
12016092606562014103897058714904381450293143150
12016092606562014104031058815104371510286141145
12016092606562014104393058814804401470293143150
12016092606562014104805059415804361480288140148
12016092606562014104855059815304451550290142148
12016092606562014105969058715404331510282137145
12016092606562014105981064216004821620320159161
12016092606562014110087059614304531510302144158
12016092606572009104946053813704011360265130135
12016092606572009106351059215704351500285140145
12016092606572010100328061218104311690262132130
12016092606572010100698057915004291450284140144
12016092606572012100245055115203991420257128129
12016092606572013100554068618804981710327165162
12016092606572013103217057215204201490271137134
12016092606572014100362064716404831600323162161
12016092606572014100596065517104841610323159164
12016092606572014101649066818604821650317160157
12016092606572014103161059615104451520293150143
12016092606572014103183063915804811600321161160
12016092606572014104500060616104451550290151139
12016092606572014104771067018604841630321161160
12016092606572014105983058615904271500277138139
12016092606572014106075062316204611530308153155
12016092606572014106199061016404461510295151144
12016092606572014106365059415404401480292142150
12016092606572014110032068817505131670346172174
12016092606582011101468067218604861700316160156
12016092606582012100662070520005051810324163161
12016092606582012102956063117004611630298155143
12016092606582012104376069118205091720337171166
12016092606582013104436056915504141480266139127
12016092606582013105645068417805061770329167162
12016092606582014100524065617804781660312154158
12016092606582014101007078018905911970394196198
12016092606582014101020066717704901620328164164
12016092606582014103245068518804971740323186137
12016092606582014105278065817804801670313154159
12016092606582014105716069818705111700341167174
12016092606592010103963058915704321490283140143
12016092606592011101479067718304941720322163159
12016092606592012100358067818004981690329169160
12016092606592012100494065817404841600324157167
12016092606592013103161073319905341820352175177
12016092606592014103041061815904591520307153154
12016092606592014103414061216504471580289145144
12016092606592014105338061517604391500289144145
12016092606592014105952066217204901670323165158
12016092606592014106210066217004921640328164164
12016092607002008104467058517304121510261133128
12016092607002010104297053513603991360263128135
12016092607002011103111058715004371450292140152
12016092607002011103176064917304761600316156160
12016092607002011104377063616804681580310157153
12016092607002012103951057615304231560267136131
12016092607002013102876059914804511510300149151
12016092607002013104055058014004401410299147152
12016092607002013104461067318104921700322160162
12016092607002014100519057514904261470279139140
12016092607002014101977075119605551890366185181
12016092607002014103002067717904981630335162173
12016092607002014104646057915304261480278138140
12016092607002014104749074419305511870364187177
12016092607002014105365066116204991710328168160
12016092607002014105685075119505561890367186181
12016092607002014105772067217005021700332164168
12016092607012010100338075019905511940357182175
12016092607012010102857059617104251560269137132
12016092607012012104401059916704321530279141138
12016092607012014100573069620104951790316160156
12016092607012014103462069620004961800316160156
12016092607012014105638058915604331520281139142
12016092607022010104396055515104041380266134132
12016092607022011110003065618904671610306153153
12016092607022012101502070418705171830334170164
12016092607022014103650072519105341950339174165
12016092607032012101961067418304911700321161160
12016092607032013104535055215803941450249125124
12016092607032013105802057016004101490261135126
12016092607032014102208053614703891410248125123
12016092607032014103752069117105201710349180169
12016092607032014109008055315304001440256130126
12016092607042012103207057815604221540268141127
12016092607042014102834064016304771620315155160
12016092607042014103177057415804161470269137132
12016092607042014104080062816504631590304150154
12016092607052011101819070018505151660349175174
12016092607052011106585060516004451490296146150
12016092607052014102860075220305491900359178181
12016092607052014106065068017605041770327170157
12016092607062012104082078220505772000377192185
12016092607062012104493066017604841620322156166
12016092607062012105795061416404501530297145152
12016092607062013105247066618004861660320151169
12016092607062013110043055615404021450257132125
12016092607062014102989055515404011460255132123
12016092607072012103997054414903951390256128128
12016092607072012105033066916405051710334167167
12016092607082014100131072317505481770371184187
12016092607082014101193064817304751610314154160
12016092607082014102710063317404591690290144146
12016092607082014103034068217505071680339165174
12016092607092009100610061516404511470304151153
12016092607092012105606068316705161760340170170
12016092607092013104251058815104371500287141146
12016092607092014100831072519205331880345174171
12016092607092014103184070618205241740350173177
12016092607102014101632063216904631520311155156
12016092607112011104232076519305721910381185196
12016092607112014105543076619605701950375186189
12016092607132012101184058315604271510276140136
12016092607142012105431061915304661460320160160
12016092607142014102121056315604071480259134125
12016092607172010105554058915504341480286139147
12016092607172012100208055315204011410260129131
12016092607172014102157058414804361490287143144
12016092607172014102286057615104251450280134146
12016092607172014103846057715204251450280134146
12016092607172014104390058414704371510286142144
12016092607172014104562070517405311760355182173
12016092607182011100740056515404111380273134139
12016092607182013100017060315504481580290144146
12016092607182013103564057815904191410278134144
12016092607182013106007061916204571630294150144
12016092607182014100127068018804921730319156163
12016092607182014102199066717504921730319166153
12016092607182014103421067617305031690334163171
12016092607182014103825064516904761610315155160
12016092607182014103879060415604481570291145146
12016092607182014106411068019004901710319156163
12016092607192009100598056415404101370273132141
12016092607192013103049058016204181440274133141
12016092607192014100273066717204951620333164169
12016092607192014103732068817305151660349174175
12016092607192014105305067516605091700339167172
12016092607202011104456059715804391510288145143
12016092607202012106052061516304521560296148148
12016092607202013106154063316704661600306156150
12016092607212014100126059217504171670250127123
12016092607212014100784062916704621640298151147
12016092607212014102502060017504251710254130124
12016092607212014104410068217905031700333162171
12016092607212014105125059317704161660250128122
12016092607222013104407066817004981620336168168
12016092607222014102088069417805161730343170173
12016092607232011104232057315104221440278136142
12016092607232013101666058014304371490288141147
12016092607232014100448057614304331490284144140
12016092607232014101164069218505071650342161181
12016092607232014103864067417804961670329159170
12016092607232014105157067417405001670333162171
12016092607232014105543057715304241450279137142
12016092607232014106052057714404331480285145140
12016092607242011110044063015404761520324155169
12016092607242014101257066617304931670326164162
12016092607252011103704069018105091770332163169
12016092607252014100508070819505131720341169172
12016092607252014103134070418305211750346173173
12016092607252014106485072018105391760363175188
12016092607262012104783069317405191690350173177
12016092607262012104923068217205101700340165175
12016092607262014105970060115704441510293143150
12016092607262014106010060515204531550298147151
12016092607272010100978065616404921620330160170
12016092607272010102884063017604541620292149143
12016092607272014102868067017804921590333166167
12016092607272014103806069417805161780338165173
12016092607282014103603066015605041680336165171
12016092607282014103605061615704591600299148151
12016092607282014106260061615904571590298148150
12016092607292014102653068619404921660326168158
12016092607302011110074060116604351510284143141
12016092607302014100470061616704491610288143145
12016092607302014100570062016504551640291147144
12016092607302014100628069018005101710339168171
12016092607302014110054061916104581610297149148
12016092607332014103868053914403951380257128129
12016092607342014104930079424105532100343184159
12016092607342014105937066216604961630333164169
12016092607342014105965066216504971640333164169
12016092607352011101180058316004231490274141133
12016092607352012110070054914504041400264131133
12016092607352013101152060016004401490291145146
12016092607362011101037068017405061650341161180
12016092607362014101096057615704191470272136136
12016092607362014104432057215604161460270137133
12016092607372012110092060116504361500286142144
12016092607382011103328064618704591590300150150
12016092607382014100439067317804951660329157172
12016092607382014100506067217804941750319160159
12016092607382014100799067617904971700327160167
12016092607382014104426066117604851620323156167
12016092607382014106461069018705031770326163163
12016092607382014106472069318905041770327163164
12016092607392011105024066219404681600308155153
12016092607402009104164071218005321820350176174
12016092607402014100420071518605291910338169169
12016092607412012103709069318505081750333166167
12016092607422014103285060118004211560265134131
12016092607422014103980066817404941690325164161
12016092607442011106417069017405161740342173169
12016092607452013103257059116004311510280139141
12016092607452014104052074618905571950362183179
12016092607452014105378056014304171380279139140
12016092607462013101938071419505191770342169173
12016092607462014100342068217605061670339165174
12016092607472011104837056214404181420276134142
12016092607492014103870056714404231410282136146
12016092607492014105242056414304211400281137144
12016092607512011103783067318604871730314164150
12016092607512011110096066117404871720315156159
12016092607512013110075065918204771680309156153
12016092607512014105889067318604871630324160164
12016092607522010104866059615704391570282146136
12016092607542010100880056315104121450267135132
12016092607552011102548054015603841330251123128
12016092607552012105337063016404661640302159143
12016092607562012100801067318704861620324165159
12016092607562014100979059318004131640249125124
12016092607572011106121057015504151460269134135
12016092607582007100828071518605291820347175172
12016092607582010106256055114804031380265129136
12016092607582013100858073319005431810362179183
12016092607582013103305058916204271530274140134
12016092607582013103434068817505131670346177169
12016092607582014103440060616404421490293146147
12016092607582014104865060716504421500292144148
12016092607592012100591068517705081690339166173
12016092607592013101034056714904181460272135137
12016092607592013103784063917104681630305159146
12016092607592014103267066116904921670325159166
12016092608002009102469067019704731790294164130
12016092608002011100296075020005501900360178182
12016092608002013105931058415504291530276141135
12016092608002014103036057715004271480279139140
12016092608002014104111057915004291470282140142
12016092608012014103312072220905131810332169163
12016092608012014103715075920805511930358178180
12016092608012014105296074019605441940350175175
12016092608022014100948055814704111410270134136
12016092608022014104110055814704111420269133136
12016092608022014105406075021905311890342173169
12016092608022014105886074521705281900338174164
12016092608022014106086073421205221820340175165
12016092608022014106167072620405221830339172167
12016092608042011103048068316105221660356172184
12016092608092014100466064617304731750298150148
12016092608092014102720067118504861730313156157
12016092608092014103797066918204871670320161159
12016092608092014104048061517804371620275140135
12016092608122014101832072920305261780348173175
12016092608122014101833073120305281780350172178
12016092608152013105662078122005612030358183175
12016092608152014103312058815704311530278140138
12016092608152014103715061016604441590285141144
12016092608152014105296060916504441600284141143
12016092608152014105886058916004291510278138140
12016092608152014106086057515904161490267135132
12016092608152014106167057415904151480267135132
12016092608172014102305072619005361850351176175
12016092608172014103333072519805271890338170168
12016092608192014102159070618005261750351171180
12016092608192014104588070518005251780347169178
12016092608232013104643066817304951690326166160
12016092608262014106108058715504321490283137146
12016092608272014100674058615404321500282140142
12016092608282013104317070719505121800332166166
12016092608282013105913058415804261480278140138
12016092608282013109022065316304901590331160171
12016092608292011106559057416204121390273133140
12016092608292012100231055915404051450260131129
12016092608292013102571057215104211460275143132
12016092608322010110112069119005011750326165161
12016092608382008101012072518605391850354177177
12016092608382012106055069717805191770342167175
12016092608382013103962055314604071360271134137
12016092608482014102933061317404391530286140146
12016092609022012105351073318105521890363177186
12016092609022014102599073920805311830348174174
12016092609032012104776062717004571570300152148
12016092609042014104162060515504501590291148143
12016092609112012104878069618505111720339169170
12016092609112014110103062416504591610298147151
12016092609192013103234076826605022070295164131
