12013032706572006100273053214103911350256128128
12013032706572007103142052113203891310258129129
12013032706572008102636052214003821340248125123
12013032706582007102397052714503821330249127122
12013032706582007103165053514503901360254127127
12013032706582007105484054114603951390256129127
12013032706582008101020054515703881440244127117
12013032706582008102473058715804291510278146132
12013032706582008102582054615003961410255134121
12013032706582008103316051013603741290245123122
12013032706582008104264052714003871310256129127
12013032706582008104791056614904171390278142136
12013032706582008105554054914504041440260134126
12013032706582009100166054614604001430257131126
12013032706582009101598070818005281700358186172
12013032706582009103775058515204331490284145139
12013032706582009104004059316704261570269141128
12013032706582009104943053014303871310256128128
12013032706582009105219055315603971460251127124
12013032706582009106090054514703981380260133127
12013032706582010100861055115104001380262130132
12013032706582010102459054315003931450248126122
12013032706582010103129055014904011400261132129
12013032706582010103760054914804011480253128125
12013032706582010103915056514604191380281143138
12013032706582010103951055114804031420261136125
12013032706582010104173055914604131430270138132
12013032706582010105445055716903881390249125124
12013032706582010105762055715104061440262136126
12013032706582010109125054714604011490252126126
12013032706582010110060054514404011430258132126
12013032706592006103077053214403881370251122129
12013032706592007100559052514203831330250124126
12013032706592008101723051113303781260252123129
12013032706592008103250051213603761300246122124
12013032706592008104464053514003951320263131132
12013032706592008104778051614003761290247123124
12013032706592008104829050013203681240244119125
12013032706592008105519063916804711590312156156
12013032706592008110097052914303861350251125126
12013032706592009102409055013604141400274138136
12013032706592009102644054714504021390263136127
12013032706592009106254053014603841310253126127
12013032706592009109251052414203821300252125127
12013032706592010100454055015503951390256129127
12013032706592010100485054415003941370257132125
12013032706592010101124055115503961410255124131
12013032706592010101352056614604201460274141133
12013032706592010101371053113403971310266131135
12013032706592010102199064917004791600319156163
12013032706592010102494053214903831340249122127
12013032706592010102712055214804041470257131126
12013032706592010102806053013903911320259129130
12013032706592010102986054613704091410268139129
12013032706592010103847054515003951410254130124
12013032706592010103861053013603941300264130134
12013032706592010103942055715704001390261131130
12013032706592010103997054415403901380252124128
12013032706592010104098052213803841290255125130
12013032706592010104131053413903951320263131132
12013032706592010104347054115203891340255128127
12013032706592010104357054314503981450253129124
12013032706592010104522051613403821260256125131
12013032706592010104551054515303921360256129127
12013032706592010104960052113703841310253123130
12013032706592010105282052614503811340247123124
12013032706592010105829053314303901320258128130
12013032706592010110025053914103981370261134127
12013032706592010110058051914203771330244121123
12013032706592010110064052514803771290248121127
12013032707002006101058052513903861340252125127
12013032707002007103215053914003991330266128138
12013032707002008102613055315304001360264132132
12013032707002008103138052413803861290257127130
12013032707002008106150068717905081570351168183
12013032707002009100457054714304041300274136138
12013032707002009101022052314603771250252122130
12013032707002009102673052614403821330249120129
12013032707002009103532064017504651560309153156
12013032707002009106070053213903931320261127134
12013032707002009106290054314903941460248124124
12013032707002010100365055615104051430262132130
12013032707002010101163054214104011330268131137
12013032707002010101656055415104031390264131133
12013032707002010101778070218205201730347175172
12013032707002010101789054815003981350263130133
12013032707002010102060055714404131420271139132
12013032707002010102691054814604021430259131128
12013032707002010102979066417804861570329164165
12013032707002010103013055915804011540247130117
12013032707002010103798057315004231430280142138
12013032707002010103911051713703801280252125127
12013032707002010104036054314603971410256129127
12013032707002010104046054714104061350271131140
12013032707002010104275052914003891270262126136
12013032707002010104392052313903841280256124132
12013032707002010104995056213904231460277149128
12013032707002010105709054314703961380258130128
12013032707002010105815056015304071420265133132
12013032707002010105864056114704141470267135132
12013032707002010106016053014703831350248120128
12013032707002010110052055515504001530247129118
12013032707012007100070055514904061390267135132
12013032707012007102630055815504031410262134128
12013032707012007103122055514104141400274136138
12013032707012008100408053214603861350251128123
12013032707012008103130053414303911380253125128
12013032707012008103329053514503901370253126127
12013032707012009100253079020605841950389200189
12013032707012009102459054514703981430255126129
12013032707012009102961078220205801950385198187
12013032707012009105452057815504231510272142130
12013032707012010100492055113704141440270134136
12013032707012010101249054214603961410255125130
12013032707012010101625055314204111430268136132
12013032707012010102530055014604041360268131137
12013032707012010102590066817404941710323163160
12013032707012010103540053013803921360256125131
12013032707012010104159052914003891360253125128
12013032707012010104234056615404121440268136132
12013032707012010104319077020105691930376192184
12013032707012010104361055214204101410269136133
12013032707012010104456076420105631900373187186
12013032707012010105610054514304021370265133132
12013032707012010105861053914503941380256127129
12013032707012010105867053814503931350258128130
12013032707012010106035055414604081410267136131
12013032707012010106126054414304011370264129135
12013032707012010106303061416304511470304154150
12013032707012010106400070817805301710359178181
12013032707022007103852053214003921350257129128
12013032707022008102119052914103881330255123132
12013032707022009100901054714204051370268132136
12013032707022009101771058514404411480293142151
12013032707022009102097053414203921360256126130
12013032707022009105012068318604971750322163159
12013032707022009105680064116304781630315161154
12013032707022009106062060915904501470303151152
12013032707022010101284053814803901300260126134
12013032707022010102009053615203841350249124125
12013032707022010102514064217604661690297150147
12013032707022010102671059414804461540292149143
12013032707022010102895064916504841550329168161
12013032707022010103680055814804101370273140133
12013032707022010104336054115103901310259126133
12013032707022010104386064516004851660319162157
12013032707022010104764064017304671620305148157
12013032707022010105851061415904551470308148160
12013032707032005101116056815604121380274136138
12013032707032005101419052913203971380259127132
12013032707032006106311056916304061430263128135
12013032707032007103362053114003911360255129126
12013032707032007106220055416003941400254126128
12013032707032007106306062716604611540307147160
12013032707032007106404054413904051380267134133
12013032707032008102601064017504651710294148146
12013032707032008103180058015604241450279141138
12013032707032008104822053914703921340258127131
12013032707032009105031056216403981400258127131
12013032707032010101161063216404681540314154160
12013032707032010101572055414804061390267132135
12013032707032010102062053914303961340262128134
12013032707032010104034054213804041360268135133
12013032707032010106335054213904031350268134134
12013032707032010110059053214103911340257129128
12013032707042006103340051613803781270251123128
12013032707042006110146071820405141820332167165
12013032707042008103091052613903871260261124137
12013032707042008104081053914603931320261126135
12013032707042008105085052514403811330248120128
12013032707042009101141053914903901380252126126
12013032707042009105339069217605161730343173170
12013032707042009106131063916804711650306158148
12013032707042010100508053413903951380257128129
12013032707042010100676053513903961370259131128
12013032707042010100689065116704841630321157164
12013032707042010100957070119005111840327169158
12013032707042010103667056414904151440271138133
12013032707042010104186067518204931700323166157
12013032707042010104765063216404681520316151165
12013032707042010104807055815504031450258129129
12013032707042010106482058014504351440291142149
12013032707042010106499056215704051470258131127
12013032707052004101688053014603841310253122131
12013032707052005105814054915303961390257128129
12013032707052006100358055416903851310254124130
12013032707052007101515065417004841610323162161
12013032707052007103181072521405111860325178147
12013032707052008103377070119505061830323172151
12013032707052008105764059416104331430290140150
12013032707052008105982077720805691970372188184
12013032707052008106285060816004481530295149146
12013032707052009101334054914504041380266133133
12013032707052009101855056015604041410263130133
12013032707052009101989052913903901310259126133
12013032707052009102350069318805051770328168160
12013032707052009103967056715804091410268133135
12013032707052009105883070119305081820326171155
12013032707052009105960055114804031400263133130
12013032707052009106306067921904601690291144147
12013032707052010100201052814303851310254125129
12013032707052010100450064816704811630318163155
12013032707052010100456067420804661740292145147
12013032707052010100473066217004921630329164165
12013032707052010102227053414503891320257125132
12013032707052010103948055514704081410267133134
12013032707052010104225071620705091830326173153
12013032707052010109143055615104051410264133131
12013032707052010110050067720904681740294145149
12013032707062008100484066018404761600316160156
12013032707062008103188062416404601480312154158
12013032707062009100574066717104961710325164161
12013032707062009100705064616304831560327160167
12013032707062009102651052712803991240275129146
12013032707062009105043061316604471470300143157
12013032707062009106493056215004121490263135128
12013032707062010100027066517204931590334167167
12013032707062010100309063916504741570317160157
12013032707062010101505053914503941390255127128
12013032707062010102097053814403941370257128129
12013032707062010104136061216404481530295141154
12013032707062010104603053114103901290261126135
12013032707062010110032052214303791330246121125
12013032707072005101111079721305842030381192189
12013032707072007101731054814804001350265129136
12013032707072007102913054614304031430260133127
12013032707072008101504078421005741970377186191
12013032707072008103035070518705181750343171172
12013032707072009100651071920005191800339173166
12013032707072009106551076521105541930361186175
12013032707082007100764053314603871290258126132
12013032707082008101990074019205481820366180186
12013032707082009105927066116604951630332166166
12013032707082010100268055314404091540255126129
12013032707082010103733070418505191760343170173
12013032707082010105010053314203911290262127135
12013032707082010105843054614903971290268127141
12013032707092006100106065117104801560324161163
12013032707092008104835053615103851310254125129
12013032707092009103720055414804061380268134134
12013032707092009103722067017304971690328167161
12013032707092010102247067417205021650337166171
12013032707092010105127069718905081750333169164
12013032707092010105600071718505321810351176175
12013032707102006104819056714904181450273139134
12013032707102010101237054814504031340269136133
12013032707102010101646054313804051430262135127
12013032707102010101665063315704761590317157160
12013032707102010102508055114004111430268136132
12013032707102010110099070418105231720351174177
12013032707112009101253073919005491870362185177
12013032707112009106209067817405041740330169161
12013032707112009106666074818405641810383190193
12013032707112010100984063815704811540327166161
12013032707112010101001054815103971420255129126
12013032707112010103747053214503871310256125131
12013032707112010104616054614903971310266127139
12013032707122007103835053714203951370258124134
12013032707122008101894068417505091690340171169
12013032707122008103836068617705091760333171162
12013032707122008104797062616204641520312152160
12013032707122009100353067917305061750331170161
12013032707122010103543054014703931400253124129
12013032707122010109011080422905752050370194176
12013032707132009103652056415504091420267136131
12013032707132009105009059715004471520295149146
12013032707132010101775066618104851700315160155
12013032707132010103850055215004021450257132125
12013032707132010104033056315304101420268133135
12013032707132010104293055615104051400265131134
12013032707132010105863055515104041450259133126
12013032707142008102326053214703851200265126139
12013032707142008106150055115603951420253126127
12013032707142009100253053414203921320260125135
12013032707142009100720069518305121770335169166
12013032707142010100661071020005101710339167172
12013032707142010100858055514104141370277133144
12013032707142010101583060617604301630267135132
12013032707142010101883054013804021290273129144
12013032707142010103080061517804371680269136133
12013032707142010104319055315703961400256127129
12013032707142010104456053014303871300257126131
12013032707142010105135062716304641480316149167
12013032707142010105158061615404621490313155158
12013032707142010105620070317505281670361177184
12013032707142010106400070417805261730353177176
12013032707152006103076053414203921330259125134
12013032707152007104604057015304171450272137135
12013032707152007106370053815003881360252124128
12013032707152009101599077721605611890372188184
12013032707152009102961067618304931760317171146
12013032707152010100131064717104761650311160151
12013032707152010103364062415804661550311154157
12013032707152010104502062117304481570291148143
12013032707152010105831056015304071400267135132
12013032707162006110146063617004661580308158150
12013032707162007105937072518905361740362184178
12013032707162008103281065117004811710310153157
12013032707162008104085069117205191670352181171
12013032707162009101528065117704741660308155153
12013032707162009106066064016204781650313151162
12013032707162009110013067718204951720323166157
12013032707162010106495064115304881570331160171
12013032707162010109148058316004231440279139140
12013032707172005106133054615003961450251124127
12013032707172007100581054214204001360264132132
12013032707172009101008064116704741540320158162
12013032707172009101761067017005001690331168163
12013032707172009105339071617805381770361181180
12013032707172010103371062917604531540299151148
12013032707182005103317068717105161630353173180
12013032707182007104704074218905531810372185187
12013032707182010103886055915604031360267130137
12013032707182010104662069518605091760333171162
12013032707182010104837052814103871360251128123
12013032707182010106282070717105361730363180183
12013032707192007102380067217105011680333166167
12013032707192007103181053815103871370250127123
12013032707192008105982069418205121700342170172
12013032707192009105832055815104071460261135126
12013032707192010102684056314604171450272132140
12013032707192010103256055214504071470260127133
12013032707192010103682063416804661590307154153
12013032707192010104262064117004711670304158146
12013032707192010105652054514803971400257129128
12013032707202008101521055816103971390258127131
12013032707202008101585071618105351890346177169
12013032707202009100744069317105221740348174174
12013032707202009100800069918305161770339169170
12013032707202009102532068118404971700327163164
12013032707202010104052065416904851670318161157
12013032707202010104731068917005191750344173171
12013032707202010106548054315303901360254127127
12013032707212009101075054915403951380257127130
12013032707212009106248055514504101470263134129
12013032707212009106403055315703961380258126132
12013032707212010101770057515304221390283141142
12013032707212010101965067217304991700329168161
12013032707212010102196070218505171790338172166
12013032707212010104981066817104971620335166169
12013032707222006102750068717205151790336171165
12013032707222009100622070117905221770345173172
12013032707222009102945068117905021750327166161
12013032707232007100235055414604081400268135133
12013032707232007101390055114704041370267131136
12013032707232010100109075819705611940367185182
12013032707232010101086065017104791630316156160
12013032707242008101803072019205281850343176167
12013032707242008103201066017404861670319157162
12013032707242008104815054614803981410257130127
12013032707242009100254067919704821700312160152
12013032707242009105023052413703871310256123133
12013032707242010100602055115004011370264133131
12013032707242010102468059416804261490277141136
12013032707242010102488055015203981410257128129
12013032707242010105159055715204051410264133131
12013032707242010105554070917505341750359177182
12013032707252008106468057215904131490264132132
12013032707252008110094059816304351500285145140
12013032707252009103150060715504521580294143151
12013032707252009105738055714104161390277135142
12013032707252010100690070519505101760334170164
12013032707252010101252064417804661610305157148
12013032707252010103327052814203861300256125131
12013032707252010103768059715104461440302149153
12013032707252010104227066817804901710319160159
12013032707252010110115061816004581580300148152
12013032707262005102320054514803971370260129131
12013032707262007105681055915604031450258127131
12013032707262008105742057217104011430258129129
12013032707262009104591072018205381770361183178
12013032707262010101445066116804931640329162167
12013032707262010102229056215504071440263131132
12013032707262010104377054515203931400253125128
12013032707262010105428056315704061450261131130
12013032707262010105846071818805301700360177183
12013032707272002107238067417604981700328165163
12013032707272006106412055114904021440258131127
12013032707272008102816064918404651710294148146
12013032707272008110134055514804071410266133133
12013032707272009102733052514303821320250122128
12013032707272009104975056615604101420268135133
12013032707272009105108063317704561610295147148
12013032707272009105903054615003961420254129125
12013032707272010100704053514403911350256129127
12013032707272010102312070117505261660360177183
12013032707272010103339066117704841670317160157
12013032707272010103461062716904581590299148151
12013032707272010105059069716705301890341176165
12013032707282005105331054614903971380259130129
12013032707282007100107054615803881370251125126
12013032707282007105058072017605441750369185184
12013032707282009100255068017605041810323166157
12013032707282010103814055615404021460256129127
12013032707282010104001063516104741580316157159
12013032707282010104903068018005001720328166162
12013032707282010110057055315503981440254128126
12013032707292007101456069418005141670347171176
12013032707292007106312090424706572270430220210
12013032707292008100871058615204341490285140145
12013032707292009106011054014403961320264129135
12013032707292010100662069518505101770333170163
12013032707292010101536058717304141470267130137
12013032707292010102857054115303881320256125131
12013032707292010102982056815204161450271137134
12013032707292010104000062115204691440325153172
12013032707292010104540057817204061460260131129
12013032707292010106069070418205221730349167182
12013032707302008100570070218405181750343174169
12013032707302009100667067818404941720322163159
12013032707302009101813072319005331790354171183
12013032707302009102640054214503971360261131130
12013032707302010100719054613604101290281132149
12013032707302010100936065816704911630328165163
12013032707302010102944067117304981690329165164
12013032707302010103269054113704041280276130146
12013032707302010103869055015303971420255129126
12013032707302010103963064917004791600319154165
12013032707302010104688069518805071770330165165
12013032707312007104704054114403971310266128138
12013032707312010105827067717105061670339168171
12013032707322007100152070317805251770348175173
12013032707322010100890069117205191780341173168
12013032707322010103071055114204091420267132135
12013032707322010103171054414703971370260129131
12013032707322010104123072219805241830341170171
12013032707332009105542068917905101810329167162
12013032707332009109162060315504481480300147153
12013032707332010104229056315504081350273133140
12013032707342008103260056414704171420275142133
12013032707342009106264056014704131420271140131
12013032707342010103262055014704031360267131136
12013032707342010109234057916204171490268137131
12013032707352009110088064216304791600319157162
12013032707352010102304056915704121470265138127
12013032707352010103638057315504181470271139132
12013032707362006103731055915004091390270131139
12013032707362008102293067317305001700330169161
12013032707362009101565055415004041370267129138
12013032707372009105086065917504841680316158158
12013032707372010105487063815804801520328160168
12013032707392010102266060414504591560303150153
12013032707392010109187069817905191760343172171
12013032707402007105759067718304941790315167148
12013032707412008105997060216404381530285156129
12013032707412010103938065715005071580349175174
12013032707422007100208077219705751890386196190
12013032707422008101549052612803981280270129141
12013032707422009105813054514703981420256132124
12013032707422009106416053314203911300261127134
12013032707422010104368070317905241790345179166
12013032707432009100642056815604121490263130133
12013032707432009103841054414404001370263131132
12013032707432009104182054414104031360267132135
12013032707432009110052055715104061420264129135
12013032707432010100745065216004921590333163170
12013032707432010104562054214703951340261128133
12013032707432010110090053313703961340262126136
12013032707442008105123055014504051320273130143
12013032707442009104934054515003951310264127137
12013032707442009106821071718605311870344173171
12013032707442010102831055115004011310270135135
12013032707442010103854055114704041320272133139
12013032707452008101519071117005411760365182183
12013032707452008102295071018505251840341173168
12013032707452009101297073717205651900375190185
12013032707452010100825074818405641870377191186
12013032707452010101580058215204301490281146135
12013032707452010102212065616404921650327165162
12013032707452010103460073116805631760387190197
12013032707452010103900070618605201790341175166
12013032707452010104123066017304871750312161151
12013032707452010105283055914404151420273138135
12013032707452010105380069617505211740347177170
12013032707462005102837064516904761620314156158
12013032707462007103513066117704841620322161161
12013032707462009102081058415804261460280139141
12013032707462010101886067316905041630341169172
12013032707462010104894062314704761540322160162
12013032707472008100726055915004091380271133138
12013032707472010103228068217805041700334170164
12013032707482007101434054114403971350262129133
12013032707482007102955057416704071420265135130
12013032707482010101134071218505271760351174177
12013032707482010101390054814504031350268130138
12013032707482010102526064916204871530334163171
12013032707482010103315069018605041710333168165
12013032707482010104326064316604771530324158166
12013032707482010104775067016605041640340165175
12013032707492007100337059616104351570278142136
12013032707492009100365070717905281800348175173
12013032707492010100512051913203871250262125137
12013032707492010101459067718204951680327164163
12013032707492010102674067718204951680327164163
12013032707502006104833072418805361800356178178
12013032707502009104603057715504221460276136140
12013032707502009105949074921405351820353178175
12013032707502010104480057515404211510270140130
12013032707512010101543056915404151450270135135
12013032707512010104643054714404031360267131136
12013032707522008105584067417205021690333163170
12013032707522010103248056815904091450264133131
12013032707522010104388069317805151690346169177
12013032707532009110077053914503941390255126129
12013032707542009101208075518805671790388189199
12013032707542010102527074118005611830378187191
12013032707552009109237064817804701630307155152
12013032707552010100849071918505341770357176181
12013032707552010103523071318005331780355176179
12013032707552010104671070418905151750340173167
12013032707562008102083057415604181430275132143
12013032707562009106343055815204061400266133133
12013032707562010105768065715804991650334167167
12013032707572009100483054315103921400252124128
12013032707572010101497067717605011670334167167
12013032707572010103780059515204431400303144159
12013032707572010104435063016804621530309154155
12013032707582008103351066017704831670316156160
12013032707582010100050065116904821610321162159
12013032707582010101791065617604801650315156159
12013032707582010105393068217605061700336171165
12013032707592008105422057116804031480255135120
12013032707592009100610067816705111740337169168
12013032708002005104053073318805451930352182170
12013032708012006106753054114503961360260128132
12013032708012008101274053414403901350255127128
12013032708012010103276057215304191420277141136
12013032708182008102669053313803951310264129135
12013032708192007100628054414503991390260131129
12013032708192007103003055114604051480257130127
12013032708192010100707055215204001440256131125
12013032708192010102966054614604001350265134131
12013032708192010103716056615204141510263139124
12013032708192010103956055714904081460262132130
12013032708192010105877054614803981380260130130
12013032708192010106329054814604021370265134131
12013032708202007105064056515804071470260128132
12013032708202008101895054414803961360260127133
12013032708202008103212058416004241470277146131
12013032708202008106573054614004061380268134134
12013032708202009100242054314803951360259127132
12013032708202009104786056014604141420272133139
12013032708202010102875055415803961380258129129
12013032708212005106934054414703971380259129130
12013032708212006105143058815404341490285147138
12013032708212008101162058816804201530267139128
12013032708212008102648060016104391530286144142
12013032708212008104686058216204201510269139130
12013032708212010102801053614203941330261127134
12013032708212010102981055214604061370269132137
12013032708212010105767057916104181470271138133
12013032708232010103210071918905301730357175182
12013032708232010106293057215604161470269136133
12013032708232010110135057015404161480268134134
12013032708242009110125055515104041420262132130
12013032708242010100784056315304101480262132130
12013032708252008103589055714904081480260130130
12013032708252008103896054914004091320277134143
12013032708252009103935054515003951330262128134
12013032708252010103342059516504301490281142139
12013032708252010104654067316805051730332173159
12013032708252010105826057114704241410283136147
12013032708252010106202057315804151440271140131
12013032708262010104647067517205031720331163168
12013032708262010104648067417305011710330164166
12013032708262010106337054315403891320257127130
12013032708282010106552056415204121520260135125
12013032708292008103390053913904001370263135128
12013032708292010103266061215904531510302147155
12013032708302009105454065917204871580329160169
12013032708302010100795058415704271550272143129
12013032708302010101861058616004261530273144129
12013032708302010102878063216004721560316160156
12013032708312009100013055715204051450260125135
12013032708312009102658055715204051440261131130
12013032708312009106872051414103731220251121130
12013032708312010105766057015904111470264131133
12013032708322009102583084823806102110399202197
12013032708342009102003060616504411510290145145
12013032708352008103205053214003921280264127137
12013032708352008104215055416103931370256127129
12013032708352009100768053314603871320255123132
12013032708352009105875053114403871320255123132
12013032708352010102968053914603931410252125127
12013032708352010103844052914103881300258126132
12013032708352010104278053214503871380249124125
12013032708362005103586073518805471900357178179
12013032708362008105612068518105041700334169165
12013032708362010104047070719205151770338171167
12013032708392010101442069119604951740321163158
12013032708392010105336069219205001780322165157
12013032708412010105785067517005051610344165179
12013032708432010105232063516604691650304149155
12013032708442010100751071917605431750368184184
12013032708442010100932074319005531830370187183
12013032708452009104282064018004601610299152147
12013032708452010100441066716505021670335165170
12013032708452010103611072820205261880338175163
12013032708472007110121065617504811680313159154
12013032708492010100859055514904061390267135132
12013032708502006106134065518004751630312155157
12013032708522010101614064517404711600311155156
12013032708532009102875055714804091380271133138
12013032708532009104126057014904211440277138139
12013032708532010100853069017305171680349168181
12013032708542005105204053814703911380253129124
12013032708542007101565053914803911260265125140
12013032708542010102138091324406692350434223211
12013032708562008105732056115204091440265136129
12013032708572008101798070718005271810346174172
12013032708572010100540069317805151750340173167
12013032708582010102253067215505171640353173180
12013032709002009110034071018905211780343174169
12013032709012007103624074619505511810370184186
12013032709012010102951074720605411840357180177
12013032709012010103001075020605441850359179180
12013032709012010104040075219405581820376189187
12013032709012010104653076920205671870380191189
12013032709022008103982061116004511550296149147
12013032709022010100488055814804101490261133128
12013032709022010110140058514604391500289143146
12013032709032009100209063217304591480311157154
12013032709032009100715065716304941600334164170
12013032709032009106853063317204611490312156156
12013032709042008101969074017705631880375189186
12013032709042009104241058417404101340276125151
12013032709052009109049071419605181820336173163
12013032709052010104696054515003951350260129131
12013032709052010104812056215204101430267130137
12013032709052010105871055115203991340265129136
12013032709062005103133069920704921780314166148
12013032709062007105450055115104001430257127130
12013032709062007105606055414904051420263127136
12013032709062008104057072521405111810330172158
12013032709062008106008058917004191450274144130
12013032709062009103972072321305101810329170159
12013032709062010102605072821105171870330175155
12013032709062010104277070820505031800323171152
12013032709062010106474067117304981640334162172
12013032709072008101720055014504051360269128141
12013032709072010103091071819605221870335171164
12013032709072010105900067518504901720318162156
12013032709082010105905070717705301760354176178
12013032709082010106478058117604051410264130134
12013032709092008101773054814804001400260130130
12013032709092009110065072817905491840365183182
12013032709102010105729071420105131780335169166
12013032709102010110008054314104021330269128141
12013032709112008101672064716604811580323160163
12013032709122010104982067216705051660339165174
12013032709132006106892069317505181720346170176
12013032709132010100121061215904531520301149152
12013032709132010102500066016504951620333164169
12013032709132010109195056815104171470270137133
12013032709142008103066053313603971310266127139
12013032709142008106555056415804061460260131129
12013032709142009100617055615204041420262131131
12013032709152007103404052913203971300267129138
12013032709152010102210057415104231440279141138
12013032709152010104886070818405241770347174173
12013032709162009100948066116304981690329164165
12013032709162009102879064617404721640308152156
12013032709162010101397068717805091720337166171
12013032709162010105860067617605001650335166169
12013032709172007104302057515904161460270134136
12013032709172008103242067217804941680326163163
12013032709172009104475064816704811600321161160
12013032709172010104391065616304931640329164165
12013032709172010104885071818005381750363181182
12013032709182008106025065018304671650302155147
12013032709182010101649066516604991630336166170
12013032709192010104954067018204881650323163160
12013032709192010106050056615104151450270136134
12013032709202005106476063316604671610306153153
12013032709202007101834054513804071370270131139
12013032709202007106571066516704981650333166167
12013032709202008100694066317904841640320159161
12013032709202008105162064717004771570320164156
12013032709202009101874060816004481530295147148
12013032709202009104133052013003901210269125144
12013032709202009104256053513703981330265127138
12013032709202009106154066917104981670331165166
12013032709202009110096059315704361530283144139
12013032709202010101785067317604971640333167166
12013032709202010105360051312903841210263124139
12013032709212008101384066716005071680339173166
12013032709212009105715068817805101720338170168
12013032709212010101835067016805021580344169175
12013032709212010102608055915604031430260132128
12013032709212010104563065915905001650335165170
12013032709222006103114053414303911330258126132
12013032709222009100052057715804191440275135140
12013032709222010104752057915704221450277135142
12013032709372007102887054314204011370264130134
12013032709382005102989056615704091430266137129
12013032709382006110092053313503981270271129142
12013032709382007101419053013803921310261130131
12013032709382008101289057215404181460272137135
12013032709382008105607054514004051420263133130
12013032709382009100976052414703771260251124127
12013032709382009105850055114904021440258129129
12013032709382009105891063516604691550314155159
12013032709382009106076055315304001460254126128
12013032709382010100132056115104101480262131131
12013032709382010100158056915004191430276135141
12013032709382010102051053914403951330262131131
12013032709382010103880054414004041320272134138
12013032709382010104889054714304041400264134130
12013032709382010105904055314804051400265138127
12013032709382010105925054114703941420252128124
12013032709382010106587054414703971370260129131
12013032709392005109202051913803811260255124131
12013032709392006110017053314303901340256127129
12013032709392007101299054314403991320267124143
12013032709392008103665053414003941370257129128
12013032709392010100326053214903831390244121123
12013032709392010100528072919005391820357176181
12013032709392010100711055114904021400262130132
12013032709392010102202056516004051460259133126
12013032709392010102637053114603851290256126130
12013032709392010103743055615504011460255130125
12013032709392010104050056615504111360275138137
12013032709392010104762064416304811590322160162
12013032709392010105643053014503851320253124129
12013032709392010109221064717004771530324159165
12013032709402009103251054714604011390262131131
12013032709402009105925054214403981380260130130
12013032709402010100537071218405281770351174177
12013032709402010101858070217705251740351174177
12013032709402010103950055415304011390262127135
12013032709402010104479055615703991400259130129
12013032709402010105094077421305611940367185182
12013032709402010106306056015504051400265127138
12013032709412009103514053814203961380258128130
12013032709412009104154074619605501870363181182
12013032709412009104944068617505111760335166169
12013032709412010100083058317604071450262129133
12013032709412010102630054614604001430257129128
12013032709412010105742069917205271800347177170
12013032709412010110055056914804211370284137147
12013032709412010110133059117604151450270128142
12013032709422005104077055114904021340268129139
12013032709422008101426055114204091470262133129
12013032709422008101785056816004081400268126142
12013032709422008105887060315504481490299147152
12013032709422010100195057715904181450273132141
12013032709422010101222053014403861350251124127
12013032709422010103405056614804181460272142130
12013032709422010105180056316304001450255125130
12013032709422010105430055414804061370269132137
12013032709422010105455055414604081470261134127
12013032709422010106392055815304051430262130132
12013032709432008102081054013604041330271134137
12013032709432010103457069919205071710336172164
12013032709432010104991071518405311770354175179
12013032709432010105321067617804981680330166164
12013032709442007106724072719305341860348176172
12013032709442008104888054614304031390264131133
12013032709442008110072053814003981300268129139
12013032709442009100188053714503921320260127133
12013032709442009103999066617004961670329165164
12013032709442009106020054414603981330265127138
12013032709442010100699053614103951290266128138
12013032709442010100730073820005381730365179186
12013032709442010102058071116805431770366176190
12013032709442010104331056415604081440264132132
12013032709452005103763057615604201510269136133
12013032709452005110098055314604071430264135129
12013032709452008104893055614804081430265136129
12013032709452010105822056214804141440270138132
12013032709452010106226054414503991350264131133
12013032709462008104586056616204041380266131135
12013032709462008105034067817904991620337164173
12013032709462009102925055915004091410268134134
12013032709462009109225067018004901600330167163
12013032709462010100202056315804051420263128135
12013032709462010101082069317505181700348173175
12013032709462010104791072118205391810358184174
12013032709472009101770058814304451480297148149
12013032709472010100297056515104141440270133137
12013032709472010102597057115304181460272134138
12013032709472010104193067217005021670335168167
12013032709472010104880074419905451840361181180
12013032709472010110019074720505421830359181178
12013032709482009102119053515503801320248124124
12013032709482009103158058414604381450293147146
12013032709482009106257068118604951750320165155
12013032709482009106267053714003971300267130137
12013032709482009106331063816704711610310152158
12013032709482010101985060715804491520297148149
12013032709482010104200054014004001390261128133
12013032709482010104577053713504021300272132140
12013032709482010110069069618705091660343165178
12013032709492006103168064117004711640307157150
12013032709492008103293064216804741640310156154
12013032709492009106107065218504671670300156144
12013032709492009110107068417805061740332168164
12013032709492010105029069618105151750340174166
12013032709492010106533066416704971660331165166
12013032709492010110118069418105131690344172172
12013032709502008101985059815004481500298148150
12013032709502008102251063115904721610311160151
12013032709502009106230057014604241430281139142
12013032709502009106469059915104481500298148150
12013032709502010100188055715104061410265130135
12013032709502010101830056416603981430255129126
12013032709502010102011055714604111410270135135
12013032709502010103602068117805031740329161168
12013032709502010104358064617204741600314155159
12013032709502010104510066618204841700314157157
12013032709502010106074053814503931300263127136
12013032709512006105010070617505311680363183180
12013032709512007101071070318005231730350176174
12013032709512008106634055414504091400269136133
12013032709512010101884072820405241740350173177
12013032709512010101930055514704081420266131135
12013032709512010106141056214404181430275140135
12013032709522005102793056514804171430274134140
12013032709522005106719055015503951310264129135
12013032709522008102892058915004391470292145147
12013032709522008105278053814303951340261124137
12013032709522009102716067716705101630347171176
12013032709522009109243071517905361730363182181
12013032709522010100736062716504621590303146157
12013032709522010101944065116204891610328159169
12013032709522010102323054915003991340265127138
12013032709532006104348067418404901510339161178
12013032709532007102890056615604101450265136129
12013032709532008103271066117504861560330160170
12013032709532010100814062715904681550313155158
12013032709532010102095063016204681580310153157
12013032709532010104385069718305141760338167171
12013032709532010105844065018304671640303151152
12013032709542007101286062215104711500321161160
12013032709542008102596052814403841290255123132
12013032709542008105100073618305531780375189186
12013032709542009101550071418505291850344182162
12013032709542010110080054315103921340258126132
12013032709552008100563057914204371400297147150
12013032709552009100801068820004881690319164155
12013032709552010100759054715303941350259126133
12013032709552010104310055715504021360266130136
12013032709562006102738053614403921340258128130
12013032709562006104989071118705241720352176176
12013032709562010101457056115304081430265132133
12013032709562010102709057115904121480264135129
12013032709562010104426055614904071420265131134
12013032709572006100263055514404111360275134141
12013032709572006103634062516104641550309149160
12013032709572008102195054915103981460252123129
12013032709572008102205053814003981350263128135
12013032709572009100777052314303801300250120130
12013032709572009101060065016704831520331163168
12013032709572010110107054814504031400263129134
12013032709582007102817056414804161440272139133
12013032709582007103402056614704191420277139138
12013032709582009100967066717704901670323165158
12013032709582010100536073620205341780356181175
12013032709582010105639070618705191750344175169
12013032709592007103679065917404851620323159164
12013032709592008101779072619705291750354180174
12013032709592008102581065317804751570318158160
12013032709592008104630053814403941290265127138
12013032709592009103182069518005151790336169167
12013032709592010100387065416504891630326166160
12013032709592010102122055215004021370265135130
12013032709592010102164055114404071450262136126
12013032709592010104476057516704081410267134133
12013032709592010105178064316704761630313159154
12013032710002007109150057315504181450273135138
12013032710002009110040073020405261820344173171
12013032710002010102066065017204781610317162155
12013032710012009101079064716604811630318160158
12013032710012009109160055314804051440261129132
12013032710012010106153060115604451530292147145
12013032710022008105788070918605231780345172173
12013032710022009104653065116604851630322160162
12013032710022010101121068217105111700341172169
12013032710032006100405065617404821650317159158
12013032710032009109243053214203901350255125130
12013032710032010102069056515104141450269136133
12013032710032010102073056615104151460269138131
12013032710032010102824059515604391560283146137
12013032710032010103410056715104161450271139132
12013032710032010104939054714304041410263130133
12013032710032010105328066017404861620324166158
12013032710042009102716070817305351810354176178
12013032710042009105868068118005011690332174158
12013032710042010100469068017305071670340169171
12013032710042010104111055814504131420271134137
12013032710042010106298055714504121430269134135
12013032710052005106166068817705111710340169171
12013032710052010103055070218405181750343169174
12013032710062009110081067317205011660335164171
12013032710062010104544068017705031710332166166
12013032710072004103984060516204431570286143143
12013032710072008105100069417705171690348173175
12013032710072009101971067919104881650323162161
12013032710072010104204069717305241780346175171
12013032710082009105972065117304781660312161151
12013032710082009106057055414604081360272132140
12013032710082009110005056615704091450264131133
12013032710092008110131066718404831630320162158
12013032710092009105514076419905651980367190177
12013032710092010105788065318104721680304155149
12013032710102009102540068217605061660340169171
12013032710102009102973066117104901660324164160
12013032710102010101309065916604931610332165167
12013032710102010102874067419104831610322158164
12013032710102010110062067817505031640339169170
12013032710112009101125054414703971360261129132
12013032710112010110117055114904021360266129137
12013032710122009100325068419404901690321160161
12013032710122009105730068019204881650323161162
12013032710122009106341064117004711600311154157
12013032710122010102585067719704801680312155157
12013032710122010102704067218404881690319161158
12013032710142006102232083924105982130385199186
12013032710142010101437074219905431840359181178
12013032710142010104519075820205561900366184182
12013032710152008105788064716604811640317159158
12013032710162007102267068517905061690337175162
12013032710162010100157065717304841670317163154
12013032710172007103991072217305491770372181191
12013032710172010102242072220705151790336168168
12013032710192009102801057114804231450278137141
12013032710202008101746058914804411520289146143
12013032710202009110044056815104171470270135135
12013032710202010100619056715704101500260132128
12013032710202010103429056715004171470270136134
12013032710202010110038056714404231620261133128
12013032710212010103719054213604061300276131145
12013032710212010104055059315404391520287147140
12013032710222008101715067016905011700331167164
12013032710222010103354057815704211520269138131
12013032710242010100857057616504111490262133129
12013032710242010104983071117505361810355178177
12013032710252005110211054414503991370262129133
12013032710262010102675057714604311410290147143
12013032710262010106242069317305201760344175169
12013032710262010110112066617204941580336171165
12013032710272010104866057616204141510263133130
12013032710282008104213063217204601650295152143
12013032710292005104613067817805001660334160174
12013032710292007105667055315403991430256129127
12013032710312010104371055114204091370272134138
12013032710482010101874057716104161480268138130
12013032710542009102910067718304941710323161162
12013032710542010100515066517004951620333164169
12013032710542010101816054114104001390261131130
12013032710542010104751060216604361540282138144
12013032710552010100713071018105291810348176172
12013032710592008102985064816504831600323169154
12013032710592010103957068918205071780329164165
12013032710592010104053068918205071770330165165
