02011012807002005103927000000000000000000000000
02011012807002005106900067117105001640336166170
02011012807002006103011069817905191730346174172
02011012807002006104507064015804821540328159169
02011012807002007104264067016805021680334165169
02011012807002007104370069917305261730353174179
02011012807002008100023067016605041650339168171
02011012807002008100059068417005141680346172174
02011012807002008101326068517505101680342173169
02011012807002008101396079520405912070384196188
02011012807002008102381067000000000000337164173
02011012807002008103736067216905031650338168170
02011012807002008104376070917605331650368181187
02011012807002008104387070918705221820340177163
02011012807002008104648067317504981590339171168
02011012807002008105513000000000001550000000000
02011012807002008105810070917505341650369182187
02011012807002008105817067116905021620340168172
02011012807002008105827067516305121640348171177
02011012807012003110183068117505061650341170171
02011012807012005106469069916905301610369180189
02011012807012006101741064016604741560318156162
02011012807012006109255066116904921600332165167
02011012807012007100094067017504951690326161165
02011012807012007100534066617304931680325165160
02011012807012007100563065417004841680316160156
02011012807012007104582068217605061650341167174
02011012807012007110092068319104921680324161163
02011012807012008100473067416905051640341168173
02011012807012008100676077121805531980355180175
02011012807012008100935069717405231680355178177
02011012807012008100968063416304711580313156157
02011012807012008102512072718505421790363177186
02011012807012008102839000017700000000000000000
02011012807012008103263065817504831630320160160
02011012807012008103806000022900002050000205000
02011012807012008105368066217004921650327164163
02011012807012008105478066616105051660339167172
02011012807012008105879068617505111700341173168
02011012807012008106160071718405331770356181175
02011012807012008110021066117104901650325163162
02011012807022002101825070818305251750350000000
02011012807022004101855073218505471820365185180
02011012807022004105564074118905521830369184185
02011012807022006102892067517704981650333164169
02011012807022007100729068617705091690340166174
02011012807022007103590069917205271710356185171
02011012807022007104155066817604921650327160167
02011012807022007105206064716104861600326162164
02011012807022007106156069118005111740337172165
02011012807022008100474069217805141740340177163
02011012807022008100572069117905121730339173166
02011012807022008100622069818305151740341170171
02011012807022008100768076718805791860393193200
02011012807022008101358069817105271690358175183
02011012807022008101516069717605211760345173172
02011012807022008103466070518405211720349173176
02011012807022008103677069717305241740350179171
02011012807022008105155067916905101730337167170
02011012807022008106143072618305431810362183179
02011012807022008106206068717405131730340172168
02011012807032004105306070617205341680366179187
02011012807032006101285071317805351720363182181
02011012807032006102668000019000001840000181000
02011012807032007101000070417505291750354178176
02011012807032007102717062715704701550315156159
02011012807032007104615063215904731590314156158
02011012807032007104730066817404941650329166163
02011012807032008101538067817505031670336164172
02011012807032008102140073719105461870359182177
02011012807032008102488065216804841640320159161
02011012807032008102489066415505091660343169174
02011012807032008102699073619605401840356186170
02011012807032008103368067818004981640334171163
02011012807032008103670073919505441840360185175
02011012807032008104503069117405171700347173174
02011012807032008105709072818605421810361180181
02011012807032008105857073419505391800359178181
02011012807032008105881067917405051690336169167
02011012807032008106221063116104701560314159155
02011012807042005100979067417704971700327163164
02011012807042006102712067917305061640342172170
02011012807042007101245066316804951610334165169
02011012807042008100544072018505351760359180179
02011012807042008101501068417505091650344174170
02011012807042008102077068217305091710338167171
02011012807042008102466065316604871590328166162
02011012807042008102979063016304671650302155147
02011012807042008103772070100000000000369176193
02011012807042008105777065916604931630330165165
02011012807052006101576071119005211790342168174
02011012807052007101163071218305291720357177180
02011012807052007101171071018305271720355173182
02011012807052007104601072119005311810350179171
02011012807052007105563080320006032010402208194
02011012807052008101579063316404691570312154158
02011012807052008101714064016804721590313155158
02011012807052008102440063816704711570314154160
02011012807052008102541070118405171710346171175
02011012807052008103265064116304781570321164157
02011012807052008103393069117305181710347174173
02011012807052008103419000000005401730367183184
02011012807052008104262062615504711530318157161
02011012807052008104670069818105171700347170177
02011012807052008104846070818505231720351176175
02011012807052008106551075820705511960355183172
02011012807062008101013069016905211730348175173
02011012807062008103010066418104831660317167150
02011012807072007102496068017305071690338169169
02011012807072007103846070418705171770340170170
02011012807072008103766069718605110000000000169
02011012807082008100939071919005291790350175175
02011012807082008101668071419005241760348178170
02011012807082008104130052314203811300251128123
02011012807082008104584070618105251780347172175
02011012807082008109253071118505261810345172173
02011012807092005110217062616104651590306153153
02011012807092007106361074418905551850370182188
02011012807092008100593071217505371760361180181
02011012807092008103421000000005411760365186179
02011012807092008104465071819105271810346171175
02011012807102006102950064517104741560318154164
02011012807102006105511066517104941670327165162
02011012807102007100224069517005251680357174183
02011012807102007106634063000000000000316159157
02011012807102007110118065117304781590319164155
02011012807102008102076065616904871590328160168
02011012807102008102222066617304931640329165164
02011012807102008102912000017200001570000151000
02011012807102008103318069217405181650353170183
02011012807102008104152066817304951590336160176
02011012807102008104317066416005041640340165175
02011012807102008104439069317205211660355174181
02011012807102008105041064917104781610317155162
02011012807102008106387000000005101670343170173
02011012807102008106508063616004761530323159164
02011012807112006106184060115704441540290145145
02011012807112007102976065517104841680316160156
02011012807112007104904071518005351750360179181
02011012807112007106424063116604651580307150157
02011012807112008100194065216604861650321167154
02011012807112008100808065116604851650320168152
02011012807112008100875068317505081740334169165
02011012807112008101012067900000000000341170171
02011012807112008101709000016900000000000000000
02011012807112008105966067717105061700336167169
02011012807112008110003067917205071640343170173
02011012807122005100667077819405841900394194200
02011012807122005102150076619405721900382191191
02011012807122006103012067317305001670333165168
02011012807122006104540067417205021650337169168
02011012807122007102588081020706031970406202204
02011012807122007102687064916504841560328166162
02011012807122007106428068917705121650347173174
02011012807122008100776067717005071640343172171
02011012807122008100833076720205651910374187187
02011012807122008101983076419505691860383189194
02011012807122008103579076419505691890380188192
02011012807122008104140068417405101640346171175
02011012807122008104247068117805031620341171170
02011012807122008104373068717605111660345170175
02011012807122008105604067517405011680333165168
02011012807122008106745067918004991700329166163
02011012807132005103927064316004831620321160161
02011012807132006106773069118605051650340175165
02011012807132007101898069318405091720337169168
02011012807132007103062074218705551810374184190
02011012807132007104567071217105411680373175198
02011012807132007110133068517905061710335170165
02011012807132008100207065617004861690317159158
02011012807132008102611084121606252070418207211
02011012807132008104666068018005001680332169163
02011012807132008105513000000000000000000000000
02011012807132008105747069118105101690341172169
02011012807132008106099074118505561810375187188
02011012807132008106184066516704981630335162173
02011012807132008110068065816504931590334158176
02011012807142003110183065817704811630318159159
02011012807142004103311075319405591880371192179
02011012807142006104507064416104831590324160164
02011012807142006109255062715304741540320160160
02011012807142007104370066016005001610339166173
02011012807142007105203068317605071710336168168
02011012807142008103263062315704661500316153163
02011012807142008105015060115404471510296148148
02011012807142008105052061016604441500294150144
02011012807142008105102060015604441530291146145
02011012807142008105879063416004741560318161157
02011012807152006110116068518305021730329163166
02011012807152008100728068118105001650335168167
02011012807152008101092097100000000000499255244
02011012807152008102110066016304971640333166167
02011012807152008103466067618204941700324163161
02011012807152008104971069418305111750336170166
02011012807162004105122070618105250000000000176
02011012807162004105306069916605331700363183180
02011012807162005102102083921206272030424205219
02011012807162007101779070919105181760342173169
02011012807162008101008070700000000000360177183
02011012807162008101538065216904831570326157169
02011012807162008102077064916804811580323157166
02011012807162008103021065917404851640321161160
02011012807162008103369065716804891630326166160
02011012807162008103771068117105101690341174167
02011012807162008104955077219005821880394197197
02011012807162008104956065417004841650319160159
02011012807162008106501064717804691670302162140
02011012807162008110081072118805331800353183170
02011012807172005110152067117204991630336164172
02011012807172006103249076019505651840381189192
02011012807172007100729069317605171740343174169
02011012807172007106566065416204921590333162171
02011012807172007110092063817004681600308155153
02011012807172008100935067017304971650332170162
02011012807172008103772068316205211680353175178
02011012807172008105120067500000000000338170168
02011012807172008105155069517205231720351176175
02011012807182006101224066316404991600339172167
02011012807182006102892066716904981670331165166
02011012807182006106768070417605281770351178173
02011012807182007103590069717405231650358184174
02011012807182008101358069917705221680354176178
02011012807182008101516068917605131760337170167
02011012807182008101586070217405281740354177177
02011012807182008101713066216304991610338169169
02011012807182008102140071319605171800337172165
02011012807182008102489064315604871550332163169
02011012807182008102699071020005101790331172159
02011012807182008102839066717104961680328165163
02011012807182008103641067716805091670342167175
02011012807182008103670071519805171800337173164
02011012807182008103677069117505161780338175163
02011012807182008105857071419805161810335170165
02011012807182008106551066718904781750303159144
02011012807192007101000065916504941610333164169
02011012807192008101807069416205321650367180187
02011012807192008102466062016404561570299153146
02011012807192008102806069719405031670336167169
02011012807192008103756070817305351760359179180
02011012807192008104063070717905281870341176165
02011012807192008104766071018405261750351175176
02011012807192008104991068416905151640351177174
02011012807192008105456066716605011650336167169
02011012807192008105777068417305111650346172174
02011012807202005103831058716504221530269139130
02011012807202006106184053414303911370254128126
02011012807202007101245065416404901620328162166
02011012807202008100212064615504911620329163166
02011012807202008100544068917805111740337171166
02011012807202008102799092223606862220464230234
02011012807212007106361057314204311350296145151
02011012807212008100644068017805021710331167164
02011012807212008102983073018305471800367180187
02011012807212008103393063716604711570314159155
02011012807212008103419067116805031660337170167
02011012807212008104805063415204821560326160166
02011012807222007101163066716705001660334165169
02011012807222007101171063216104711590312158154
02011012807222007102496063616204741590315156159
02011012807222007102512059515504401460294148146
02011012807222007104601068218205001670333165168
02011012807222007105563075919805611880373188185
02011012807222008100560071017805321800352180172
02011012807222008102541063616104751580317158159
02011012807222008102598067118504861600326164162
02011012807222008103806000000000000000000000000
02011012807222008104846065216504871640323161162
02011012807222008106574071218005321800352180172
02011012807232007103234068618105051680337162175
02011012807232007103846067918104981690329167162
02011012807232008101668068017905011710330169161
02011012807232008103766068417705071730334172162
02011012807232008104275079620705891970392195197
02011012807232008104276078320405791910388198190
02011012807232008109253066516804971710326167159
02011012807242005100667074518605591860373184189
02011012807242008102646067518204931660327167160
02011012807242008103365066518604791710308157151
02011012807252005102150075718805691890380191189
02011012807252006102950061316004531520301149152
02011012807252006105511062815304751550320158162
02011012807252007102588071418805261720354176178
02011012807252008102912060315404491520297148149
02011012807252008105041063316104721580314154160
02011012807262005102335070817605321790353177176
02011012807262007103062073518805471810366183183
02011012807262007106428065216304891560333162171
02011012807262007106593070317705261760350179171
02011012807262008101983068118404971660331167164
02011012807272008102539078919805911940397197200
02011012807272008106099071618005361770359180179
02011012807282006103051065517204831610322162160
02011012807282007101898064000000000000314156158
02011012807282007110133064617204741630311160151
02011012807282008102611083800000000000413209204
02011012807282008103359067517604990000000000160
02011012807282008104666063816204760000000000157
02011012807302006102307064916304861580328169159
02011012807302006110116053914703921360256129127
02011012807302007101791066716605011600341171170
02011012807302008101553065716404931570336172164
02011012807302008103025065916504941610333167166
02011012807302008104971053714703901360254128126
02011012807312003103343074819105571880369189180
02011012807312008102435068618505011680333166167
02011012807312008103771065316504881640324166158
02011012807322005105273067016305071630344165179
02011012807322006103249074518905561830373187186
02011012807322007101943074418905551890366184182
02011012807322007106566065216204901560334163171
02011012807322008102586070918305261800346178168
02011012807332008109050079220905831920391199192
02011012807342004103299067918304961610335160175
02011012807352007100134070218305191770342172170
02011012807352008102491065616404921690323160163
02011012807352008103809074619405521840368185183
02011012807362006106115064316704761610315165150
02011012807362006106656070818705211780343170173
02011012807362007101635064216704751570318154164
02011012807362008100667073119805331750358182176
02011012807362008102346063916804711580313158155
02011012807362008104126073119705341780356183173
02011012807362008104275070118205191760343175168
02011012807362008104276069318305101720338169169
02011012807372005100667067918604931660327163164
02011012807372005102150069217405181740344175169
02011012807372006105714000000004820000000000160
02011012807372007100083064916104881530335156179
02011012807382003110124062217804441510293147146
02011012807382007102588070417905251760349179170
02011012807392008100116064916004891630326165161
02011012807392008109009078020005801920388193195
02011012807402006103481074518505601760384187197
02011012807402008100355072618905371830354181173
02011012807402008104663072518105441820362189173
02011012807402008105363067516605091650344170174
02011012807412005102335063516704681570311155156
02011012807412005103961069417405201730347175172
02011012807412007106593065116904821610321167154
02011012807412008100916077819305851910394191203
02011012807412008105900069817205261670359177182
02011012807422005106201068918205071710336169167
02011012807422007105823074218405581820376184192
02011012807422007110102069817505231750348179169
02011012807422007110103068417405101730337000000
02011012807422008101982066717104961630333168165
02011012807422008103139066316804951600335168167
02011012807422008103319069717805191740345175170
02011012807422008103467072919305361820354177177
02011012807422008104611065916404951600335165170
02011012807422008104677068216505171640353174179
02011012807422008105666072018205381800358179179
02011012807422008106606069518205131710342173169
02011012807422008110132070018105191730346175171
02011012807432006101443073019805321880344176168
02011012807432008102903071618805281760352179173
02011012807432008103345075920205571840373187186
02011012807442005102303000000000000000000000173
02011012807442008101858069817605221740348177171
02011012807442008105330067717205051690336169167
02011012807442008106382070517405311710360177183
02011012807442008106442067617205041690335168167
02011012807452005102640062215704651550310153157
02011012807452006110096063615704791540325157168
02011012807452007110046063215604761560320157163
02011012807452008100210068217305091700339170169
02011012807452008100569067017204981660332162170
02011012807452008102586067217504971800317176141
02011012807452008102662070418305211720349176173
02011012807452008102770061715504621540308152156
02011012807452008106666070417605281790349182167
02011012807462008102527070318305201770343177166
02011012807472003103343073118505461840362181181
02011012807472004100176068217405081680340169171
02011012807472005102296070018005201780342173169
02011012807472007101212067816305151630352174178
02011012807472008103455070217305291700359177182
02011012807482006101977070317905241680356174182
02011012807482007102091070817405341770357179178
02011012807482008102435069518305121740338170168
02011012807492007100083064114804931530340159181
02011012807502007100134063416404701590311157154
02011012807502008101613071619105251810344176168
02011012807512006106656070518005251750350175175
02011012807512007102237065316104921590333163170
02011012807512008101122065516604891650324165159
02011012807512008104126072819205361840352176176
02011012807522006101287070018405161780338174164
02011012807522006103486066616904971660331166165
02011012807522008100345066116404971680329168161
02011012807522008100960065317304801660314160154
02011012807522008101782062715604711520319154165
02011012807522008102428064416504791580321164157
02011012807522008103541068116905121700342172170
02011012807522008105344065916104981520346165181
02011012807522008106663065016804821660316161155
02011012807532008103117072619105351740361177184
02011012807532008105362070419305111730338166172
02011012807532008105578000000005331750358176182
02011012807532008110117073019305371740363180183
02011012807542008104120063316404690000000000000
02011012807542008109009062816204661550311152159
02011012807552007101326066417204921680324163161
02011012807552008101050063416504691620307159148
02011012807552008104611064916004891590330163167
02011012807552008105666065616604901630327163164
02011012807562005103961066116704941680326168158
02011012807562008100210066816705011650336167169
02011012807562008100569067117105001700330165165
02011012807562008101982066616704991720327164163
02011012807562008103139065916604931680325166159
02011012807562008106606067918104981690329167162
02011012807572007102601084521806272180409207202
02011012807572007105487081421106031960407201206
02011012807572007110103065216704851660319162157
02011012807572008103319065216504871630324165159
02011012807582006102086069817805201760344171173
02011012807582006103787071417105431770366183183
02011012807582008100355066516704981660332165167
02011012807582008105900067217005021650337171166
02011012807582008106126068016505151620353176177
02011012807592008100916084523306122090403195208
02011012808002005102640060215804441490295146149
02011012808002006110096057714404331370296140156
02011012808002007102694070818105271730354178176
02011012808002007110046058315204311460285142143
02011012808002008100532070817705311730358176182
02011012808002008101858067116905021690333175158
02011012808002008102770060416104431470296146150
02011012808002008105125070517205331690364176188
02011012808002008105330065016704831630320161159
02011012808002008106382070917605331670366174192
02011012808002008106442065016604841630321162159
02011012808012004102270068317105121710341171170
02011012808012006104170069918105181750343172171
02011012808012008100964071718205351760359179180
02011012808022007101809065816604921610331163168
02011012808022007110035063015904711580313151162
02011012808022008101705072218305391770362175187
02011012808022008101780065416704871590328161167
02011012808022008103604065517204831670316155161
02011012808032004103936061116004511480303151152
02011012808032005102296069217405181730345000000
02011012808032006101977069817605221710351170181
02011012808032007102091068817905091720337169168
02011012808032007102942062016004601560304153151
02011012808032008103455069017705131710342173169
02011012808052007109332067917905001630337164173
02011012808272005104290064900000000000000000000
02011012808272006102823066418204821670315160155
02011012808272008100370067618004961720324167157
02011012808272008102079062316104621540308154154
02011012808272008102871064917104781590319160159
02011012808272008103039059714504521500302152150
02011012808272008103701065917304861620324163161
02011012808282005102030076819805701930377190187
02011012808282007102601076420405601890371185186
02011012808282008102535077619505811920389196193
02011012808282008103543063516204731570316157159
02011012808292007105487074618305631830380185195
02011012808292008106485072519505301810349176173
02011012808302008100455066117504861640322162160
02011012808302008101420068718105061790327166161
02011012808312003104234061714904681540314158156
02011012808312005110150063017604541630291151140
02011012808312007103738060615404521500302149153
02011012808312008103096064716004871580329165164
02011012808322008100826074619405521870365190175
02011012808322008102441068718305041730331167164
02011012808322008103741066416704971650332165167
02011012808332004101208067117504961630333166167
02011012808332006102730077120205691880381192189
02011012808332006103193064817204761630313155158
02011012808332006104467068418205021770325166159
02011012808332006104791068117105101730337167170
02011012808332008101727064217004721570315154161
02011012808332008106093067017204981670331167164
02011012808332008109030067117704941660328165163
02011012808342004102282077919405851930392193199
02011012808412007106115072618705391790360180180
02011012808422007102601074019005501870363178185
02011012808422007105487073017405561720384184200
02011012808432005105253071217605361690367176191
02011012808462006102730087422306512170434225209
02011012808472004102282069217705151760339166173
02011012808482008102628069718305141720342170172
02011012808492008102554073823505031820321158163
02011012808492008110023065617204841630321161160
02011012808522006105244071418105331790354177177
02011012808552007100285071217605361820354185169
02011012808572005105253063216804641620302153149
02011012808582007102829067516605091660343172171
02011012809002008106670073819105471790368187181
02011012809032006101036087229505772180359184175
02011012809042007105970068518005051690336170166
02011012809042008105023068817605121660346172174
02011012809062008106101067017204981620336167169
02011012809072006105244067217005021690333168165
02011012809072008105207063416504691520317155162
02011012809082005102401063518504501580292148144
02011012809082007100285054515003951440251129122
02011012809092005110112062315304701530317156161
02011012809092006101820067717005071640343169174
02011012809092006103419063616204741530321158163
02011012809092008100380068417005141700344170174
02011012809092008102789066517104941630331162169
02011012809092008102873064516604791570322161161
02011012809092008103258064916604831600323160163
02011012809092008103372062916104681530315155160
02011012809092008104378067816805101700340173167
02011012809102007100076064116304781620316161155
02011012809102007101986064500000000000000000163
02011012809102008109060063815104871550332163169
02011012809112007102829067216705051650340170170
02011012809122008102266064115704841610323161162
02011012809122008102988064315504881590329163166
02011012809132006104817066417104931590334166168
02011012809142008101059089923406652280437218219
02011012809162006101036065325503981500248127121
02011012809162006105438070518305221800342168174
02011012809162008102540077119605751880387197190
02011012809162008105023063315704761550321159162
02011012809162008105805077219605761880388197191
02011012809172007105970064517204731620311158153
02011012809182007105038070317805251720353173180
02011012809192005106738066316904941650329167162
02011012809192006105503066717204951640331164167
02011012809192006106193066917204971630334164170
02011012809192008105658064214704951610334163171
02011012809202005102607072018405361780358173185
02011012809202007100642072018405361760360181179
02011012809202008100760065716604911610330165165
02011012809202008106101066117004911620329162167
02011012809212007103990066918704821710311157154
02011012809222006102453070018105191690350173177
02011012809222008102873051713703801310249124125
02011012809222008103372052113903821320250124126
02011012809222008105177069217905131770336175161
02011012809232005110112060215004521490303150153
02011012809232006103419058315604271410286139147
02011012809232006103621072018605341850349173176
02011012809232008102139068417405101680342170172
02011012809232008102789058615504311410290142148
02011012809232008103258058715404331430290141149
02011012809232008103886067517804971630334166168
02011012809232008109060068416705171640353173180
02011012809252008101211070319005131740339169170
02011012809252008102543073919205471860361175186
02011012809262004101071073019405361760360180180
02011012809262008105516071118005311730358180178
02011012809472006104619069218405081690339166173
02011012809472008100330067016005101630347167180
02011012809472008105654054014703931340259131128
02011012809482006102141073419005441850359179180
02011012809482006102453065716704901540336166170
02011012809482006103517066717004971650332164168
02011012809482007101539067416905051640341163178
02011012809482007101665068317205111640347168179
02011012809482007106223070217605261690357177180
02011012809482008100344066817304951610334161173
02011012809482008100747073719405431810362178184
02011012809482008102454069217805141690345172173
02011012809482008102482070018005201730347172175
02011012809482008103997068317605071650342171171
02011012809482008104314068517605091670342172170
02011012809482008104514068517905061640342166176
02011012809482008104649065516604891590330162168
02011012809482008104695073619105451760369180189
02011012809482008105177067016805021690333166167
02011012809482008105701066117104901610329164165
02011012809482008106386073819005481750373186187
02011012809492006100541068917405151690346172174
02011012809492006103621070818305251770348175173
02011012809492007105211063515104841530331158173
02011012809492007106152068217505071690338169169
02011012809492008100088063516004751540321162159
02011012809492008100138063716504721500322163159
02011012809492008100602065816604921580334162172
02011012809492008100904063700000000000000000160
02011012809492008100926070217305291720357177180
02011012809492008101832065015804921630329167162
02011012809492008102451064916204871610326160166
02011012809492008103886064417004741590315154161
02011012809492008104383065517304821590323163160
02011012809492008105933068817705111710340169171
02011012809492008109124065216204901620328160168
02011012809502004103125067017104991640335169166
02011012809502005102705073021805121840328162166
02011012809502005104785067917105081680340167173
02011012809502005106043067217205001690331165166
02011012809502007104714069217005221710351179172
02011012809502007104849064516904761580318163155
02011012809502007104909070918405251750350174176
02011012809502008100534065416204921620330161169
02011012809502008100542065816704911600331160171
02011012809502008100607064215404881610327159168
02011012809502008100800070518205231750348173175
02011012809502008102750069817705211690352175177
02011012809502008102828069617605201690351179172
02011012809502008103826069717805191680351178173
02011012809502008104809064816104871610326166160
02011012809502008104881064617104751610314161153
02011012809502008106189067317305001660334167167
02011012809512004100380070318405191780341173168
02011012809512004107111064716204851560329159170
02011012809512005100631063516404711540317158159
02011012809512005105564068217105111670344169175
02011012809512006103045063415904751600315160155
02011012809512006103101066117304881640324162162
02011012809512006105478072118605351770358173185
02011012809512007101541067717305041620342170172
02011012809512007103108066717204951590336165171
02011012809512007106343070618205241780346177169
02011012809512008100384064516304821540328159169
02011012809512008100451070918105281760352177175
02011012809512008100526068217305091630346174172
02011012809512008100603071418105331770356177179
02011012809512008101000070117805231700353183170
02011012809512008101134074121305281860342177165
02011012809512008101883067517704981580340171169
02011012809512008102640063616104751550320159161
02011012809512008103310070217805241690355175180
02011012809512008104268070918105280000000000173
02011012809512008104292070918105281750353177176
02011012809512008110063064816704811610320160160
02011012809522004106263074618405621830379186193
02011012809522006102452062616004661540312153159
02011012809522006103568069618605101740336173163
02011012809522007101891061315204611490312151161
02011012809522007102929068817805101720338171167
02011012809522007103186068717505121690343172171
02011012809522008100274070218605161730343172171
02011012809522008100342070618505211690352170182
02011012809522008100856069216905231730350175175
02011012809522008101239068515905261680358178180
02011012809522008101249066816904991670332164168
02011012809522008102000072219005321760356176180
02011012809522008102518064116704741490325156169
02011012809522008102638058315004331410292144148
02011012809522008102660071118005311760355177178
02011012809522008103044000000004481470301149152
02011012809522008103204061115604551510304149155
02011012809522008104174061915104681500318154164
02011012809522008104384071518105341780356177179
02011012809522008104796069017605141670347171176
02011012809522008105553070617805281780350175175
02011012809522008106282072018905311790352176176
02011012809532005106739072618305431760367184183
02011012809532006104463062416004641560308154154
02011012809532006106319061715904581480310152158
02011012809532008101700063716104761570319160159
02011012809532008102298067517205031660337170167
02011012809532008103441065615704991590340173167
02011012809532008103648063315504781560322159163
02011012809532008105117067616605101710339170169
02011012809532008105557067317205011690332168164
02011012809532008106599068517405111710340170170
02011012809532008109033066716904981630335171164
02011012809542004100141072819105371820355180175
02011012809542006100275068417705071680339170169
02011012809542007100905066217504871600327160167
02011012809542008102694062216204601530307153154
02011012809542008103370073718905481770371187184
02011012809542008103649064616604801540326161165
02011012809542008103650063616404721530319159160
02011012809542008104953072217605461740372187185
02011012809542008105313068917505141620352173179
02011012809542008105433070100000000000352174178
02011012809542008106175073218605461780368180188
02011012809552004110247063216604661570309154155
02011012809552006103129062916104681570311154157
02011012809552008100931064615904871600327160167
02011012809552008101979070718605211780343173170
02011012809552008102986073318005531750378189189
02011012809552008103168063116204691590310154156
02011012809552008103870063316204711570314157157
02011012809552008104134064916004891600329159170
02011012809552008109001072417905451760369187182
02011012809562007104928068917705121690343171172
02011012809562008100649064216804741600314158156
02011012809562008100692063816804701580312158154
02011012809562008101468069517605191710348174174
02011012809562008103007064316204811560325162163
02011012809562008104165060115704441480296147149
02011012809562008104199069216805241660358173185
02011012809562008104216067818104971770320166154
02011012809572007105545063316004731550318158160
02011012809572007109156063717204651620303153150
02011012809572008101206062915804711520319153166
02011012809582006101762096424007242330491247244
02011012809582008106374067318204911680323162161
02011012809592007106103049913503641220242118124
02011012809592008104203073720605311750356178178
02011012809592008105317065216404881590329166163
02011012810002006103117067017104991660333169164
02011012810002007102672066216105011630338167171
02011012810002008100032073118105501920358193165
02011012810012006104619069717505221710351175176
02011012810012008100537072918705421800362176186
02011012810012008102823059914904501430307149158
02011012810012008104695069417305211690352174178
02011012810012008104907062716104661560310154156
02011012810012008105767064515804871520335160175
02011012810022005102413068917805111700341169172
02011012810022007102364062717204551460309155154
02011012810022007104812066517404911620329166163
02011012810022008100330063215204801530327160167
02011012810022008101561071818005381770361182179
02011012810022008101940074219705451790366185181
02011012810022008102178072119405271740353178175
02011012810022008105035071818005381780360182178
02011012810032007101665066116804931610332166166
02011012810032007106223066117404871680319162157
02011012810032008101191064316704761620314160154
02011012810032008102451064716504821590323163160
02011012810032008105262064516904761610315160155
02011012810032008109124065716604911640327162165
02011012810042005102705069721104861740312166146
02011012810042007104909068818705011720329164165
02011012810042008100542066117004911650326165161
02011012810042008100800067717305041660338167171
02011012810042008100926069517605191690350176174
02011012810042008101134069721204851750310167143
02011012810052005104785054615603901270263130133
02011012810052005106043058415504291460283143140
02011012810052006105478070719205151730342173169
02011012810052007101364082022105992010398196202
02011012810052007101541070419205121800332170162
02011012810052008100083075519405611890372185187
02011012810052008100603069618905071740333172161
02011012810052008101000070318905141790335171164
02011012810052008101883070518805171820335171164
02011012810052008102828069917705221740348176172
02011012810052008103826069717605211700351176175
02011012810052008104268000000005161790337172165
02011012810052008104476069517705181730345172173
02011012810062004100380068518105041720332168164
02011012810062008100597067717305041610343171172
02011012810062008102298063216304691580311155156
02011012810072005105564065516804871580329162167
02011012810072006102838067817904991670332167165
02011012810072006103045062215704651530312155157
02011012810072008101979072718305441770367182185
02011012810082006105514068917405151730342173169
02011012810082007105270064216704751630312160152
02011012810082007106358063916604731640309156153
02011012810082008100274065017704731630310153157
02011012810082008102986076220805541840370183187
02011012810082008103326063515704781580320165155
02011012810082008103476064016404761620314161153
02011012810082008109001072518905361780358177181
02011012810092004100141069718105161750341176165
02011012810092008101468064916404851520333164169
02011012810092008102660068217605061680338170168
02011012810092008104199063915804811500331160171
02011012810092008104384068417605081670341171170
02011012810102004110247057415404201460274138136
02011012810102006103129057315404191430276140136
02011012810102008101700066516804971630334166168
02011012810102008103168062915704721520320155165
02011012810102008103870057515504201430277141136
02011012810102008105117066616405021650337174163
02011012810102008105433064716704800000000000160
02011012810112006100357067616805081610347172175
02011012810112006103229062915804711570314157157
02011012810112008101649067617904971660331167164
02011012810112008103016058915404351460289143146
02011012810122004100914063316404691540315157158
02011012810122008102194073617405621770385186199
02011012810122008103829075218605661860380191189
02011012810132008105317054014403961340262132130
02011012810152006101310000000000000000284000000
02011012810152006106287071118005311790352177175
02011012810152008101561069917405251650360181179
02011012810152008102779076119205691860383187196
02011012810152008105035069817505231640359181178
02011012810152008105084063116704641550309156153
02011012810162007102591079219905931900403198205
02011012810162008100659083321606172040413205208
02011012810162008101703079219905931950398199199
02011012810162008105572079620605901900400197203
02011012810172005104676067316305101580352168184
02011012810172007102653067816305151560359168191
02011012810172007102962081720406131900423207216
02011012810172007105567067516705081490359170189
02011012810172008100083069417305211650356173183
02011012810182003104374067217904931620331164167
02011012810182008106481068217605061590347159188
02011012810192008100312065916504941630331171160
02011012810192008103148068317905041660338163175
02011012810192008105364066117004911670324165159
02011012810212006101987066816705011640337166171
02011012810212008103915058514504401470293142151
02011012810222005102028072618205441780366178188
02011012810222006106377068017305071720335169166
02011012810232007105407069817505231740349175174
02011012810232008101927069517805171730344172172
02011012810232008105691069417605181720346173173
02011012810242008103829071018105291830346178168
02011012810252006100777072718905381840354181173
02011012810252008105633072018805321860346173173
02011012810262005101356080621005961990397199198
02011012810262008101747074918805611870374188186
02011012810262008102107075519305621840378191187
02011012810262008105629076620905571760381181200
02011012810282007102591073118405470000000000188
02011012810282008101703073719005471780369182187
02011012810292004105669070020005001660334160174
02011012810292008100659082520806171930424208216
02011012810292008101568066116105001560344167177
02011012810292008104469068217605061640342169173
02011012810292008104582068017305071630344170174
02011012810292008105518067418404901640326161165
02011012810302007102962074518605591840375000000
02011012810302008102174072118605351790356175181
02011012810302008105572073918505541820372186186
02011012810312008102779071918105381770361178183
02011012810312008106272072817705511770374181193
02011012810322008104169064916504841580326164162
02011012810332008104284069618305131730340173167
02011012810342007101191065116504861610325162163
02011012810342008100193070117705241750349175174
02011012810352004103107072919205371840353178175
02011012810352007104047073317505581820376193183
02011012810352007104132067616805081620346173173
02011012810352008101002000016100001570000162000
02011012810352008101352066716904980000000000168
02011012810352008102221067816605121640348173175
02011012810352008103801070217705251700355179176
02011012810362005110005063816104771590318158160
02011012810362006101987067617505011640337168169
02011012810362006106411085020606442140430216214
02011012810362007105370054514803971360261132129
02011012810372008102525084321006332090424213211
02011012810382006100777071018905211740347175172
02011012810382007105407066817004981640334167167
02011012810382008105633069919105081720336169167
02011012810382008105691066617004961680328167161
02011012810402006103365060815804501520298152146
02011012810412007102591070017805221690353175178
02011012810412007102962072518905361780358180178
02011012810412008101703069317205211710350169181
02011012810412008104083071817305451810364176188
02011012810422008101747074619605501850365186179
02011012810422008102107075019805521860366183183
02011012810432008100659075618805681870381189192
02011012810432008105572072518605391750364181183
02011012810442008102174069818205161700346170176
02011012810442008102951074420005441770367180187
02011012810452005100122069717905181720346168178
02011012810472008101157074219205501810369185184
02011012810492007104047071618605301770353179174
02011012810502004103107070318805151760339172167
02011012810502006106411085521006452030442218224
02011012810502007110094064914805011570344175169
02011012810502008101002000016500001610000164000
02011012810502008101352066616704991670332167165
02011012810502008102221066316904941610333170163
02011012810572008104574069917505241730351176175
02011012810572008104816065416504891670322165157
02011012810592007104591068218005021690333163170
02011012811002008101157072218605361790357177180
02011012811062007101782076119405671860381189192
02011012811072005100674084922506242100414207207
02011012811072005102155082020506151960419208211
02011012811072006101303083321006232040419213206
02011012811192005102155076119005711820389193196
02011012811192006101303073619805381840354180174
02011012811192007101782072518105441760368181187
02011012811202005100674076118705741830391197194
02011012811232005102013077820005781910387191196
02011012811312007101782072918405451750370183187
02011012811322005100674073518205531810372185187
02011012811322005102155072018105391790360180180
02011012811322006101303069418305111750336167169
