12011011004282006102958054615003961320264133131
12011011004282006103691089123806532290424214210
12011011004282007102571073918805511790372187185
12011011004282008100791000000000000000000000000
12011011004282008102565000000000000000278000000
12011011004292006103710067518604891590330163167
12011011004292008101430000000000000000365178187
12011011004292008101760055815404041440260136124
12011011004292008103994070717605311780353176177
12011011004292008104618000000004180000000000137
12011011004292008105924000000000000000000000000
12011011004302004100879056015004101420268139129
12011011004302005100829060915104580000000000156
12011011004302005102188056015604041400264135129
12011011004302005102454000000000000000000000000
12011011004302005105605063616304731560317162155
12011011004302006104736000000000000000000000000
12011011004302007102686060816004480000000000157
12011011004302007103290000000000000000000000000
12011011004302007103326000000000000000323000000
12011011004302008101592060217104311560275000000
12011011004302008102978057915304261380288144144
12011011004302008103540057915304261380288144144
12011011004302008104879060716104461450301000000
12011011004312004100543000000000000000000157000
12011011004312004101854055414804061360270135135
12011011004312007105725000000000000000268131137
12011011004312007110028000000000000000000000000
12011011004312008101078056315004131410272136136
12011011004312008101815056200000000000271134137
12011011004312008103665000000000000000000000000
12011011004312008104852057416204121460266137129
12011011004312008105142000000000000000000000000
12011011004312008105993057516304121460266136130
12011011004312008106307000000000000000325000000
12011011004312008106420000000000000000000000000
12011011004322005103517055815604021440258134124
12011011004322005104165000016900001590000165000
12011011004322006102150000000000000000000000000
12011011004322006104040064900000000000320159161
12011011004322006105135070319005131760337172165
12011011004322007103884000000000000000000164000
12011011004322007106710064816304851630322158164
12011011004322008100285065618304731660307155152
12011011004322008103083000000000000000332167165
12011011004322008104756069418705071760331165166
12011011004322008105524000000004841630321156165
12011011004322008105529064616704791570322000000
12011011004332003102977067517904961640332166166
12011011004332004103725053200000000000258000000
12011011004332005103381059216804241470277000000
12011011004332005110136000000000000000000000000
12011011004332006103319065700000000000328162166
12011011004332008103136065417504791680311159152
12011011004332008103363000000000000000000000000
12011011004332008105085000000000000000000197000
12011011004342005105102065200000000000330169161
12011011004342007106439061616404521510301149152
12011011004342008101639068918405051650340170170
12011011004342008103302068119204891630326162164
12011011004342008105096000019800000000000000000
12011011004352004103327069920904901800310163147
12011011004352007103343070221004921800312165147
12011011004352007105709070020504951840311165146
12011011004352007110048070120604951850310164146
12011011004352008102633066218204801630317158159
12011011004352008102838058416204220000000000000
12011011004352008103004070221004920000000000149
12011011004352008103137070020204981850313162151
12011011004352008103298058416204221410281139142
12011011004352008103317069920404951840311164147
12011011004352008104581000014700001420000144000
12011011004362003106133065318304701570313159154
12011011004362004105610056114904121340278136142
12011011004362005103112060600000000000297150147
12011011004362006110013000015000001370000000000
12011011004362007100210070621504911710320163157
12011011004362007103211070821504931720321164157
12011011004362007104489058815904291440285140145
12011011004362008100589071221604961720324164160
12011011004362008100685070521604891720317165152
12011011004362008102767058314604371420295146149
12011011004362008103186070421904851740311164147
12011011004362008103221063317004631450318157161
12011011004362008105013000000000000000335168167
12011011004362008110038067818504931660327165162
12011011004372004102986000000004370000000000000
12011011004372007100828000000000001530000152000
12011011004372008100216070320005031820321162159
12011011004382004102495062300000000000000000000
12011011004382006103018068017505051710334170164
12011011004382006104477064320104421600282143139
12011011004382007101659058716704201500270143127
12011011004382007102503058315704261480278141137
12011011004382008101984054014503951340261126135
12011011004382008102735056314604171410276138138
12011011004382008102933054214204000000000000139
12011011004382008103013065616404921650327162165
12011011004382008103959054714504021360266134132
12011011004382008109154055914704121340278138140
12011011004392008106421072520305221760346172174
12011011004402007104281065216504871610326164162
12011011004402007106724000000000000000000000000
12011011004402008102025067618504911640327163164
12011011004402008104359061816404541440310156154
12011011004402008104755069119604951670328167161
12011011004402008105923064317104721580314159155
12011011004412005104694000000004551480307154153
12011011004412007102985057116204091490260000000
12011011004412008101504000000005641920372000000
12011011004412008102093055400000000000259000000
12011011004412008105874081822205961940402000000
12011011004412008109230055014504051390266135131
12011011004422007101299073820705311800351174177
12011011004422007101798057200000000000269000000
12011011004422007105955000000004111470264000000
12011011004422008100558073220405281770351174177
12011011004422008101048053714603911350256127129
12011011004422008101281054314803951370258127131
12011011004422008101505055314804051350270133137
12011011004422008102412055014904011360265132133
12011011004422008102836055415404000000000000000
12011011004422008103881058016504151490266136130
12011011004422008104098058915204371480289000000
12011011004422008105704056215604061450261133128
12011011004432005106274000000000000000000000000
12011011004432006100924000000000000000359180179
12011011004432008102431057014704231460277143134
12011011004452008105916072218505371750362180182
12011011004452008106346000000004631520311000000
12011011004462008101633054315403891360253125128
12011011004462008102730069519005051680337170167
12011011004462008105085000000005381800358181177
12011011004472008103422000000000000000000000000
12011011004492006103177000000005481870361185176
12011011004502006106031081324505682070361190171
12011011004502008101444000000000000000000000000
12011011004512008106421000000000000000306000000
12011011004522005100222057000000000000000000000
12011011004532005110154000000000000000000000143
12011011004532007105564000000000000000000000000
12011011004532008103897058216604161440272135137
12011011004552007110012000000000000000000000000
12011011004552008101722000000000000000000000000
12011011004552008102924000000000000000000000000
12011011004572007101654000000000000000375000000
12011011004572007105743055114104101350275000000
12011011004572008101246000000000000000000170000
12011011004572008104013000000000000000000000000
12011011004582007102359058114904321440288151137
12011011004582008100479056100000000000000000000
12011011004582008101690000000000000000000000000
12011011005002008104097066316904941620332167165
12011011005012006104703000000000000000000000000
12011011005012008104764057415504191460273141132
12011011005022007104255000000000000000335000000
12011011005042008101643000000000001540000000000
12011011005042008101647069518305121720340174166
12011011005042008101651000018400001720000174000
12011011005052004105640057416104131470266136130
12011011005052005106204056815704110000000000129
12011011005052008101464000000000001720000000000
12011011005052008101631000000000000000000000000
12011011005052008101775069816305351670368189179
12011011005052008102896056714404231400283138145
12011011005052008104176056914404251400285138147
12011011005052008105373078319805852020383000000
12011011005072005106331000000000000000000000000
12011011005072008100629060816304451520293150143
12011011005082007103023064515904861670319163156
12011011005102006104039058716104261440282141141
12011011005112008106124070117605251730352178174
12011011005122004103133062216004620000000000152
12011011005122006106787000000005110000000000000
12011011005122007103404072517905461770369184185
12011011005122007106370064517904661570309151158
12011011005122008100872069018005101680342167175
12011011005122008104792000000000000000000000000
12011011005122008104880068918005091660343170173
12011011005132007102435058415604281440284140144
12011011005132007103519000000000000000000000000
12011011005132007105642058415604281440284141143
12011011005132008100175061215704551480307156151
12011011005132008100331000000005211690352174178
12011011005142005105377058916204271480279139140
12011011005142008105565062916204670000000000154
12011011005142008110127061415404601580302149153
12011011005152004104528072420305211710350177173
12011011005152008100943000000000000000000000000
12011011005152008101214059515504401540286148138
12011011005152008105162000000003910000000000132
12011011005162005110119000000005931930400203197
12011011005162006102684069819605021690333165168
12011011005162008100144063315904741550319156163
12011011005172005102143074019105491830366183183
12011011005172006102738074718605611870374187187
12011011005172007102955060416304411480293148145
12011011005172008100881078420705771910386193193
12011011005182006102597061016404461500296148148
12011011005182006104368066617604901570333166167
12011011005182008101631000000005471870360178182
12011011005182008102728059714804491470302149153
12011011005182008105925063216504671510316157159
12011011005182008109238077820205761850391200191
12011011005192007103593060616304431510292147145
12011011005192008101972079820305951970398197201
12011011005192008102851062116704541540300151149
12011011005192008102897065716304941580336163173
12011011005192008105144000000000000000000000000
12011011005192008105754061916704521530299151148
12011011005202008101344065718504721640308152156
12011011005202008110099075119505561880368184184
12011011005212007105646000000000000000321162159
12011011005212008103229000000004991750324162162
12011011005222007101578067517305021620340168172
12011011005222007102058069616405321660366179187
12011011005222007102498069618205141670347172175
12011011005222008104957059815804401510289147142
12011011005232006106413058100000000000000000136
12011011005232008102270059515604391540285147138
12011011005252007101272072117805431830360000000
12011011005252008102293072418905350000000000000
12011011005252008109211000000000000000000177000
12011011005262008100489063000000000000320159161
12011011005262008101126000000004751540321159162
12011011005272008105261057900000000000000000000
12011011005282008100604061500000000000000000161
12011011005292007103169072319005330000000000176
12011011005292007103259059700000000000287000000
12011011005292008103259074100000000000360000000
12011011005292008104790059916404351470288141147
12011011005292008106435065117404771600317000000
12011011005312008103458062215504671550312157155
12011011005332005105820057400000000000275136139
12011011005332008102200000000000000000000000000
12011011005332008105774075022005301890341175166
12011011005362006105045076800000000000373192181
12011011005372005102159067117604951600335170165
12011011005372007101272000000000000000000000000
12011011005372008102293000000000001750000000000
12011011005372008109195000000005071810326167159
12011011005382007101565058917304161380278138140
12011011005382008102740072418305411720369181188
12011011005412007104975071318505281800348177171
12011011005422008102833070918305261740352177175
12011011005432006100977067918404951640331165166
12011011005462005106406000000000000000000000000
12011011005462008101892000000000000000000000000
12011011005462008110095000000000000000000164000
12011011005472006103493057515904161460270135135
12011011005472008102610064316104821580324168156
12011011005502006102783000014300001290000142000
12011011005512008105921000000005311790352181171
12011011005522002101711000000000000000339000000
12011011005522008100311000000000000000000000000
12011011005522008102709061316404491510298155143
12011011005522008103542057700000000000289000000
12011011005542008103623000000000000000000000000
12011011005552004101775000000000000000000000000
12011011005552007105934000000000000000000000000
12011011005552008102225059300000000000000000000
12011011006002008100398055615204041350269000000
12011011006002008101895056015504051410264134130
12011011006102007103010079521805770000000000184
12011011006142005102588071118105300000000000000
12011011006152007109058063018004501510299000000
12011011006152008104713000000000000000000000000
12011011006162005102351000000000000000000000000
12011011006182004105074087000000000000000000181
12011011006192005101710058000000000000287139148
12011011006192007105741059115304381470291145146
12011011006192008104810057515804171430274138136
12011011006202006105845059515904361500286142144
12011011006232006104518074520005451880357181176
12011011006232008101020000000004440000000000144
12011011006242008103183065017804721600312154158
12011011006242008103242066417504891620327164163
12011011006262006106576000000000000000000000000
12011011006262008106701000000000000000000000000
12011011006272007101834076122605351860349172177
12011011006282003106208066316604971580339166173
12011011006282006104339076019205681830385191194
12011011006292004101615056514804171430274137137
12011011006292005101033057816604121430269000000
12011011006292007101996069317605171810336169167
12011011006322008103201063617004661580308157151
12011011006322008103301000000004651580307156151
12011011006332006105021000000005370000000000182
12011011006332007101398076920905601920368000000
12011011006342007100146059615404421460296148148
12011011006342008100170000000005910000000000187
12011011006352004105766063916304761560320159161
12011011006352005109202082023605842080376192184
12011011006352007103124077320105721900382192190
12011011006352008100549077621205641900374185189
12011011006352008106688076620305631830380187193
12011011006362006105210068617405121650347170177
12011011006372007100567082122006012030398205193
12011011006372008101741073019305371760361176185
12011011006372008110016072419005341770357175182
12011011006382006104716082619706292020427213214
12011011006382008100989068917905101570353155198
12011011006382008101451056700000000000280137143
12011011006402008109190075320805451900355178177
12011011006422007103882058616504211480273137136
12011011006422007105248063519104441550289000000
12011011006422008102813075420805461850361181180
12011011006422008104124069418105131690344170174
12011011006422008104825066819004781710307162145
12011011006422008109156064119404471570290146144
12011011006432006100111000000000000000000000000
12011011006442005106472077318805851970388196192
12011011006442007101408070517805271740353178175
12011011006442007106442069900000000000000000000
12011011006452008100879000000000000000000000000
12011011006452008104356082125805632020361181180
12011011006462004105217000000004161500266137129
12011011006462008103402065617704791670312160152
12011011006462008110122089724906482330415210205
12011011006492005102655070119005111780333174159
12011011006492008101623070219005121800332175157
12011011006522006104888000000004841650319000000
12011011006522007101457060915004591450314155159
12011011006522007105671000000000000000323160163
12011011006562006100638073018605441830361183178
12011011006572007102789000000004361550281000000
12011011006572008101798000000000000000000000000
12011011006572008102205000000000000000000000170
12011011006572008103478000000000000000000000000
12011011006572008105600000000000000000000000000
12011011006572008105814000000000000000000000175
12011011006582008102243000000004361530283139144
12011011007192008105024055600000000000272000000
12011011007202004100730062300000000000308000000
12011011007202007101630000000000001700000000000
12011011007202008105107000000004191490270138132
12011011007212006100157000000000000000000000000
12011011007212007103350000000000000000000000000
12011011007212008101291058815204361440292145147
12011011007212008102019000000000001790000000000
12011011007212008106223000015600001420000000000
12011011007222005104333064517104741570317154163
12011011007222006102925000000000000000000000000
12011011007222006105771064416404800000000000160
12011011007232006102033057415904151450270136134
12011011007232008102370067800000000000000000000
12011011007232008104001052813503931290264130134
12011011007242003106757055015103991320267130137
12011011007242004104094000013900001500000137000
12011011007242006102481063616804681580310155155
12011011007242007101370061115904521530299152147
12011011007242007106288059714604511470304156148
12011011007242008100040060215304491490300152148
12011011007242008103896054814604021310271131140
12011011007242008104773056714104261510275138137
12011011007252005100613057115604151390276000000
12011011007252005105866065916704921660326167159
12011011007252006103169061016204481530295149146
12011011007252006103616055114104101350275134141
12011011007252006110054062817204561570299150149
12011011007252007102724060815904491530296150146
12011011007262003102667000000000000000334170164
12011011007262003104678071119405171770340175165
12011011007262007102885070418205221720350000000
12011011007262007103855000000000000000000000000
12011011007262007104802067816205161560360175185
12011011007262008103420065917304861600326161165
12011011007272007101270060015804421510291145146
12011011007272008103852000000004511520299149150
12011011007272008104656000000000000000000000000
12011011007282008103842059514204531510302152150
12011011007302008104429059716504321530279141138
12011011007302008104814079021705731980375191184
12011011007302008105115059316304301510279141138
12011011007312004104157069118505061720334167167
12011011007312008102560000000000000000000000000
12011011007322005106229068517805070000000000161
12011011007322008102564000015700001570000161000
12011011007372008100219058314604371480289148141
12011011007372008101253000000000000000000000183
12011011007382006110136069200000000000342171171
12011011007382008110051000000000000000000000150
12011011007392005100097065316604871640323161162
12011011007392005110055065316604871640323161162
12011011007392006100529058416404201410279138141
12011011007412007101593000000000000000000000000
12011011007422004105117067917105081670341170171
12011011007422005100165066400000000000000000161
12011011007442005106229000016600001480000136000
12011011007442007104724000000000000000000148000
12011011007472004100671000000000000000000139000
12011011007472005103296058500000000000268131137
12011011007492007100727000000000000000000000000
12011011007562008110031000000000000000000161000
12011011007572006101192076119705641890375000000
12011011007582005102704000015200000000000000000
12011011008032008100379071318305301780352176176
12011011008082008100463000024200002150000201000
12011011008142007104207073520305321740358000000
12011011008312006106189079819406042010403204199
12011011008322008105714096625507112350476240236
12011011008332007102075073218605461860360179181
12011011008332008101526069818605121720340169171
12011011008332008102323069418605081710337000000
12011011008432007102086090524406612200441220221
12011011008432008101476070517805271860341170171
12011011008432008102056081723905782020376183193
12011011008432008102066083323206012090392199193
12011011008432008102068083323306002080392199193
12011011008432008103889090224106612210440222218
12011011008462007102075058415304311510280144136
12011011008562007104302065717404831640319160159
12011011009062008105034054814704011340267132135
12011011009062008105384057815004281350293139154
12011011009162007103246066517904861670319165154
12011011009172007106388067018204881700318160158
12011011009172008101974068917105181680350170180
12011011009172008102686067018504851680317162155
12011011009172008102736068818105071660341169172
12011011009172008103081068717505121680344170174
12011011009192004103919084223606062110395198197
12011011009192008101336066617504911670324166158
12011011009192008105585065816804901630327163164
12011011009192008106246059500000000000293142151
12011011009202008102048066718604811600321159162
12011011009212007102223072919605331800353181172
12011011009302004103919075621705391890350177173
12011011009352007102223065416304911560335164171
12011011009442008106542062317604471480299150149
12011011009462006103062058315404291530276142134
12011011009542004101365056915204171430274143131
12011011010552005106398061016704431540289141148
