12009070403592001103725070917805311730358180178
12009070403592004100200079121405771960381192189
12009070403592004100879066218404781660312158154
12009070403592004104183072718205451820363182181
12009070403592004110166067818004981740324165159
12009070403592005102358067018504851650320158162
12009070403592005102626069818405141730341174167
12009070403592005106488072919705321800352176176
12009070403592006100561075119505561940362190172
12009070403592006100814086722306442180426219207
12009070403592006103168079920305961870409202207
12009070403592006110054068618704991690330164166
12009070403592007100152076319705661830383189194
12009070403592007101856078719805891990390202188
12009070403592007109098067818404941720322162160
12009070404002003102452077220205701900380190190
12009070404002004106003079321805751980377192185
12009070404002004110150064618204641580306155151
12009070404002005101127072018505351780357180177
12009070404002005102674067418104931660327162165
12009070404002005102999074519005551860369188181
12009070404002005103236064918404651670298155143
12009070404002005104738078721605711980373189184
12009070404002006102974065718004771670310161149
12009070404002006103082064717904681550313156157
12009070404002006103602076820205661910375198177
12009070404002006103754069517405211750346000000
12009070404002006104722077520905661910375196179
12009070404002006104764070618905171730344176168
12009070404002006105893083023105991970402199203
12009070404002006106111081823105872000387198189
12009070404002006106582069000000000000346165181
12009070404002007100578071118905221840338168170
12009070404002007102245064917904701580312154158
12009070404002007102930065718504721680304157147
12009070404002007103049076921305561860370189181
12009070404002007103142079021605741970377191186
12009070404002007103157076720505621850377190187
12009070404002007104112076720505621840378191187
12009070404002007104894066218104811730308160148
12009070404002007104930066018104791640315159156
12009070404012003103038078120205791900389193196
12009070404012003107130079621605802010379188191
12009070404012004105766080021505851950390195195
12009070404012005102596071618205341750359181178
12009070404012006101441068017005101660344173171
12009070404012006102815065917804810000000000149
12009070404012006103978058714704401460294148146
12009070404012006104127078221105712040367195172
12009070404012006104750078222505572010356185171
12009070404012006104757078021205681970371191180
12009070404012007103084067817805001660334168166
12009070404012007103593068419704871830304157147
12009070404022004100275076721505521870365183182
12009070404022005104707077120705641910373186187
12009070404022006101949073419005441840360180180
12009070404022006102845068518405011720329169160
12009070404022007103591068617605101710339172167
12009070404032003102977072519705281840344181163
12009070404032005105973072819105371790358179179
12009070404032007103720073319205411810360185175
12009070404042005105321072418705371780359184175
12009070404042005109177000000005371820355182173
12009070404042006100867069818405141880326168158
12009070404042006101823068818205061690337164173
12009070404042006102833069217405181730345174171
12009070404042006103147070419605080000000000164
12009070404042006103526071420605081710337170167
12009070404042006104040075720705501900360182178
12009070404042006104477069917305261730353179174
12009070404042006105080072119205291700359172187
12009070404042006106243073319005431810362183179
12009070404042006106277074621005361870349181168
12009070404042007102275072919305361800356181175
12009070404042007105240072819105371810356181175
12009070404042007106474069919005091700339172167
12009070404052006100418072519205331820351179172
12009070404052006100872072219705251860339181158
12009070404052006102296072318605370000000000184
12009070404052006102762068519904861760310158152
12009070404052006103265066916305061660340170170
12009070404052006103511079221405781940384193191
12009070404052006105524068119804831750308157151
12009070404062004104328069817605221710351174177
12009070404062005103958071218105311740357000000
12009070404062006100539067718704901690321160161
12009070404062006102852078120005811990382194188
12009070404072005103112075419805561840372184188
12009070404072006100286072420705171710346179167
12009070404072006102162071419005241800344174170
12009070404072006103253076820605621890373189184
12009070404072007101448071518205331760357175182
12009070404082005106806074820305451810364181183
12009070404082006101173066818404841660318161157
12009070404082006103497068017205081710337168169
12009070404082007102036074820405441820362180182
12009070404082007106443074319405491840365179186
12009070404092003102649073219905331850348180168
12009070404092005101107070218705151740341173168
12009070404092006100336074318205611800381187194
12009070404092006100606071518505301750355177178
12009070404092006101921073918405551820373187186
12009070404092006104350070117305281760352177175
12009070404092006104664070217005321780354178176
12009070404092006106380069818505131770336169167
12009070404092006106913073419605381760362185177
12009070404092006110003073019505351820353177176
12009070404092007101458070117705241750349176173
12009070404092007102239069718305141740340172168
12009070404092007103567072018305371770360182178
12009070404092007103771072818705411890352182170
12009070404092007105981068817905091690340174166
12009070404092007109111072918705421890353184169
12009070404102003102985076919505741900384192192
12009070404102005101102068017805021680334167167
12009070404102006100503067817904991700329166163
12009070404112004106810072519305321790353180173
12009070404112005104145077621005662050361181180
12009070404112006102183078221305691930376186190
12009070404112006102189069015305371600377181196
12009070404112006105033069317405191670352174178
12009070404112006105135078722505622040358182176
12009070404112006105893079822305751990376191185
12009070404112006106099079720605912000391196195
12009070404112006106372073918605531920361182179
12009070404112007103513072619205341810353179174
12009070404112007106078079122105701900380193187
12009070404122005106116075122605251720353178175
12009070404122006100814079420105932000393200193
12009070404122006104516071017605341670367175192
12009070404132004106003071720505121800332168164
12009070404132006102006073820605321700362191171
12009070404132007102122068217405081680340170170
12009070404132007103157070819605121790333169164
12009070404132007103676068117405071670340171169
12009070404142005100193078020905711950376189187
12009070404142005109001075918105781920386203183
12009070404142005110122070818605221670355174181
12009070404142006101811063316204711560315161154
12009070404142006102028085122406272170410210200
12009070404142006103251069817505231700353178175
12009070404142006103742078219905831950388194194
12009070404142006104757072418705371840353180173
12009070404142007100504068117505061750331171160
12009070404142007103915082721506122120400202198
12009070404152003100663072318305401780362182180
12009070404152003104191085021906312130418208210
12009070404152004105766077020005701920378190188
12009070404152005103389085021006402130427000000
12009070404152006103957071318905241830341171170
12009070404152007102504071318905241830341172169
12009070404152007105121082022605942070387203184
12009070404152007106312081522705882070381202179
12009070404162004101724080922705822080374185189
12009070404162004105217000000005231770346172174
12009070404162005106579073118805431810362180182
12009070404172005103291073419105431770366182184
12009070404172005106382068817305151660349175174
12009070404172007101755072118705341770357177180
12009070404172007105570072519205331760357178179
12009070404182005100726078719405932070386197189
12009070404192005105321070118305181790339175164
12009070404192005109177067618104951700325171154
12009070404192007101434078619605901960394197197
12009070404192007102097078219405881940394197197
12009070404192007103716078819805901970393197196
12009070404192007106474070118405171780339175164
12009070404202005105184072518905361800356179177
12009070404202005105665068617905071740333165168
12009070404202006109219074518505601810379190189
12009070404202007102275069817605221790343176167
12009070404202007105240069817605221780344177167
12009070404212006102544080021905812000381196185
12009070404222006101777068018104991640335170165
12009070404222006103761069118405071720335165170
12009070404222006104739070117505261670359173186
12009070404222006106664071619405221780344174170
12009070404232001109135072921005191790340169171
12009070404232005106477069916805311700361183178
12009070404232006102582069418005141750339173166
12009070404232006105506071218805241780346175171
12009070404232007105942071918105381730365180185
12009070404232007109095071918105381740364179185
12009070404232007109179070117305281790349178171
12009070404242001107391076319705661920374188186
12009070404242004105016073420405301850345169176
12009070404242006100624073119805331830350177173
12009070404242006105977069718205151730342174168
12009070404242006109155078321705661990367188179
12009070404252004100611069519804970000000000159
12009070404252005105615074617505711890382199183
12009070404252005106717074820605421850357179178
12009070404252006102025073119105401810359177182
12009070404262002106896071318805251820343170173
12009070404262005105280078120505761960380196184
12009070404262006100861075720705501750375191184
12009070404262006101048074919905501880362182180
12009070404262006102183074018205581780380182198
12009070404262006106099072318205411770364182182
12009070404262007100267082921106182150403208195
12009070404262007105785076420505591850374185189
12009070404262007106078073518405511780373184189
12009070404262007106563076520505601850375186189
12009070404262007110033083421806162110405209196
12009070404272001106147069117105201730347177170
12009070404272006102252067616805081660342173169
12009070404272006106341073018105491920357181176
12009070404272007101369071617505411690372170202
12009070404272007102033075620305531880365183182
12009070404272007104085078120805731960377190187
12009070404272007109087075420105531880365184181
12009070404272007109113071817405441810363184179
12009070404282003102191073818605521880364188176
12009070404282005103537070418105231750348174174
12009070404282007109096069218205101690341167174
12009070404292003104191065517204831580325157168
12009070404292005102459069218505071670340169171
12009070404302005102653068919004991720327167160
12009070404302005110107072220305191680351177174
12009070404302006100941000019300000000000000000
12009070404302006102354072518405411810360182178
12009070404312006102012074119705441850359179180
12009070404312006104222075221205401890351181170
12009070404312006106231070217205301800350178172
12009070404312007106380074319505481920356179177
12009070404312007106416074420905351830352180172
12009070404312007106523073519805371820355180175
12009070404312007109084074320905341850349179170
12009070404322005106266074718205651850380188192
12009070404322007105492074119105501840366185181
12009070404322007106531074619505511850366185181
12009070404332005104694068917205171690348176172
12009070404342002110207071118905221740348177171
12009070404342006103273066316105021600342167175
12009070404342006103397071218705251760349175174
12009070404342006110151065916704921580334167167
12009070404342007100110070916205471810366186180
12009070404342007106537072918405451770368183185
12009070404352002101015077221405582070351182169
12009070404352006104312063315004831570326161165
12009070404352006105848074719505521930359184175
12009070404352007103906078621905671850382189193
12009070404372005100181070618505211650356180176
12009070404372005104065066817604921630329160169
12009070404372006105651065318104721580314155159
12009070404372007109126067217704951630332165167
12009070404382004103039074618905571850372193179
12009070404382007100089072619205341820352177175
12009070404382007109082072719205351830352178174
12009070404392003102466067117904921650327163164
12009070404392004105612066217004921640328159169
12009070404392005100803065517704781620316155161
12009070404392006100198065315504981550343166177
12009070404392006102096071518705281660362180182
12009070404392006103341068517505101690341170171
12009070404402006102058070216905331750358180178
12009070404402006103999065116604851590326165161
12009070404422002107237071819005281790349176173
12009070404422006102776078421205722040368185183
12009070404422006104188076519805671900377188189
12009070404432003110061070319005131760337171166
12009070404432005105723056615604101430267137130
12009070404432006100016055415204021390263133130
12009070404432007104159072219205301810349178171
12009070404432007110063071019205181750343176167
12009070404442004102714076221105511870364187177
12009070404442006103690071517705381770361181180
12009070404442007101305076820205661890377191186
12009070404462004101427073719805391840355182173
12009070404462005100027076419905651970368187181
12009070404462006100516072318605371800357182175
12009070404462006104254078221005721980374193181
12009070404462006106174077421005641930371191180
12009070404472005106036072917505541810373187186
12009070404472006101927067718804891640325165160
12009070404482004102297068917305161730343169174
12009070404482007101272075120305481880360183177
12009070404482007101824074117805631800383191192
12009070404482007102267073520205331880345174171
12009070404482007104536074621205341870347175172
12009070404502007101064065917604831590324162162
12009070404502007101069065917304861580328164164
12009070404512004103039070118305181770341179162
12009070404512005101390077021305571850372181191
12009070404522007101731070918505241670357177180
12009070404522007106244071418805261680358177181
12009070404531999106730073620605301820348177171
12009070404532006100393072817505531780375185190
12009070404532006104793068417505091720337169168
12009070404532007104256069218105111680343171172
12009070404542005104957070218505171610356178178
12009070404542005109092078520105841970387195192
12009070404552002102876077120105701920378187191
12009070404552006104481069017505151670348178170
12009070404552007100327068017605041680336169167
12009070404552007102315072518405411850356179177
12009070404552007109128073318905441850359179180
12009070404562004105973070518105241670357177180
12009070404562005103725072719105361790357178179
12009070404562007105215067317704961690327165162
12009070404562007106036067517804971700327164163
12009070404572005105379068318305001740326165161
12009070404572007104233074019505451850360179181
12009070404582004100739069017005201670353174179
12009070404582004103160068716305241710353176177
12009070404582006100516066316704961650331168163
12009070404582006104352071818605321790353175178
12009070404582006104678071218705251740351173178
12009070404582006105596068118204991640335164171
12009070404582007101305071918605331720361181180
12009070404582007103169068017505051680337168169
12009070404592004101122074120205391820357181176
12009070404592004103182064115904821580324160164
12009070404592005101281066117104901630327161166
12009070404592005102733063015104791530326157169
12009070404592006110149067217604961660330165165
12009070404592007101540068317305101680342170172
12009070404592007104062070520205031700333168165
12009070405002004102248064717504721580314155159
12009070405002005100443064816604821690313161152
12009070405002005102216066416604981660332165167
12009070405002006102877065116204891560333160173
12009070405002006106603064916904801680312159153
12009070405002006110077069016505251650360174186
12009070405002006110078062615904671490318153165
12009070405002007102861063415804761510325159166
12009070405012003106870067417604981660332166166
12009070405012005102201067918104981640334166168
12009070405012005106955068017505051620343172171
12009070405012006100104068018404961610335169166
12009070405012006102837067717105061630343171172
12009070405012006102855067918004991660333161172
12009070405012006103982068918705021690333168165
12009070405012006105370066018204781540324157167
12009070405012006106564068116505161640352172180
12009070405012006106670072918405451850360184176
12009070405012007102070065616904871650322161161
12009070405022006102848069217705151810334175159
12009070405022007103327070017905211720349174175
12009070405022007105162087925006292220407212195
12009070405022007105619070718405231760347178169
12009070405032004100610062216804541520302159143
12009070405032004102508074320005431780365181184
12009070405032005104534000000005191690350176174
12009070405032005105102066316005030000000000170
12009070405032006102308070218705151780337177160
12009070405032006104696067718704901660324161163
12009070405032006105229071019005201730347170177
12009070405032006106819068018904911610330160170
12009070405032006110131066419604681780290165125
12009070405032007101337056716803991450254128126
12009070405032007103654057216804041450259129130
12009070405032007109079071518405311820349179170
12009070405052004102531070719005171820335164171
12009070405052005101419069818005181800338172166
12009070405052006103114067516905060000000000186
12009070405052007101432067617005061560350168182
12009070405062004103307073519505401820358182176
12009070405062005102369075821005481870361184177
12009070405062005107028074920305461850361184177
12009070405062006100010063216404681540314154160
12009070405062006100292068116605151700345173172
12009070405062006100647073518905461820364178186
12009070405062006104431066316804951600335166169
12009070405062006104939067115405171580359164195
12009070405062006110045069717305241700354172182
12009070405062007100880071317105421810361178183
12009070405062007101302071917205471780369178191
12009070405062007105427073717605611820379193186
12009070405072003106945063115604751540321158163
12009070405072004102577064816304851610324164160
12009070405072005102125065616704891600329169160
12009070405072006100279069115905321800352175177
12009070405072006102202068618005061640342171171
12009070405072006103189065816704911690322159163
12009070405072006105895066417104931660327165162
12009070405072007102699068417705071700337168169
12009070405072007104751069018205081700338170168
12009070405082005106485068017005101700340165175
12009070405082006101914066317604871640323163160
12009070405082006109279066515705081630345165180
12009070405082007103923068918705021730329166163
12009070405082007109117067817705011710330166164
12009070405092005101630085222206302070423211212
12009070405092006103963069117905121710341171170
12009070405092007101398000000005271760351178173
12009070405092007109125071920605130000000000000
12009070405092007109190079819806002050395198197
12009070405102004100194077018905811910390198192
12009070405102005103137066317604871670320165155
12009070405102007103912088723106562270429222207
12009070405102007104272067117904921700322165157
12009070405102007106225071217705351760359181178
12009070405112003107389074900000000000000000186
12009070405112004110238073019405361750361183178
12009070405112005109208070518105241720352173179
12009070405112006100314070918805211700351176175
12009070405112006101859072218105411730368186182
12009070405112006103268077619205841940390197193
12009070405112007100249078620005861930393198195
12009070405112007106402069518905061750331167164
12009070405112007109300073120105301810349179170
12009070405122004100892069918205171770340169171
12009070405122005103219073919705421860356182174
12009070405122007101027070418305211740347176171
12009070405122007101350068117305081790329166163
12009070405122007109116070418405201730347176171
12009070405132006104463066018204781710307159148
12009070405142003104070071120405071740333172161
12009070405142005106787069118405071730334168166
12009070405142007104883070718905181780340173167
12009070405152006102719074218805541850369182187
12009070405162006105508061414804661410325155170
12009070405162007100723072520005251900335172163
12009070405172004105936064516504801540326158168
12009070405172006100251065515904961570339166173
12009070405172006103488069617705191720347175172
12009070405182005105913068917905101660344171173
12009070405192006100642074617905671910376187189
12009070405192006104815070417705271660361177184
12009070405192007100246066117604851630322164158
12009070405202006100604072519405311750356181175
12009070405202006106436063716404731590314158156
12009070405202007100429065817204861640322163159
12009070405202007101751068117005111730338167171
12009070405202007110012066116604951650330165165
12009070405212005103296062815904691500319151168
12009070405221999105407073218605461760370181189
12009070405222005105352068516905161620354173181
12009070405232004104334073218405481770371188183
12009070405232005102252065817604821620320162158
12009070405232005105928078519305921950397201196
12009070405242006105341074918405651840381192189
12009070405252005106479062317304501590291148143
12009070405252006102987062717304541580296150146
12009070405252007102643061917304461580288149139
12009070405252007102833062417004541590295151144
12009070405262003101878068919004991670332164168
12009070405262003110023084518506602060454214240
12009070405262005106003067217205001670333169164
12009070405262006100553069117205191710348173175
12009070405262006101765069617905171710346175171
12009070405262007103308067017005001660334167167
12009070405272004101052066017004901630327164163
12009070405272004103462068517505101690341172169
12009070405272004106296065316304901500340168172
12009070405272005101146067715605211680353175178
12009070405272006103131070318205211770344176168
12009070405272007106392066517304921670325165160
12009070405282005105866066717504921610331166165
12009070405282006100352068616205241730351177174
12009070405282006103968065616804881640324166158
12009070405292003100454068016505151700345174171
12009070405292004106627066716505021650337169168
12009070405292006100013066016704931610332165167
12009070405292006105996070518505201780342176166
12009070405292007101514075220705451860359182177
12009070405302006106189075818805701990371191180
12009070405312007100429065317804751720303162141
12009070405322004103583075819105671770390192198
12009070405322006106092074121105301900340173167
12009070405332001104872066016404961640332170162
12009070405332006102414068817905091680341175166
12009070405332006105197071619005261750351178173
12009070405362004106590068918305061650341177164
12009070405362005105681078621905671950372191181
12009070405362007103377064415404901540336164172
12009070405382002104010062017404461590287147140
12009070405382005102196061817404440000000000140
12009070405392005102095070619005161740342173169
12009070405392005103035069618305131730340171169
12009070405392005106089076420005641920372190182
12009070405422002105558068017705031690334166168
12009070405422005106453070621204941830311158153
12009070405422006101346076919405751910384193191
12009070405432006100256068516705181650353174179
12009070405432006105553067817605021660336168168
12009070405442005105912068717905081680340174166
12009070405452006106824066515505101630347168179
12009070405452007100973078119305881910397197200
12009070405452007101045078319405891910398197201
12009070405452007104738066615805081640344170174
12009070405462006100084063917204671640303158145
12009070405462006105197071518905261790347176171
12009070405462007106074059817404241540270138132
12009070405472006104845073320105321770355176179
12009070405472007102312072018905311770354176178
12009070405492003102905066615205140000000000000
12009070405502006105829070818605221730349174175
12009070405502007109122070518705181720346174172
12009070405512005106089074718705601860374188186
12009070405522005105910075720005570000000000181
12009070405542006102342070817505331680365181184
12009070405542006104179000000005260000000000179
12009070405542007100125071417605381720366183183
12009070405542007101566069917305261670359181178
12009070405542007106509071517705381710367184183
12009070405562006200008070618105251840341168173
12009070405572006105150070218005221750347178169
12009070405572007101375071518605291740355170185
12009070405572007105260072519205331780355179176
12009070405572007109064071318105321740358172186
12009070405592006103697067816705111760335170165
12009070406002005106325068119704841780306158148
12009070406002007104234069617505211720349176173
12009070406002007104738069517405211720349176173
12009070406032005100547069418005141690345177168
12009070406032005110007069217505171710346175171
12009070406042007106132077320705661870379190189
12009070406062003104093068217605061680338164174
12009070406072001103413074121705241930331174157
12009070406072005100234073321505181910327174153
12009070406072005110042073721305241950329172157
12009070406072007101265073118605451870358193165
12009070406082002100093061500000000000317158159
12009070406082002100471066416904951620333168165
12009070406082005100413060314804551390316158158
12009070406092005100154067517604991700329165164
12009070406092005104124064117404671610306157149
12009070406092005105196069018205081670341170171
12009070406092006101105077120305681890379191188
12009070406092006103455072719905281830345169176
12009070406092006110130060615804481560292148144
12009070406132007105208070017905211680353176177
12009070406132007109059069917805211680353177176
12009070406142006104491063817404640000000000000
12009070406162006110124073318905441900354177177
12009070406172001106201073418605481800368181187
12009070406172003100996064315704861550331162169
12009070406172005102105079520405911940397201196
12009070406172006102879068417205121750337169168
12009070406172006103259065816804901660324163161
12009070406172006104313063015004801580322164158
12009070406172006104798081021105991960403206197
12009070406172006106010068216405181720346174172
12009070406172006106206087222606462130433214219
12009070406192006102530073619805381850353177176
12009070406192006105208067117105001660334167167
12009070406192007104506069217405181760342171171
12009070406202005102255064416804761600316161155
12009070406212007106132072618505411780363184179
12009070406222006103489067617704991720327161166
12009070406232006101005065917204871690318161157
12009070406232006104736065516904861610325160165
12009070406242007102184067618204941690325165160
12009070406242007103476073218705451800365183182
12009070406252005106608067917505041670337166171
12009070406252006101105074319405491860363173190
12009070406252007101076069418205121710341170171
12009070406262005105110070816805401680372180192
12009070406262006101332067516505101660344170174
12009070406262006103555067717105061630343171172
12009070406262007106658067716905081680340170170
12009070406272006104090065819004681600308150158
12009070406282004101935074819605521830369185184
12009070406282006100519062615604701570313158155
12009070406292002100971072718605411840357181176
12009070406292006102055076619705691900379192187
12009070406292006103469068516305221670355175180
12009070406292006110017072418105431850358184174
12009070406292007103405068517405111650346175171
12009070406292007105543069217905131690344173171
12009070406302004110050069117405171780339173166
12009070406302006101934068517805071750332165167
12009070406302007100575069419105031650338167171
12009070406302007109058062315904641490315161154
12009070406312006110089065417404801530327155172
12009070406322002106399065816404941590335169166
12009070406332006101556072319305301780352179173
12009070406482005103350065517804771610316158158
12009070406482006102237068418205021750327172155
12009070406482006104311066616305031680335175160
12009070406492006100023076619705691860383191192
12009070406492006101761076018905711850386189197
12009070406492006102332066116204991670332171161
12009070406492006103331067116405071670340173167
12009070406502002103453064717204751650310161149
12009070406502002110113057715004271420285140145
12009070406502003100697064817604721620310159151
12009070406502003102922062816404641560308157151
12009070406502004101784057215804141460268142126
12009070406502004103253067817805001630337170167
12009070406502004104810067617505011730328165163
12009070406502006101953066016704931610332168164
12009070406502006104013064817304751580317160157
12009070406502006104411066718204851580327167160
12009070406502007100299071619905171820335168167
12009070406502007101274064516504801650315162153
12009070406502007101670070919105181820336169167
12009070406502007105110068216205201670353177176
12009070406512006102166065216304891610328163165
12009070406512006102268069018105091780331168163
12009070406512006104522066317104921630329163166
12009070406512006105072065816004981580340170170
12009070406512006106168070618705191730346167179
12009070406512007101606063214904831580325160165
12009070406512007101758070518005251730352176176
12009070406512007105910070017605241730351176175
12009070406512007106044066317104921620330164166
12009070406512007106390077920805711980373186187
12009070406522004102752070418605181810337169168
12009070406522005102386065616204941530341172169
12009070406522005105389071919505241800344175169
12009070406522005110127065517004851610324162162
12009070406522006100890072419105331850348179169
12009070406522006103620080220106012010400200200
12009070406522006104684062816704611630298160138
12009070406522006104946071418505291850344181163
12009070406522006105840070918105281790349176173
12009070406532003110105067217005021610341168173
12009070406532006100039075719905581920366184182
12009070406532006104426066816904991730326168158
12009070406542005106406066117304881590329163166
12009070406542007102264065016204881580330163167
12009070406542007102632071617705391810358182176
12009070406542007106302071717805391810358181177
12009070406552004104433062217704451540291146145
12009070406552004110096073318105521780374182192
12009070406552006100507067517305021690333172161
12009070406552006103182070317205311750356177179
12009070406552006103222067117105001630337169168
12009070406552006104700080920406052060399200199
12009070406552007101298067717005071700337169168
12009070406562002102223064917404751580317157160
12009070406562003105424064617104751560319160159
12009070406562004102801066717804891660323161162
12009070406562004104948062100000000000316160156
12009070406562006103354064916404851600325160165
12009070406572005100401069018205081740334171163
12009070406572006105139066017204881630325165160
12009070406572006105572072819005381850353177176
12009070406582002105363063316704661540312158154
12009070406582004101228071118905221740348180168
12009070406582006102133069419305011800321168153
12009070406582006104009067717305041650339174165
12009070406582007102892067517904961680328166162
12009070406592004105682067518804871640323164159
12009070406592005101712070318005231760347171176
12009070406592007105031068817305151680347173174
12009070407012006102237067117304981740324167157
12009070407012006105843066117204891640325164161
12009070407042005103833066916605031620341164177
12009070407042006103023070318905141770337170167
12009070407042007101888071018705231800343176167
12009070407052006104522067917905001750325170155
12009070407052006106168070618505211720349174175
12009070407052007101758071618005361790357177180
12009070407052007105910071518005351780357178179
12009070407052007106044067918004991750324169155
12009070407062007109114073418805461790367184183
12009070407082005103157064916604831540329164165
12009070407082006104038068116505161650351176175
12009070407082006106512068118304981680330165165
12009070407082007102939067116205091640345169176
12009070407122005109014066917804911650326166160
12009070407122006100200063815704811540327163164
12009070407122007103398065615704991630336000000
12009070407132005102730061717304441480296149147
12009070407132005106310066017004901600330166164
12009070407132006100079065017404761590317162155
12009070407132007100087069318805051740331166165
12009070407132007103827068218904931710322167155
12009070407142004102943066016804921650327166161
12009070407142005100937070119105101700340169171
12009070407142005105996068716505221720350175175
12009070407142006102540067717105061670339174165
12009070407142006103010068317205111730338172166
12009070407142006103264067015905111530358179179
12009070407142007106431068917005191620357178179
12009070407142007106688068516405211660355176179
12009070407152005102197066500000000000335167168
12009070407152006103013076319505681910377184193
12009070407162006101336065516204931630330162168
12009070407162007101315074720005471850362181181
12009070407162007103892074720005471850362180182
12009070407172002102252066017204881670321159162
12009070407172005102337072817605521770375186189
12009070407172005106572071519105241750349176173
12009070407172006100355072620705191790340170170
12009070407172006105466065517204831610322163159
12009070407172006106379064115304881550333165168
12009070407172007100323067816705111680343172171
12009070407172007101447070016105391650374185189
12009070407182007100562072018505351810354182172
12009070407182007104775070717905281790349178171
12009070407202005104982071219405181750343176167
12009070407202005104984069117705141740340174166
12009070407202007104688068817805101720338173165
12009070407202007104819068316405191660353174179
12009070407222005101597062317204511560295151144
12009070407222006104692069718105161790337170167
12009070407222007100985079220705851930392201191
12009070407222007105646079220605861930393201192
12009070407232006104317069618305131760337169168
12009070407252007101429072218005421770365185180
12009070407252007102161070617705291780351179172
12009070407262006106312074118405571830374187187
12009070407272005105996068116605151680347000000
12009070407272006103195076018805721940378198180
12009070407272007101929073518505501800370184186
12009070407282003100998067519304821810301159142
12009070407282005100937068418105031620341170171
12009070407282006102141066017004901620328163165
12009070407282006105018067200000000000326166160
12009070407282006105994067216705051570348178170
12009070407292001104077064117004711590312154158
12009070407292005106501064518304621560306155151
12009070407292007101266069717105261710355176179
12009070407302007101315075420005541840370184186
12009070407302007103892075320005531830370185185
12009070407312003102299069717905181690349171178
12009070407312005105693059414604481480300158142
12009070407312006102924069618405121700342168174
12009070407312006103899067418504891650324164160
12009070407312006106743071219105211740347177170
12009070407322006103483077920505742010373192181
12009070407332004100641075021305371870350173177
12009070407332006101540068317205111700341170171
12009070407332007100390070217305291720357174183
12009070407332007100395069017205181710347174173
12009070407332007109071064616304831600323163160
12009070407342005101597065217204801660314000000
12009070407342005105769067917005091700339171168
12009070407342007102970074919805511850366190176
12009070407342007104255074919805511840367193174
12009070407352005104277071218405281820346176170
12009070407352006100477068018504951740321171150
12009070407352006104323071818005381800358186172
12009070407362005105829067816705111650346173173
12009070407362007110024067416605081600348171177
12009070407372002104943064716004871550332166166
12009070407372004102803069819305051740331170161
12009070407372004106141071420105131750338171167
12009070407372005105525067018404861560330163167
12009070407372006101216062917604531560297147150
12009070407372006101448066717104961640332167165
12009070407382004105117071119305181760342171171
12009070407382005109202070017605241690355178177
12009070407392004102872062016004601490311157154
12009070407402006103157069217205201660354175179
12009070407402006106414069918805111700341171170
12009070407402007105537065415904951600335168167
12009070407412005101710059415004440000000000146
12009070407412006105635066816105071670340169171
12009070407422003102472069018705031670336165171
12009070407422005100613069520804871760311168143
12009070407422007100145068817805101720338170168
12009070407422007100470068817905091710338170168
12009070407432004101731063616904671590308152156
12009070407432004103261067918204971700327163164
12009070407432006101869065216404881610327163164
12009070407432006105930057614504311420289144145
12009070407432007103195067018004901640326165161
12009070407432007106407067018004901640326165161
12009070407432007110020057914704321430289144145
12009070407442004103073063916504741620312157155
12009070407442004106028000000000000000000000000
12009070407452003104590063216504671580309157152
12009070407452004105489078721805692080361176185
12009070407452006103208062316104621520310157153
12009070407452006103391069617405221780344173171
12009070407452007100881069017105191670352171181
12009070407452007103998068817505131660347173174
12009070407452007106320069017305171650352171181
12009070407462003100839062215304691470322155167
12009070407462006101524067617205041720332168164
12009070407462006103200065916204971550342166176
12009070407462006105447063414704871470340162178
12009070407472006110074064516404811590322161161
12009070407472006110168063616304731580315160155
12009070407472007110029063216204701570313163150
12009070407482006105487064116604751590316159157
12009070407482007102349062816904591530306152154
12009070407502004100885067216105111690342170172
12009070407502005105013067318504881640324165159
12009070407502006100103066317704861660320164156
12009070407502006101071071717805391810358184174
12009070407502006102804063015604741540320158162
12009070407502007103520068017105091590350170180
12009070407502007109065068117105101590351171180
12009070407512002110059072219505271850342173169
12009070407512004105117065317304801600320158162
12009070407512005109202072618605401760364182182
12009070407522003100265062015504651510314158156
12009070407532004103984065016304871620325165160
12009070407532007103038065017304771620315160155
12009070407532007109129065217504771630314160154
12009070407542002104742074320405391820357178179
12009070407552006102850065117704741520322155167
12009070407552006103912065117204791610318162156
12009070407552006103988067017704931630330167163
12009070407552007102985066817104971600337167170
12009070407552007106613068517105141680346174172
12009070407562005100806066117704841610323159164
12009070407562005105654064400000000000330164166
12009070407582006100066069218905031750328162166
12009070407582007106565072718805391780361184177
12009070408002002100927070718205251670358182176
12009070408002006104258069818005181670351174177
12009070408012007104975067217304991700329168161
12009070408012007105931067217304991710328168160
12009070408022005100233069218205101680342165177
12009070408022005105566071819605221820340176164
12009070408022006101890058213604461380308160148
12009070408022006102254062716704601530307152155
12009070408022006105482066618004861690317163154
12009070408022007100208072018505351820353184169
12009070408022007101663072619105351810354185169
12009070408032002110059063016504651600305152153
12009070408122000101588063415904751560319161158
12009070408122006102792061414804661510315157158
12009070408122006106342067316805051680337165172
12009070408122006106350063916504741580316158158
12009070408122007102011064816204861650321158163
12009070408122007102934063816504731550318160158
12009070408132006103758069517805171750342174168
12009070408152006106484066816305051610344171173
12009070408152007104750068016505151680347172175
12009070408162007106123064616304831640319160159
12009070408202004102915062215504671510316157159
12009070408202004106983066517904861630323162161
12009070408202005106372061914904701520318155163
12009070408202005106592062416304611510310153157
12009070408202006102853062716104661570309153156
12009070408202007100206072417605481740374185189
12009070408202007104431069716305341670367182185
12009070408212005100370074419605481800368188180
12009070408222005105907065116704841610323160163
12009070408222005110011056814704211420279141138
12009070408222006102379067117404971660331165166
12009070408262006101130068517605091710338173165
12009070408432006100491070117505261720354176178
12009070408442002105565067017005001670333166167
