12006100605572000102308065016204881640324152172
12006100605582001103018059716804291570272138134
12006100605582001103178063018704430000000000139
12006100605582003100697059115504361470289145144
12006100605592001103199066417004941630331163168
12006100605592002100615065518804671620305154151
12006100605592002100954067219004821690313162151
12006100605592003102125078220805741980376194182
12006100605592003102702064217704651590306152154
12006100605592003102773068517005151650350173177
12006100605592003102943065416904851660319162157
12006100605592003107211072819505331780355176179
12006100605592004100724072518905361760360177183
12006100605592004100879074320005431810362182180
12006100605592004102008064118504561700286148138
12006100605592004103676074418905551860369187182
12006100605592004106237070017505251700355171184
12006100606002001103366067317604971720325167158
12006100606002001110211070617805281710357170187
12006100606002003101922065000000000000000000000
12006100606002003103442052514503801300250123127
12006100606002003103793071219105211770344174170
12006100606002003105102082621806082080400203197
12006100606002003106105078521505701950375191184
12006100606002003106135074118405571850372187185
12006100606002004101076000000005431820361180181
12006100606002004103101079321905742040370188182
12006100606002004104126067417005041670337170167
12006100606002004104408068519804871670320159161
12006100606002004105073082421806062070399203196
12006100606002004107220085723106262120414216198
12006100606002004110035074119705441780366182184
12006100606002004110049074619605501830367183184
12006100606002004110051070619105151720343177166
12006100606002004110107066316005031640339162177
12006100606002004110184076119905621920370182188
12006100606002004110205071819205261720354178176
12006100606011998100689076419205721870385190195
12006100606012001104112067616605101600350170180
12006100606012001106642074518605591860373187186
12006100606012003100600067817505031570346170176
12006100606012003103703069317405191780341168173
12006100606012004100467068117305081710337169168
12006100606012004101086070217905231720351179172
12006100606012004102901067817005081710337170167
12006100606012004104241061317404391490290143147
12006100606012004104479066816605021590343170173
12006100606012004107011070217905231680355182173
12006100606012004110183067716905081700338171167
12006100606021996110169054014603941350259126133
12006100606021998110093073419805360000000000176
12006100606021999102590053814403941270267127140
12006100606022002102953069518105141700344173171
12006100606022002106140068717705101700340167173
12006100606022003102375070118005211710350171179
12006100606022003102449071119705141750339172167
12006100606022004100504069216705251620363173190
12006100606022004102170075018905611820379188191
12006100606022004102222069116705241630361172189
12006100606022004110019054915103981360262130132
12006100606032001103344072918505441740370184186
12006100606032001106157069017505151660349176173
12006100606032001110220052213803841320252125127
12006100606032002102294068017605041630341165176
12006100606032002102976067817505031620341164177
12006100606032003100652068715805291680361180181
12006100606032003101993068117805031660337163174
12006100606032003102657053515103841330251125126
12006100606032003109222068116605150000000000180
12006100606032003110072062016004601490311151160
12006100606032004100486074419805461820364179185
12006100606032004100685065717104861680318159159
12006100606032004100686074820005481840364179185
12006100606032004101396069717405231690354176178
12006100606032004103904067716505121600352173179
12006100606032004110143053315203811310250122128
12006100606042001102820072620305231820341171170
12006100606042002100852070820205061730333166167
12006100606042002100890000000005180000000000170
12006100606042002101842066116904921620330165165
12006100606042003104602070020704931680325158167
12006100606042004101765075517905761890387189198
12006100606042004102002077019505751870388197191
12006100606042004104545071819305250000000000000
12006100606042004107287071817605421760366182184
12006100606052000101522068618804981690329164165
12006100606052000104309064619104551740281149132
12006100606052001100385066116604951650330163167
12006100606052002100802074020705331830350176174
12006100606052002102686071018305271770350176174
12006100606052003102720068518305021650337168169
12006100606052003102993072819305351830352182170
12006100606052003106155061418304311610270140130
12006100606052003106237073118405471830364185179
12006100606052003107080072419105331780355174181
12006100606052004100063069017105191780341170171
12006100606052004103237069118805031730330167163
12006100606052004104113070718805191750344176168
12006100606052004104742072719405331800353178175
12006100606052004106739073019605341800354178176
12006100606052004109131069518705081760332169163
12006100606052004110046069218705051740331167164
12006100606061999103691069517905161730343169174
12006100606062000110130072619505311840347176171
12006100606062001100237072119005311830348176172
12006100606062002100728051013003801260254124130
12006100606062002100922077520205731920381193188
12006100606062003103034066019104691620307155152
12006100606062004100649076321105521950357189168
12006100606062004101984076421305511940357189168
12006100606062004106760071918705321820350178172
12006100606072000101634063917404651560309157152
12006100606072000101931073618705491810368184184
12006100606072001103435067517505001700330167163
12006100606072002101584065216004921680324164160
12006100606072002102671071719305241740350179171
12006100606072003103762073218005521820370185185
12006100606072003110258079220205902090381194187
12006100606072004100072071519105241750349178171
12006100606072004101495076718705802030377195182
12006100606072004103411071417405401720368182186
12006100606072004103493072718605411860355176179
12006100606072004104266065015204981680330166164
12006100606072004104308068317205111670344173171
12006100606072004105084074719505521770375195180
12006100606072004110172072618605401820358178180
12006100606081999100020073518505501820368188180
12006100606082000101573075620105551880367184183
12006100606082001100915079522005751910384190194
12006100606082003101739076220005621920370189181
12006100606082003103270069818505131730340168172
12006100606082003106376069217305191670352172180
12006100606082004100279066418104831620321160161
12006100606082004101475070918705221760346173173
12006100606082004101501069717605211670354172182
12006100606082004101827074119205491860363182181
12006100606082004102257071319205211760345173172
12006100606082004102393071218905231760347173174
12006100606082004103163071818905291780351182169
12006100606082004103405068516905161680348169179
12006100606091999104764072918205471800367181186
12006100606092001106657077320005731920381190191
12006100606092002103169070218105211730348173175
12006100606092002109032068816605221760346174172
12006100606092003101878069319105021680334168166
12006100606092003105564067718204951720323155168
12006100606092003109202070619305131760337170167
12006100606092004100262071919205271760351177174
12006100606092004101052067318004931690324161163
12006100606092004101995067517005051660339172167
12006100606092004102075075819805601840376187189
12006100606092004102487056014204181460272138134
12006100606092004103323067717605011730328175153
12006100606092004103466065716604911600331163168
12006100606092004104702066218504771710306152154
12006100606092004105767080621705892090380193187
12006100606092004106458074618905571850372186186
12006100606092004106810078421305711950376193183
12006100606101999101240068917105181700348173175
12006100606102000105123069417605181620356176180
12006100606102001104957079619406021980404197207
12006100606102001110116073520105341830351177174
12006100606102002102982071618005361700366181185
12006100606102003100730076220205601930367184183
12006100606102003101347067118704841630321165156
12006100606102003102476072918205471820365182183
12006100606102003102680064216604761570319157162
12006100606102003102747071619105251790346176170
12006100606102003103746065016704831580325162163
12006100606102003104599068216705151610354172182
12006100606102004102145065117004811560325163162
12006100606102004102510069217705151720343174169
12006100606102004103305071618505311800351180171
12006100606102004103825068517905061680338166172
12006100606102004106698065316904841650319162157
12006100606112000103344069318005131710342174168
12006100606112001104731073919305461810365182183
12006100606112002106774073718705501760374183191
12006100606112003101156073217605561770379191188
12006100606112003102446068217705051690336168168
12006100606112004100276069918305161750341172169
12006100606112004101710077719505821870395198197
12006100606122003103278072419305311790352181171
12006100606122004102838062116804531550298148150
12006100606122004103446072518005451780367183184
12006100606122004103870062517104541560298148150
12006100606122004104558066615605101640346170176
12006100606122004107313070116905321730359184175
12006100606132000106580073419105431820361178183
12006100606132001100696072819005381850353181172
12006100606132001105366073217705551780377192185
12006100606132002102272068217605061660340173167
12006100606132002103901070117705241720352176176
12006100606132003102125075419305611900371190181
12006100606132003103122072117905421800362182180
12006100606132003103935081822905891990390190200
12006100606132003104855070017705231690354174180
12006100606132003105388072319105321690363188175
12006100606132004102495073819305451830362176186
12006100606132004103278076518705781820396197199
12006100606132004103578073218105511820369184185
12006100606132004103582070218905131660347169178
12006100606132004103676072418305411780363183180
12006100606132004103733071017905311770354181173
12006100606132004104067076219505671900377188189
12006100606132004104432075317805751780397196201
12006100606132004104479072918005491700379193186
12006100606132004105217073319105421790363179184
12006100606132004105845079518706081990409200209
12006100606132004105973073018805421790363178185
12006100606142001103241069219005021700332167165
12006100606142003101551069918205171710346173173
12006100606142003102040073619405421840358182176
12006100606142003102231068117205091610348169179
12006100606142003102472056416104031400263132131
12006100606142003105102078119405871940393195198
12006100606142003106105071719505221720350175175
12006100606142003107282069018005101730337173164
12006100606142004101102077821005681930375191184
12006100606142004101309074118305581860372191181
12006100606142004101365071817605421800362176186
12006100606142004103109082820806202120408205203
12006100606142004104345068517405111710340175165
12006100606152001106642069617305231740349178171
12006100606152002102627062415404700000000000163
12006100606152002102859069220004921690323157166
12006100606152002102953073019505351760359183176
12006100606152003103703069317505181700348179169
12006100606152003104590065117304781560322158164
12006100606152003104941062217204501530297000000
12006100606152004101123066316804951580337166171
12006100606152004102020069318605071750332169163
12006100606152004103748069618905071750332169163
12006100606161999106703071219205201780342171171
12006100606162000101284070617805281670361176185
12006100606162001102129062716704601540306155151
12006100606162002100518084623506112160395202193
12006100606162002100985074320405391830356184172
12006100606162003102469066216904931680325163162
12006100606162003103810076317105921890403202201
12006100606162003104336073118705441860358180178
12006100606162003104953080420306011950406202204
12006100606162003107255074518005651880377189188
12006100606162004101857064917304761620314158156
12006100606162004101912072818805401720368186182
12006100606162004102222075519505601820378188190
12006100606162004102571072120005211810340180160
12006100606162004104286067516905061580348169179
12006100606162004110054064116904721580314158156
12006100606172003102418067817904991670332164168
12006100606172004100617071319205211780343174169
12006100606172004100768076420605581890369191178
12006100606172004101627072819105371800357178179
12006100606172004101765071818105371720365177188
12006100606172004101901071118305281800348177171
12006100606172004103904072317605471750372186186
12006100606172004106606070918705221790343174169
12006100606182000101522063817004681570311157154
12006100606182001100385063416304711590312159153
12006100606182001107654082520206232070416212204
12006100606182003103668063418504491580291145146
12006100606182003107080070418105231830340169171
12006100606192001100915069718505121690343170173
12006100606192001103392068218304991720327166161
12006100606192002101006063116704641520312158154
12006100606192003103086062415704671520315157158
12006100606192004101256067516605091660343168175
12006100606192004107287068717005171700347173174
12006100606201999101279069217705151750340172168
12006100606202001103413067620504711750296154142
12006100606202002110115066215905031580345160185
12006100606202003104685077622505511990352189163
12006100606202003110103077221705551970358192166
12006100606212001105205092024806722220450229221
12006100606212003102082054313804051300275134141
12006100606212003102504071519705181860332172160
12006100606212003102993069918405151710344170174
12006100606212003107043068817105171800337171166
12006100606212003110095070119005111760335169166
12006100606212004100884075220105511910360186174
12006100606212004101904067717105061580348172176
12006100606222000100158000000005151770338170168
12006100606222002105262070618605201790341000000
12006100606222003102234083822506132080405209196
12006100606222003103043068416905151690346170176
12006100606222003110258081319406191960423224199
12006100606222004100262073919505441880356178178
12006100606222004100863074318505581840374185189
12006100606222004101799069418005141740340172168
12006100606222004101988074919905501920358184174
12006100606222004110132073918305561830373185188
12006100606232002101038071920905101800330167163
12006100606232002103169070717705301760354177177
12006100606232004102832065817004881640324161163
12006100606242002100783069318905041730331165166
12006100606242003103799071620005161720344171173
12006100606242004100592074320405391850354179175
12006100606242004101502071219405181800338172166
12006100606242004104122072419305311740357176181
12006100606242004105622074320305401810359180179
12006100606242004105644074420405401810359179180
12006100606242004105821071319405191810338172166
12006100606242004106141072419205321740358177181
12006100606252001101743071318805251780347176171
12006100606252001104489070718205251760349176173
12006100606252002100637073918905501830367182185
12006100606252002104943065217304791630316152164
12006100606252002106774068016605141660348170178
12006100606252003100913072418805361740362180182
12006100606252003104983073519205431870356181175
12006100606252004100740071119905121780334162172
12006100606252004102028069016605241680356177179
12006100606252004103409068817405141700344171173
12006100606252004104328064215904831570326160166
12006100606252004104558067517305021590343165178
12006100606252004104640072619105351790356177179
12006100606252004105039072719105361790357177180
12006100606252004106711072018905311780353176177
12006100606262003102185073418405501790371182189
12006100606262003103746066016804921630329165164
12006100606262004102251071616905471670380183197
12006100606262004107057079919306061970409204205
12006100606272002101470059016504251450280139141
12006100606272003100815072419005341750359178181
12006100606282002101840072518505401830357179178
12006100606282003107101069718705101740336170166
12006100606282004100978071717305441810363182181
12006100606282004103278071417905351790356179177
12006100606282004105845070017005301720358175183
12006100606282004110135069617405221670355175180
12006100606292002100164061716404531490304152152
12006100606292002100727072319805251870338175163
12006100606292003100809070617305331770356178178
12006100606292004100697067516705081610347174173
12006100606302001106147068917305161680348175173
12006100606302002102674066416604981640334167167
12006100606302002103110065919704621600302148154
12006100606302004110065071618905271760351178173
12006100606312004104249070118205191690350177173
12006100606312004106468067017204981640334166168
12006100606322003100649074820505431900353181172
12006100606322004100277077920605731970376189187
12006100606322004100452076219305691900379192187
12006100606322004103261078020605741970377189188
12006100606322004104876068117105101680342169173
12006100606322004105261077520305721930379196183
12006100606322004106548075418905651810384192192
12006100606331999101279068417405101800330171159
12006100606332003104338066317104921610331163168
12006100606332003107007069317805151700345166179
12006100606332004101427065117804731660307162145
12006100606332004102162073319005431800363183180
12006100606332004103703088224906332290404209195
12006100606332004105117070818005281660362178184
12006100606332004107008073218705451830362182180
12006100606342004100884067117904921660326167159
12006100606342004101904071518205331710362177185
12006100606352002104962071218705251720353176177
12006100606352002104982070618505211750346174172
12006100606352003101130066716405031630340169171
12006100606352003102504064917104781590319160159
12006100606352003103043067016505051650340165175
12006100606352004100510074419605481830365185180
12006100606352004109158074419605481840364184180
12006100606352004110053073719605411830358179179
12006100606362000101773000000005071760331000000
12006100606362001102686065317004831620321159162
12006100606362001105205070419305111700341169172
12006100606362002102673068017905011720329165164
12006100606362002104388065316604871550332164168
12006100606362003104603065716604911600331164167
12006100606362004101377064116804731590314158156
12006100606362004101799064214904931570336166170
12006100606372002100046068617305131610352171181
12006100606372004101538069617705191700349173176
12006100606372004104380068916705221690353173180
12006100606372004105089067217205001590341165176
12006100606381999103059071818805301770353177176
12006100606382003101859066817504931590334165169
12006100606382003102185072617705491800369179190
12006100606382004102427067718404931650328164164
12006100606392003100913070218005221720350175175
12006100606392003102532074219105510000000000185
12006100606392003102853067116305081690339173166
12006100606392004100833069818605121710341173168
12006100606402003102111067416105131600353173180
12006100606402004103861070516405411800361184177
12006100606402004104901068118105001680332165167
12006100606402004105889084023606042030401203198
12006100606412001104648071018705231780345172173
12006100606412001105398072517705481850363185178
12006100606412003100027075620905471900357000000
12006100606412003103262075421005441890355181174
12006100606412003104678070720005071780329000000
12006100606412003104910075220805441890355181174
12006100606422003100050085924106182040414204210
12006100606422003102490072219305291800349176173
12006100606422003106209068418405001640336170166
12006100606422004100623081820406142010413204209
12006100606422004101969071819305251790346175171
12006100606422004103552071719205251790346174172
12006100606432000101550074318705561780378191187
12006100606432003105148068318404991710328167161
12006100606432004101820073118105501830367184183
12006100606432004103039073118105501830367184183
12006100606432004103625069618205141760338172166
12006100606432004110065066317204911660325162163
12006100606442001110142089425106432120431221210
12006100606442001110197084620106452100435208227
12006100606442003104027072220705151760339167172
12006100606442003109318069318305101730337170167
12006100606442004102811084723406132260387206181
12006100606442004104093072617805481860362184178
12006100606442004105609069318305101740336170166
12006100606452001106447079821405841980386196190
12006100606452002102703071719405231770346178168
12006100606452002110221072017905411800361185176
12006100606452004100657071118105301790351175176
12006100606452004103363070620704991670332167165
12006100606462002105381080121505862020384195189
12006100606462002107509079421105832000383192191
12006100606462003100451070117905221600362180182
12006100606462003102466079921505842020382187195
12006100606462004100502065917304861670319158161
12006100606462004100622074618605601790381189192
12006100606462004101818072317405491710378187191
12006100606462004103190069918605131770336168168
12006100606462004104246068317305101760334168166
12006100606462004107324067219004821710311159152
12006100606472000101603084519906462210425217208
12006100606472001103297052413003941310263131132
12006100606482003102206072017005501790371186185
12006100606502001110188076520205631880375191184
12006100606502003100739072820205261790347176171
12006100606502004100693074219305491870362184178
12006100606502004102253069317405191730346000000
12006100606502004102380082920906202120408199209
12006100606502004104232068916505241700354179175
12006100606502004104668068216905131630350169181
12006100606502004106926070718405231740349175174
12006100606502004106985070117905221730349175174
12006100606502004107201070118605151640351167184
12006100606502004110053070017305271800347176171
12006100606512002105400068417605081700338172166
12006100606512004100943073617205641770387197190
12006100606512004104071070416905351780357178179
12006100606522000100380065916804911650326161165
12006100606522004104254072918705421840358177181
12006100606532002101270074719605511830368183185
12006100606542000103014068317705061700336167169
12006100606542000110171070419705071780329165164
12006100606542003104829067817005081740334167167
12006100606542003107093067718204950000000000167
12006100606542004101348000000005020000000000162
12006100606542004101787066716405031660337174163
12006100606552001103232071317205411720369000000
12006100606552002106044063216104711550316159157
12006100606552003100048072818605421800362181181
12006100606552004103552000018200001710000000000
12006100606562003104027071318905241760348182166
12006100606562004101969066718104861720314160154
12006100606572004101505067117105001720328166162
12006100606582001100508065300000000000000000162
12006100606582001110143068017905011660335167168
12006100606582002100896063716604711590312156156
12006100606582002101901068918305061720334166168
12006100606582003104255067117804931740319164155
12006100606592001110197088722706602240436223213
12006100606592002105381080721605910000000000189
12006100606592002107096067418204921640328161167
12006100606592002107238071617905371680369189180
12006100606592002107509082021006102010409201208
12006100607002001107191073519605391800359180179
12006100607002002107075069217005221640358174184
12006100607002004100622066918104881710317165152
12006100607012001105695066716605011660335168167
12006100607012003100451068816205261620364176188
12006100607012003100656072818205461790367177190
12006100607012003103755072016805521760376184192
12006100607012004101818071918505341710363176187
12006100607012004103249066716605011660335167168
12006100607022000101603078220805741950379192187
12006100607022003100793065617804781540324154170
12006100607022003101561073918205571850372187185
12006100607022003105749073720205351790356180176
12006100607022004102925073321305201800340174166
12006100607042003100209066117504861580328160168
12006100607042003101299065816804901620328164164
12006100607042004105608071918205371750362180182
12006100607042004109153072418705371840353178175
12006100607052002104783063816004781600318160158
12006100607052004100943071017905311770354182172
12006100607062000103014067500000000000000000167
12006100607072002106559072018305371650372185187
12006100607072003101902073418705471870360179181
12006100607072003104963074218805541850369186183
12006100607072004102380075420405501900360181179
12006100607102004100255077919605831900393194199
12006100607102004110154071717005471690378184194
12006100607112004103872060816504431600283147136
12006100607132002106885070517605291700359175184
12006100607142003100640068716605211760345169176
12006100607142003103755069516905261660360180180
12006100607142003105443067716405131690344169175
12006100607142003105453069319005031720331169162
12006100607152003100053068218005021650337164173
12006100607152003100808070117905221810341172169
12006100607152003102545070917505341770357178179
12006100607162000107582000000000001520000000000
12006100607172003102548066616405021600342172170
12006100607172004103147067917305061710335165170
12006100607232004110154076118805731910382194188
12006100607282004100628071019205181790339171168
12006100607302002110186069417405201740346167179
12006100607312003101967071719105261780348176172
12006100607332004104176065716704901610329164165
12006100607332004105183063916404751550320159161
12006100607502003101812068217405081700338169169
12006100607502004102013066716605011650336166170
12006100607502004106998065616204941550339167172
12006100607512001107092068218205001660334170164
12006100607512002102172070217805241690355174181
12006100607512002103153067318204911670324165159
12006100607512004100544069718405131690344172172
12006100607512004101811070617805281750353178175
12006100607512004109375067316905041720332171161
12006100607522000110215062916404651540311153158
12006100607522002102698067617105051690336164172
12006100607522002106706066817204961620334162172
12006100607532001106298053214103911310260129131
12006100607542003104132072120605151780337173164
12006100607542004101080066217804841660318159159
12006100607542004106134066117704841650319160159
12006100607552000110217052714303841270257123134
12006100607552003106765053300000000000258123135
12006100607552004104973069317605171750342173169
12006100607562001106161070718005271680359178181
12006100607562002106911000020100001840000185000
12006100607572003100995063700000000000316152164
12006100607572003104555073916605731750398194204
12006100607572004103468077318905841880396196200
12006100607572004106922073016505651750390188202
12006100607582004102745072818505430000000000187
12006100607582004104697081119406171980419207212
12006100607592000106471072919105381820356181175
12006100607592002106417073819105471860361181180
12006100608002001103655072119205291740355174181
12006100608002002103816074719405531960357180177
12006100608002004101968065016504851540331159172
12006100608012000110202064816604821630319163156
12006100608012003101633065916604931540339164175
12006100608012003106203076018105791890390195195
12006100608012004103398067217704951640331164167
12006100608012004110050068217105111670344167177
12006100608022001100592070618605201810339170169
12006100608022001109085076318805751950380192188
12006100608022002103460073421805161960320168152
12006100608032000101382068018604941650329169160
12006100608032002102172070118105201770343175168
12006100608032003100216074718605611820379187192
12006100608032003103022067717605011700331000000
12006100608032004100152068117105101650345173172
12006100608041999110010063517204631550308155153
12006100608042004107279074019305471800367185182
12006100608052001107092072118805331830350180170
12006100608052002100458070918105281720356177179
12006100608052004110038068115405271640363176187
12006100608062002106403081220106112000411203208
12006100608071999100169078520205831940389195194
12006100608072001103107067116505061710335172163
12006100608072001105278068117005111700341169172
12006100608072003101493074118105601900370185185
12006100608072004102867075620105551880367185182
12006100608072004104076064717504721650307153154
12006100608081999100510066419504691630306156150
12006100608082001106254073019005401830357181176
12006100608082003102057069317005231680355182173
12006100608092002101863068016505151700345176169
12006100608092004101733071218705251770348177171
12006100608092004101977068117705041740330171159
12006100608092004102504071418705271780349177172
12006100608102001106161069216705251680357178179
12006100608102002103409062115304681560312155157
12006100608102003106492071018605241770347175172
12006100608112000106471071519005251770348176172
12006100608112002104447068316205211680353176177
12006100608112004102745000000000000000000000000
12006100608122000110113068819604921670325162163
12006100608122002106778068317605071630344174170
12006100608122002106785070818505231770346176170
12006100608122004104431072518205431730370183187
12006100608122004109156071118605251770348175173
12006100608132001103655067717605011630338169169
12006100608132001105404070715905481780370188182
12006100608132004103754000000005511810370189181
12006100608132004105224077520305721810391191200
12006100608142000110028070217205300000000000182
12006100608142001105832069317305201720348176172
12006100608142002102404067317404991660333168165
12006100608142002105674074120005411840357180177
12006100608142003106206065816304951640331168163
12006100608142004104174082421206122050407209198
12006100608151999103092074719105561840372186186
12006100608152001105156062216004621480314148166
12006100608152004101073069117705141750339171168
12006100608152004105074068918805011650336157179
12006100608162001107097069417405201640356180176
12006100608162001110151079722805692000369190179
12006100608162002104935063715704801510329164165
12006100608162003100731071818405341790355178177
12006100608162004103874073818405541810373183190
12006100608162004110178066116904921660326165161
12006100608172000101548067116805031620341000000
12006100608172004102174069618305131730340169171
12006100608182001104306074919605531870366185181
12006100608182004100210076719905681920376192184
12006100608182004101053071217205401740366184182
12006100608182004102661074419205521780374187187
12006100608182004109077075019005601840376191185
12006100608192002101220068717305141660348170178
12006100608192002102126070318405191750344171173
12006100608192004100972072316805551880367187180
12006100608192004102097056914204271440283142141
12006100608202004102118068116905121640348171177
12006100608202004102867072119905221790343175168
12006100608202004104530069417805161660350172178
12006100608211999100169079219505971960401202199
12006100608212002101490065718504721630309156153
12006100608212002106403082021306072090398201197
12006100608212003110010070518805171740343170173
12006100608212004103175078321105721870385192193
12006100608212004104517074617105751820393197196
12006100608212004110074074717005771800397196201
12006100608222001105278069017805121740338173165
12006100608222001107508073718705501900360183177
12006100608222002105328065417304811580323158165
12006100608222004100362073919905401830357180177
12006100608222004102775078321405691890380190190
12006100608222004106115073819805401840356180176
12006100608222004106393071718305341770357179178
12006100608232000101838065416304911600331162169
12006100608232001103843069918805111780333171162
12006100608232002103453068700000000000351174177
12006100608232003104232070219805041740330166164
12006100608232004100053070019005101790331164167
12006100608232004101367072618805381820356178178
12006100608232004101781072718805391830356179177
12006100608232004104935071717405431790364184180
12006100608242002101597068417405101680342172170
12006100608242002102189071117805331740359184175
12006100608242003100896070517205331680365181184
12006100608242003102899061717104460000000000000
12006100608242003103014070417805261750351176175
12006100608242003103338073418605481830365186179
12006100608242003103551066516105041660338170168
12006100608242003104026074718405631790384192192
12006100608242004101292070117505261670359178181
12006100608242004103095070918605231780345174171
12006100608242004106924071518805271780349177172
12006100608242004109272074218405581840374192182
12006100608252003102092073619005461790367184183
12006100608252004102987073619005461790367184183
12006100608262001106643070318105221710351175176
12006100608262002105450066018404761630313155158
12006100608262002105559070318505181750343170173
12006100608262002105674066717904881680320164156
12006100608262003101828067418904851620323154169
12006100608262004103214066916505041610343169174
12006100608272001105010078826305251800345175170
12006100608272002106778066217304891600329165164
12006100608272002106785068617605101720338173165
12006100608272004100251073719805391870352177175
12006100608272004100475078622305631900373186187
12006100608272004100892074120105401850355180175
12006100608272004102137076119605651920373186187
12006100608272004109156068817605121730339173166
12006100608282002104082072018305371870350175175
12006100608282004104431069617405221680354169185
12006100608282004104554071918105381710367180187
12006100608292001105369073819505431830360184176
12006100608292003105753066618004861640322161161
12006100608292004104948068719004971640333170163
12006100608292004105295000000005141690345172173
12006100608302003106389064515704881480340165175
12006100608312003101735066317104921640328162166
12006100608312004100252068117205091700339172167
12006100608322003102902073020205281870341170171
12006100608322004100503076222705351950340176164
12006100608322004100739067317105021670335168167
12006100608322004102182068917605131700343172171
12006100608322004102834075521805371930344178166
12006100608322004103198077221005621960366185181
12006100608322004103289078322105622050357187170
12006100608332003101722069317105221710351176175
12006100608342001104952067617904971670330164166
12006100608342002104803074520005451820363177186
12006100608342002110157065116204891590330162168
12006100608342003103505072718505421870355000000
12006100608342004110207065917904801620318162156
12006100608352001107508072418505391830356182174
12006100608352002101755000000005430000000000178
12006100608352002110149071619005261770349176173
12006100608352003103971074520205431900353179174
12006100608352004101669068418904951670328159169
12006100608352004110226068116805131670346166180
12006100608362002101312067818404941700324158166
12006100608362003105187069618805081770331166165
12006100608362003105686077519805771950382196186
12006100608362004100237071319505181750343166177
12006100608362004100362069218105111730338173165
12006100608362004106115069318105121740338173165
12006100608362004110074075018705631870376183193
12006100608372004101361054415103931290264129135
12006100608372004103214071317605371700367179188
12006100608372004103778053714503921290263128135
12006100608372004106709081221006022040398199199
12006100608381999105449071419305211760345174171
12006100608382001110152069718905081810327177150
12006100608382003106424072421005140000000000163
12006100608382004101663071519205231850338171167
12006100608382004106570070919805111800331167164
12006100608382004110039066016005001630337164173
12006100608392003100986077719605811960385196189
12006100608392003103482067115905121430369178191
12006100608392003103525081721706002030397201196
12006100608392004100997069217305191710348174174
12006100608392004101292069717405231780345178167
12006100608392004101934070118305181750343172171
12006100608392004110182081721306042020402200202
12006100608402003102384072316105621620400186214
12006100608402004103012059216404281520276140136
12006100608402004104258000016400001490000000000
12006100608412001100377069617905171750342174168
12006100608422001103271070818405241750349173176
12006100608422002102202064217904631550308152156
12006100608422002102223069316805251740351175176
12006100608422003101099062113204891270362138224
12006100608422003102800070718105261730353176177
12006100608422004100671071517605391740365183182
12006100608432002106061072619605301820348177171
12006100608432003102904071318005331780355177178
12006100608432003107219065817604821600322157165
12006100608442000103914067216405081680340176164
12006100608442002100402071018305271640363188175
12006100608442002100840072918605431830360182178
12006100608442003102176066216904931600333165168
12006100608442003104690068917905101760334168166
12006100608442004101407066315705061620344172172
12006100608442004102248074919505541910363184179
12006100608442004102714066016204981630335164171
12006100608442004102850069517705181660352178174
12006100608442004106884074919505541900364185179
12006100608451999100645061415504591540305154151
12006100608452001100452064715404931490344000000
12006100608452002110062074719405531860367183184
12006100608452004105239069117705141620352178174
12006100608462003106302069618205141720342166176
12006100608472000101486064615904871500337172165
12006100608472002100605062815804701450325153172
12006100608472002103379066317004931640329165164
12006100608472003103194075819505631890374187187
12006100608472003106049063816004781520326158168
12006100608482001105273068717805091720337169168
12006100608482004104671063115304781500328158170
12006100608482004105817068017505051700335165170
12006100608492001103110064217404681610307160147
12006100608502004103507068117705041690335168167
12006100608511999107038060715504521410311149162
12006100608512003102838067217304991670332167165
12006100608512004102815067817105071650342170172
12006100608512004105013000000005591860373181192
12006100608512004105682066617904871640323160163
12006100608512004110039068116705141670347172175
12006100608521999104643064216604761590317158159
12006100608522001103093067719904781700308156152
12006100608522002102679069918605131710342168174
12006100608522002110010070317705261770349173176
12006100608522004101911071818505331760357175182
12006100608522004103173068817605121710341169172
12006100608522004104262064917104781610317159158
12006100608522004104890064615304931520341167174
12006100608522004105658064116604751580317158159
12006100608532002105981067417105031690334168166
12006100608532003100230066216604961650331168163
12006100608532003101708068100000000000333162171
12006100608532003104262066216904931570336164172
12006100608532004100355069217505171690348170178
12006100608552000101588068719604911740317161156
12006100608562003102042070218805141740340174166
12006100608562004103026062017004501540296148148
12006100608562004105024070218805141740340175165
12006100608562004110151062417104531560297149148
12006100608572002106061070919005191710348176172
12006100608572002110062068217605061710335168167
12006100608572003102292078920505841930391194197
12006100608582002110001071621405021810321162159
12006100608582004104357071517605391750364183181
12006100608592004103978083523605992000399206193
12006100609002001103353067017604941710323165158
12006100609012003103194072217905431780365178187
12006100609022002101892070018505151720343179164
12006100609022002110156068717105161730343173170
12006100609022003101794067118304881700318158160
12006100609022003102713068018304971700327163164
12006100609022003110132071517405411730368179189
12006100609022004101775070618605201710349171178
12006100609022004105684070718605211700351172179
12006100609022004106018073318505481850363181182
12006100609032001105215069417105231600363180183
12006100609032003104443068117505061680338166172
12006100609032003106939084322006232120411210201
12006100609032004105460073218205501810369188181
12006100609042001103308067217904931630330163167
12006100609042002110132065817504831610322158164
12006100609042003101736064518004651620303150153
12006100609042004105682068218804941680326162164
12006100609052001103093066120104601700290144146
12006100609052004103173065717104861650321157164
12006100609061999107166000000005291720357000000
12006100609062002110038070318105221710351176175
12006100609072003100621072918405451850360182178
12006100609072004102982056415304111410270134136
12006100609072004110158057615404221400282140142
12006100609082004104190070017805221710351171180
12006100609082004104711070117905221710351172179
12006100609082004106625069018005101660344167177
12006100609092000101588067317804951680327166161
12006100609102003102281000000000000000000000000
12006100609112000110053069917105281690359184175
12006100609122002102861068718405031740329165164
12006100609122003106392065418204721690303153150
12006100609132003102742065916804911630328166162
12006100609132003103975067818104971610336167169
12006100609132003106334072219405281860342173169
12006100609142002101892069916305361790357182175
12006100609152002100971070517705281680360175185
12006100609152003106613072218205401750365182183
12006100609171999104361068917005191640355176179
12006100609172003104443065317604771630314157157
12006100609172004100597071819705211760345176169
12006100609172004110109070519505101780332170162
12006100609182001103312071520105141810333170163
12006100609182002103275070818705211780343173170
12006100609182004100661068718305041680336165171
12006100609192001107192075318705661880378187191
12006100609192003100862068118105000000000000167
12006100609192004103100074918405651880377187190
12006100609202002100887070519605091710338168170
12006100609202003100621072219405281850343176167
12006100609202003102942000000000000000000000179
12006100609202003104398080020405961960400200200
12006100609202004106590068716805191670352174178
12006100609212003102288072219905231820341171170
12006100609212004101751071119405171750342171171
12006100609222002103621078019905811920389198191
12006100609252002102068070917405351830352180172
12006100609261998100440074418205621820380195185
12006100609272004103702072818505431840359184175
12006100609272004104143071618505311720359181178
12006100609282004100759066216404981670331167164
12006100609292002107011064618104651560309156153
12006100609312002104223064218004621580304155149
12006100609372001103157066416804961730323170153
12006100609432000106983065116004911490342164178
12006100609492003102976068816805201620358173185
12006100609512003100496072519005351820353177176
12006100609562003105304069318805051670338165173
