02008073004582004100412069518005151710344173171
02008073004592002100931051814903691290240120120
02008073004592004103178051814203761290247122125
02008073004592005102457051614203741280246122124
02008073004592005102757052314103821300252125127
02008073004592005102761051615003660000000000118
02008073004592005110108052614203841290255126129
02008073004592006103704072419005341790355000000
02008073005002000100129079520205931980395195200
02008073005002003103001059214504471430304148156
02008073005002004106613068016805121650347170177
02008073005002004106842069617405221710351174177
02008073005002005104978081820406141980416206210
02008073005002005105893000019200001810000000000
02008073005002006102823054915403951370258131127
02008073005012001104244068617305130000000000170
02008073005012003101392065116804831600323161162
02008073005012003110197064315904841580326157169
02008073005012004106895068116605151650350172178
02008073005012005100446064416104831610322160162
02008073005012005103460075419305611850376188188
02008073005012005105261068117405071650342164178
02008073005012005106830000000000000000334162172
02008073005012005106903070217305291740355172183
02008073005012005109267062216504571530304149155
02008073005012005109334075420105531880365178187
02008073005012005110017065116304881570331160171
02008073005012006100097071118105301740356180176
02008073005012006100541069517805171650352170182
02008073005012006100785071418405301750355179176
02008073005012006101222068717105161670349173176
02008073005012006103159063615704791570322158164
02008073005012006103655071317805351770358175183
02008073005012006103966075320605471870360177183
02008073005012006105054067016805021650337166171
02008073005012006105359069217305191710348167181
02008073005012006105504000017100001600000157000
02008073005012006105698071817705411790362178184
02008073005022003107050071018005301720358176182
02008073005022004100520071518205331670366180186
02008073005022004103071068417805061690337167170
02008073005022004104470075019405561850371179192
02008073005022004110171076019105691830386185201
02008073005022005102711078419505891920397199198
02008073005022005104716077618105951860409199210
02008073005022005105121072117605451710374183191
02008073005022005105422071318305301690361179182
02008073005022005105570070918205271790348175173
02008073005022005109324066717204951680327158169
02008073005022006100632077219505771840393189204
02008073005022006101514072117205491730376177199
02008073005022006102672073217805541840370180190
02008073005022006102675076118705741890385198187
02008073005022006105437071417905351730362173189
02008073005022006106501072217705451730372181191
02008073005022006106543073218605461860360182178
02008073005032003102167076020205581920366184182
02008073005032003105495073818505531820371187184
02008073005032004105564073918205571800377189188
02008073005032004106053078521405712060365189176
02008073005032005100089071817805401770363185178
02008073005032005102101071218705251740351177174
02008073005032005102341071818705311750356179177
02008073005032005102782066016504951590336163173
02008073005032005104273068517205131710342167175
02008073005032005104433063716804691520317155162
02008073005032005104682069217005221720350176174
02008073005032005105539071818005381750363178185
02008073005032005105775072519205331830350181169
02008073005032005105909069117805131710342171171
02008073005032005106320071418605281770351174177
02008073005032006100884072618505411800361182179
02008073005032006101889074618705591830376191185
02008073005032006102670069518005151670348173175
02008073005032006102989072318505381780360182178
02008073005032006103036072319205311780353185168
02008073005032006104075070517505301740356176180
02008073005042003102078068816905191740345168177
02008073005042003102514070117905221780344173171
02008073005042005101626070818005281750353175178
02008073005042005102084066117004911670324162162
02008073005042005102746084024105992190380197183
02008073005042005103198071217005421760366177189
02008073005042005104354073919205471810366182184
02008073005042006100694074618605601870373184189
02008073005042006102770070717905281790349172177
02008073005042006106151073418105531860367184183
02008073005052003102729068917105181690349171178
02008073005052004101179071018405261740352174178
02008073005052005100269077019705731880385189196
02008073005052005104641071518705281760352177175
02008073005052005106034069117505161660350173177
02008073005052005106652066715905081620346165181
02008073005052006100497069017205181670351174177
02008073005052006101832070117605251730352175177
02008073005052006102682070818305251730352176176
02008073005052006103671073819105471860361181180
02008073005052006106260073418705471770370183187
02008073005052006109104072719605311780353177176
02008073005062002103795068916905201820338170168
02008073005062004100941066100000000000327159168
02008073005062004103790070318105220000000000176
02008073005062004104067068317505081660342181161
02008073005062004106633073719905381930345179166
02008073005062005100103061817404441500294150144
02008073005062005100154071518405311820349177172
02008073005062005101318076519505701900380192188
02008073005062005101603074420305411880353180173
02008073005062005101811053214403881350253127126
02008073005062005102874055214704051380267136131
02008073005062005103737064818904591640295149146
02008073005062005104063073719305441810363181182
02008073005062005104609073919205471860361190171
02008073005062005104655073818605521810371184187
02008073005062005110168066917704921700322163159
02008073005062006101443070517005351760359178181
02008073005062006101634074219705451830362180182
02008073005062006102453072219005321760356179177
02008073005062006103113067018104891610328161167
02008073005062006105731070418105231780345174171
02008073005062006105918071917505441870357184173
02008073005062006106511072118105401790361182179
02008073005062006106656073319105421910351174177
02008073005072001103748069618105151720343171172
02008073005072004109256068717405131650348170178
02008073005072005100176075219505571880369186183
02008073005072005100680075519705581840374183191
02008073005072005102210068817205161650351171180
02008073005072005104643072218505371690368177191
02008073005072005105586082221206102040406202204
02008073005072005106856052314203811250256123133
02008073005072005110210064516104841560328158170
02008073005072006103752070017705231740349178171
02008073005072006103839071517905361810355174181
02008073005072006104065068917605131670346166180
02008073005072006105745066416804961590337162175
02008073005082004107227000000000000000000000000
02008073005082005102756071818105371760361180181
02008073005082005105741064016104791560323159164
02008073005082005105789065316304901590331165166
02008073005082006101584066416405001580342169173
02008073005082006104308073618905471820365182183
02008073005082006104959070117005311720359177182
02008073005092003103745074321205311860345171174
02008073005092004102940072719205351740361186175
02008073005092005102313076119005711780393188205
02008073005092006101720070818805201740346169177
02008073005092006102899075518305721810391192199
02008073005092006104156076520505601900370184186
02008073005092006109280077121105601890371185186
02008073005102002102845067217105011670334167167
02008073005102005105841073019005401830357180177
02008073005112002102719073319205410000000000167
02008073005112003103001050513403711240247125122
02008073005112004105184051614103751340241121120
02008073005112004106613051214203701250245120125
02008073005112004106842051114003711310240123117
02008073005112005101606066917904901720318168150
02008073005112006103450060115704441380306153153
02008073005112006103588073718005571770380186194
02008073005112006105607078621405721960376190186
02008073005122004104456076419905651870378189189
02008073005122004106123053914303961350261133128
02008073005122005102056058616404221470275142133
02008073005122005104999056914904201440276138138
02008073005122005106688059115704341480286000000
02008073005122005109267055014504051380267135132
02008073005122006106767055114004111410270137133
02008073005132004103171085421806362060430212218
02008073005132005100446056514604191370282143139
02008073005132005101076054815103971360261130131
02008073005132005103204051014103691230246120126
02008073005132005103460069216805241710353175178
02008073005132006102238067616105151570358174184
02008073005132006105504054814704011380263131132
02008073005142001104244053115203791330246122124
02008073005142001104938071318005331720361178183
02008073005142005102545079319605971960401195206
02008073005142005103409075319005631850378182196
02008073005142005105893055715803991370262135127
02008073005142005109324053614903871350252133119
02008073005142006103655054915003991380261135126
02008073005152002103435063818904491540295147148
02008073005152003101392050613503711250246120126
02008073005152003110197050413403701240246120126
02008073005152004104470071719805191750344167177
02008073005152004106895055316003931380255129126
02008073005152004110139068820704811850296153143
02008073005152004110176068717305141730341172169
02008073005152005102711058016004201480272141131
02008073005152005105121066115905021670335168167
02008073005152005105544073920005391900349177172
02008073005152006102675057615604201480272141131
02008073005152006103159051713703801250255120135
02008073005152006106501000000003951390256130126
02008073005152006106543055115104001340266134132
02008073005162003102167054815303951450250130120
02008073005162005100121071418705271820345175170
02008073005162005102101054115903821330249122127
02008073005162005102341053415403801330247122125
02008073005162005104433053214303891300259131128
02008073005162005104682055415104030000000000133
02008073005162005104716072318705361790357180177
02008073005162005105261051914803711310240119121
02008073005162005105909054414603981390259131128
02008073005162005106047051914103781280250124126
02008073005162005110164070418405201740346175171
02008073005162006103954052413903851320253128125
02008073005162006106252070017105291690360178182
02008073005172001106479049313303601220238118120
02008073005172002107108063815804801580322159163
02008073005172003105495066917204971560341171170
02008073005172004102732053814703911380253131122
02008073005172005110017049713403631210242118124
02008073005172005110206052014103791320247127120
02008073005172006102266000014500001380000130000
02008073005172006106665054914904001380262134128
02008073005182004106225051314003731240249123126
02008073005182005101355064617204741600314155159
02008073005182005101895085322906242040420214206
02008073005182005102746052014703731330240122118
02008073005182005103038051914103781320246126120
02008073005182005105775054515503901290261130131
02008073005182005106519057716404131420271137134
02008073005182006100915056514704181400278137141
02008073005182006102229065317704761600316165151
02008073005182006102989054415403901300260132128
02008073005182006103036053915503841300254129125
02008073005182006103043000016800001440000129000
02008073005182006103989055916603931440249130119
02008073005182006106263066618104851590326165161
02008073005182006106320065918304761580318161157
02008073005192002101003052414003841290255126129
02008073005192002103793058217404081400268135133
02008073005192003102729053414303911330258128130
02008073005192004100778066017104891630326164162
02008073005192004101624000017800001610000162000
02008073005192005101318054616203841440240122118
02008073005192005103169064617304731590314156158
02008073005192005104609055616503911500241124117
02008073005192005110064062817604521510301145156
02008073005192006101025071818505331840349176173
02008073005192006101832051413903751300245125120
02008073005192006103486066017304871640323165158
02008073005192006105731054717103761310245119126
02008073005192006105918053216103711270244119125
02008073005192006106260053013903911300261126135
02008073005192006106511054717103761320244118126
02008073005202003102078049012903611180243116127
02008073005202003102912051814903691310238120118
02008073005202004101179053414903851320253126127
02008073005202005103198067516705081620346164182
02008073005202005106034054015203881370251127124
02008073005202006103671052214603761300246121125
02008073005202006103839051013403761240252119133
02008073005202006104065050013403661230243119124
02008073005202006104855054815103971380259131128
02008073005202006109104053414903851320253126127
02008073005212004100941052714603811310250126124
02008073005212005100154052300000000000255123132
02008073005212005106652052914303861290257126131
02008073005212005110168053114303881290259126133
02008073005212006102453051113803731280245123122
02008073005212006103113052513703881300258132126
02008073005222004106633052114503761330243125118
02008073005222005100934052500000000000000000000
02008073005222005100944054714803991340265128137
02008073005222005101603054715103961370259132127
02008073005222005104063068517905061700336163173
02008073005222006101634059115204391460293147146
02008073005222006106656054014903911360255130125
02008073005222006106853053014603841300254125129
02008073005232001103748000000003701250245122123
02008073005232002103795054214903931350258128130
02008073005232004102132067317704961680328169159
02008073005232005100680000000003791210258121137
02008073005232005102756051013403761270249125124
02008073005232005103097078120305781870391193198
02008073005232005105741053014403861360250127123
02008073005232005105789052914503841360248124124
02008073005232006101584053114603851340251129122
02008073005232006105745051213403781220256121135
02008073005242000103551075019205581870371182189
02008073005242002102719049412503690000000000131
02008073005242003103745000000004020000000000125
02008073005242005101606049812403741180256122134
02008073005252003110131071219305191750344166178
02008073005252004100394066417404901660324158166
02008073005252005102256076820405641900374186188
02008073005252005104460058315304301430287146141
02008073005252006101583059614904471520295150145
02008073005252006103992059614804481530295149146
02008073005262005101284069216805241600364172192
02008073005272001104938052914903801340246127119
02008073005272002103435055116403871360251130121
02008073005272004110139055216303891350254130124
02008073005282005102545057116004111410270135135
02008073005282005105544067717804991720327165162
02008073005282005110164064616804781660312160152
02008073005282006102287061619004261460280141139
02008073005292004103171080619606101990411203208
02008073005302002107108053814603921320260130130
02008073005302004102434052114003811250256123133
02008073005302005101355052914903801310249127122
02008073005302006102673084400000000000000000216
02008073005312002106542067717205051670338168170
02008073005312006102723075918505741830391190201
02008073005322002103793000016100001240000000000
02008073005322004100778053314903841300254127127
02008073005322004106589064716104861580328161167
02008073005322005102335067217804941700324159165
02008073005322005109184066418004841690315156159
02008073005331998104034055315004031440259133126
02008073005332006103368071619405221760346179167
02008073005342005100823080520805971960401202199
02008073005342005103169052115203691290240118122
02008073005342005110064051914803711300241118123
02008073005342006103117069317005231680355176179
02008073005342006103486052215303691290240118122
02008073005342006105776073117705541810373186187
02008073005342006109311072917605531810372186186
02008073005352005101831066816605021650337169168
02008073005352005103097054314204011360265136129
02008073005352005104339067617704991660333161172
02008073005352006100262069317205211650356182174
02008073005352006103167062015004701470323154169
02008073005362000103551054414503991340265134131
02008073005362005101895082120106202060414220194
02008073005362005102359067916805111690342172170
02008073005362005102687066816805001620338165173
02008073005362005103454068416505191690350172178
02008073005362005104387068017205081680340170170
02008073005362005104555071700000000000000000181
02008073005362006100065070217805241620362169193
02008073005372002104713051613503811300251122129
02008073005372003105600082821006182090409201208
02008073005372006100430071917605431800363182181
02008073005372006100833071618305331800353180173
02008073005382004104135071418605281730355175180
02008073005382004107029074118805531840369185184
02008073005382005102621066416904951600335165170
02008073005382005102665071418505291770352173179
02008073005382005102983068617605101660344169175
02008073005382005103521061117104401490291144147
02008073005382005106256076220005621880374187187
02008073005392006101461072918705421780364178186
02008073005392006103832072918705421770365178187
02008073005402003105755066416904951630332167165
02008073005402006104952069018105091680341170171
02008073005412005102256054813504131280285134151
02008073005412005102545054717703700000000000123
02008073005412006100777077519805771940383191192
02008073005412006102287054017403661250241120121
02008073005412006102567076119105701900380189191
02008073005422003110131050714403631200243119124
02008073005422004100394053414603881320256130126
02008073005422004103162073918905501800370182188
02008073005422004103239063016304671530314157157
02008073005422006101987065117004811600321158163
02008073005432002106542052914203871350252128124
02008073005432004103171077819005881930395195200
02008073005442001103335065717404831610322162160
02008073005442005105244067216905031630340169171
02008073005442006101377068116905121630349174175
02008073005442006101671070418005241750349172177
02008073005442006104467067816805101680342170172
02008073005442006104831071017805321750357177180
02008073005442006104940068017005101650345170175
02008073005452005104680051613903770000000000126
02008073005452006103368069719405031790324170154
02008073005472004103343069617005261720354176178
02008073005482005109073055614504111400271139132
02008073005492006100085053314203911290262126136
02008073005492006102357053114203891290260126134
02008073005492006110051068217705051730332000000
02008073005502003103620072517905461820364184180
02008073005502005101831000000003901240266129137
02008073005502005103434068818005081720336165171
02008073005502005103521054016203781320246127119
02008073005502006100065052313603871240263129134
02008073005502006100262072617505511700381186195
02008073005502006101657074418805561860370186184
02008073005502006103167052414103831270256125131
02008073005502006106120074418905551840371190181
02008073005502006106783073018205481820366186180
02008073005512005104555000000004781620316158158
02008073005512006101047070017605241740350176174
02008073005512006105428070117705241730351176175
02008073005522006104952068818705011670334166168
02008073005532003105755067616905071690338168170
02008073005532005102621000000003811250256124132
02008073005532005102983052213803841260258124134
02008073005552005101666052214303791300249123126
02008073005552006100829052614403821320250122128
02008073005562004103239052615803681320236120116
02008073005562005110183068817205161670349000000
02008073005562006101461070218305191680351171180
02008073005562006101987053416203721340238120118
02008073005562006103832070118205191680351172179
02008073005572005101475082820506232040419213206
02008073005572005102139081220206101960414207207
02008073005572006100751050613303731220251123128
02008073005572006106583050613403721210251123128
02008073005582004107003070517905261710355173182
02008073005592003110187069417205221740348174174
02008073005592004103343059515004451470298154144
02008073005592004104642069417505191740345176169
02008073005592004110172072417705471710376184192
02008073005592005104794075919505641840380191189
02008073005592005105864069417305211740347175172
02008073005592005109260074217805641850379188191
02008073005592006100089053114503861350251125126
02008073005592006106585052013903811320249121128
02008073006002003100193067017204981680330159171
02008073006002005103156060215404481480300152148
02008073006002005104234067917005091600349167182
02008073006002005104250071018705231810342169173
02008073006002005105551049313003631190244118126
02008073006002006100217068117105101570353169184
02008073006002006105527060615604501470303151152
02008073006012005105244070018205181700348175173
02008073006012006104467054715203951320263130133
02008073006012006104831053714403931300263129134
02008073006022003100178070117805231780345173172
02008073006022005105838069717905181720346173173
02008073006032005106755072818605421800362182180
02008073006042003102915068016505151660349172177
02008073006042005101701065915705021640338169169
02008073006242003102865000000000000000243119124
02008073006242005100789049713403631200243119124
02008073006242005102511049313403591200239116123
02008073006252000104423060700000000000300147153
02008073006252005110101061315504581470311149162
02008073006262005101077066316904941640330168162
02008073006262005102443061717304441550289143146
02008073006262005106333060416004441420302146156
02008073006262005106755051613603801290251124127
02008073006262006103369066416904951630332168164
02008073006262006106224071017105391740365183182
02008073006272004107003050714103661270239121118
02008073006272005101475060018104191420277137140
02008073006272005102139060218104211380283139144
02008073006272005104322052113703841280256125131
02008073006272006100681053915403851310254126128
02008073006272006104507052514003851300255126129
02008073006272006104874000000000000000000135000
02008073006272006106901054015503851310254126128
02008073006282004100749052814403841360248125123
02008073006282005101394054615203941400254131123
02008073006282005109288052814203861380248124124
02008073006282005109325052114103801360244121123
02008073006302005109244063417004641550309157152
02008073006302006105875000000005031660337168169
02008073006312003100625052614103851280257124133
02008073006312004105537050413903651270238123115
02008073006312005105807060415004541490305148157
02008073006312006100537059815504431480295150145
02008073006312006105956059715504421480294147147
02008073006322002107322069417805161680348176172
02008073006322004101248076119505661880378188190
02008073006322004107109075018705631870376196180
02008073006322006104551070017305271740353177176
02008073006322006105912069317505181700348175173
02008073006332006102730059016404261390287139148
02008073006332006102820058916404251390286139147
02008073006342005107005062215604661540312155157
02008073006342006100449061615704591500309152157
02008073006342006100873062515404711520319159160
02008073006362004101246057418403901390251126125
02008073006362005101167108126808132640549277272
02008073006372003105781052114203791310248129119
02008073006372004102989052914503841360248125123
02008073006372006104528052714403831320251130121
02008073006372006105662057617204041450259133126
02008073006382004100495057815404241430281142139
02008073006382005106702066917404951700325166159
02008073006392005102443055115903921420250130120
02008073006392005106333054000000000000246127119
02008073006392005110101053514003951290266132134
02008073006392006101323067417704971680329169160
02008073006402005101475053516603691270242119123
02008073006402005102139054216803741300244120124
02008073006402006102376068517905061750331177154
02008073006422005105807052114203791300249128121
02008073006422006106224054714204051320273137136
02008073006432005109244053414103931340259133126
02008073006432006105875052500000000000000000126
02008073006442003102394070618105251750350174176
02008073006442005101930066816105071600347166181
02008073006442006100537054714504021340268131137
02008073006442006105956054814504031340269131138
02008073006462005104252066516704981690329164165
02008073006472002107322068016805121720340175165
02008073006472006102730052616003661340232116116
02008073006472006102820052615903671350232115117
02008073006482004107109075419305611840377188189
02008073006482005107005052314303801230257120137
02008073006482006100449050514303621230239116123
02008073006482006100873052414303811240257120137
02008073006492006103506065516604891590330164166
02008073006492006105947064916604831590324161163
02008073006522005100858065316604871620325161164
02008073006522005103347055614004161330283136147
02008073006522006100261076921105581910367173194
02008073006522006101813076700000000000364183181
02008073006522006104714080921405952000395195200
02008073006522006200003077421105631970366182184
02008073006562006105999073719205451850360184176
02008073006582004102521066617204941570337166171
02008073006582006100384077519505801950385196189
02008073006592002103295067617904971690328163165
02008073006592005105256068517405111660345171174
02008073007022004105879083421206221900432206226
02008073007022005109071071518405311710360178182
02008073007032006102576072318605371790358176182
02008073007042003104844071318905241740350171179
02008073007042004102509068317605071660341170171
02008073007042005100858053615103851390246126120
02008073007042006100109074719205551820373184189
02008073007042006100153077219805741930381189192
02008073007052005100595066517004951660329167162
02008073007062006106788067617305031720331168163
02008073007062006110085069317805151730342173169
02008073007082001106498052312004031240279132147
02008073007082004110253061116304481460302147155
02008073007092006105999067618004961680328170158
02008073007102004102521063917304661560310150160
02008073007102005100660057316504081460262131131
02008073007102005103250069617205241690355175180
02008073007102005106852070218705151760339168171
02008073007122005101591067117304981610337170167
02008073007122005105256065917104881600328164164
02008073007122006106725068517505101710339169170
02008073007142003105026067016205081680340162178
02008073007142004103159071718405331770356177179
02008073007142005102684070318205211680353177176
02008073007142005104445074219705451800365180185
02008073007142006100593070117005311720359183176
02008073007142006104780071618305331780355176179
02008073007142006105728072920005291810348173175
02008073007142006106498073019905311810350174176
02008073007162003102464066016504951560339166173
02008073007162003107468055414804061370269134135
02008073007162005103943000000003881300258000000
02008073007162005200022069317405191720347172175
02008073007162006100912073918205571820375188187
02008073007162006101976066116105001570343167176
02008073007162006102586065316104921570335164171
02008073007172002100653066617304931710322000000
02008073007172004103213066316904941710323000000
02008073007172005102027078122405571900367184183
02008073007172005102552066717304941720322158164
02008073007172005109071052114003811280253124129
02008073007172006100384052614003861280258126132
02008073007172006102576063315604771550322155167
02008073007172006105254065516304921680324166158
02008073007172006106546065116204891660323165158
02008073007182004106710084719706502050445222223
02008073007182006104082069417605181680350175175
02008073007182006104916069317505181680350175175
02008073007192003100529051514103741230251122129
02008073007192004104021063116504661600306152154
02008073007192004105149051914403751230252123129
02008073007192004105512066817104971670330163167
02008073007192005101310069116805231680355173182
02008073007192005104785066617604901670323168155
02008073007192005105104065317004831640319159160
02008073007192005106666051714203751240251123128
02008073007192005106864069117005211690352174178
02008073007192006102352071616805481720376184192
02008073007192006104567069616805281710357178179
02008073007192006106562066817004981650333165168
02008073007202005102203072217705451890356185171
02008073007202005102327067617605001720328163165
02008073007202005105226066316804951580337165172
02008073007202006100109054514204031350268131137
02008073007202006100153054514204031350268130138
02008073007202006101822071919005291820347174173
02008073007212004110253054014303971320265131134
02008073007212005109178070617405321710361179182
02008073007212006106788052814603821320250125125
02008073007212006110085052514703781290249125124
02008073007222003101688065016404861570329161168
02008073007222003102598066316604971620335166169
02008073007222003105975049312803651190246122124
02008073007222004110173055014804021400262000000
02008073007222005102512071518705281720356181175
02008073007222005105286069818005181690349174175
02008073007222006100607069417605181690349175174
02008073007252003106390054415703871280259132127
02008073007262005109252075219205600000000000188
02008073007262006100857056214404181380280144136
02008073007262006103587064915604931610332169163
02008073007262006104915065215704951630332168164
02008073007262006110094066116404971640333167166
02008073007452003102598051114103701300240000000
02008073007462003103909054815403941360258128130
02008073007462004103030000015200001320000000000
02008073007462005100177059016104291440285143142
02008073007462005102120067619004861780308159149
02008073007462005104158055815004081410267136131
02008073007462005104785052815803701320238120118
02008073007462005104909057415604181420276138138
02008073007462005104931051413603781260252124128
02008073007472004100788068417305111670344172172
02008073007472004102927064917104781500328158170
02008073007472005102203055214204101340276140136
02008073007472005102327055314304101340276139137
02008073007472005102512070318105221770345176169
02008073007472005103100061516704481470301144157
02008073007472005103849065415904951580337167170
02008073007472005105609068117005111720339170169
02008073007472005106396080722005872000387196191
02008073007472005109068063816704711480323156167
02008073007472005109218055515703981370261128133
02008073007472006100216059914604531490304146158
02008073007472006101676072717305541820372187185
02008073007472006101730072717305541820372186186
02008073007472006104338067916505141580356173183
02008073007472006104534065316104921600332162170
02008073007472006106125068817905091680341168173
02008073007482000103165070818505231730350176174
02008073007482003104151072518505401780362180182
02008073007482004101205071018205281770351178173
02008073007482004103282070117705240000000000178
02008073007482005100599049713503621220240117123
02008073007482005104318065617404821550327165162
02008073007482005104880075620105551890366188178
02008073007482005105505063416404701580312159153
02008073007482005106279071218205301760354180174
02008073007482005106615050413603681220246119127
02008073007482006103014064516404811610320160160
02008073007482006104018075820105571900367187180
02008073007482006104517071918505341790355175180
02008073007482006104854052614003861250261123138
02008073007482006110093052814003881250263124139
02008073007492001102352057415704171430274137137
02008073007492001103676085622306332120421211210
02008073007492002105517061215504571520305152153
02008073007492004103674074920005491880361183178
02008073007492005109108062717004571540303152151
02008073007492005109125070519005151760339168171
02008073007492005110099061415604581470311156155
02008073007492006100766062216904531510302156146
02008073007492006101094064418004641600304153151
02008073007492006101991070617905271770350181169
02008073007492006104226068717105161660350176174
02008073007502003103350085723006272130414212202
02008073007502004110121051213203801230257125132
02008073007502005101760075821005481800368178190
02008073007502005102582051513403811230258126132
02008073007502005106726076820005681850383189194
02008073007502005109061063015704731550318161157
02008073007502006102466076920205671840383189194
02008073007502006102668076620405621780384187197
02008073007502006105377073319705361790357177180
02008073007502006106147076520405611770384189195
02008073007512001109344073618405521760376184192
02008073007512004104602071317705361780358182176
02008073007512005105462051114403671270240117123
02008073007512006100110070117805231690354173181
02008073007512006101706069017205181670351178173
02008073007512006102606070817405341710363178185
02008073007512006106797076119205691790390192198
02008073007522004100705000000000000000269136133
02008073007522004103768063418204521550297150147
02008073007522004105547000000004261390287142145
02008073007522005101546054413704071370270135135
02008073007522005102648051713803791300249122127
02008073007522005106263072518805371830354180174
02008073007522006104755069217205201590361165196
02008073007522006104788065716804891570332160172
02008073007532005101047071017605341720362182180
02008073007532005102031053714003971360261130131
02008073007532005106739073818505531850368189179
02008073007532006104766053814103971350262130132
02008073007542004100330065217804741660308154154
02008073007542005100117061817104471520295145150
02008073007542006100257052214203801250255123132
02008073007542006102245053814503931350258132126
02008073007542006105613051913603831260257123134
02008073007542006109205000013500001250000121000
02008073007552001102124067318704861720314162152
02008073007552005100010000000000000000000000125
02008073007552005101843053212804041260278133145
02008073007552005106938067217604961660330164166
02008073007552006103002072918805411800361180181
02008073007552006106607069418305111820329174155
02008073007562004106401066416704971660331166165
02008073007562005106861059315604370000000000150
02008073007562006104884059115504361420294146148
02008073007562006105406074718705601830377182195
02008073007572004101768067317205011660335168167
02008073007572005102532065616504911650326163163
02008073007572005103846051213403781220256126130
02008073007572005106205065016804821620320161159
02008073007572005110199065316704861610325163162
02008073007572006101246065616604901640326163163
02008073007582001104426053615203841360248125123
02008073007582004100143052213503871280259129130
02008073007582004103183051714003771310246124122
02008073007582005101395000000000000000265000000
02008073007582005105727068717205151660349171178
02008073007592005103058072818205461800366185181
02008073007592005103282067316905041710333170163
02008073007592005106396055115303981440254136118
02008073007592006100510067716805091700339172167
02008073008002005100260054714604011370264133131
02008073008002005102528054615103951360259128131
02008073008002005103100052814503831350248126122
02008073008002005105609053114803831360247126121
02008073008002005105619065917504841690315159156
02008073008002006100853053715503821310251124127
02008073008002006103683072118605351740361183178
02008073008002006104759054415803861310255125130
02008073008012000105963054114503961310265131134
02008073008012001103714054214803941360258129129
02008073008012003107422054114403971280269131138
02008073008012004101255050813703711210250125125
02008073008012004104688070118405171700347173174
02008073008012005104880052614803781320246124122
02008073008012005105115052715403731240249127122
02008073008012005105158068917505141730341169172
02008073008012005105505049913503641220242119123
02008073008012005106540054315403891380251130121
02008073008022003101769074320205411810360181179
02008073008022004103417000014100000000000000000
02008073008022005101019056315704061460260136124
02008073008022005103849063315904741590315158157
02008073008022005109108051715203651240241119122
02008073008022006100766052215303691250244120124
02008073008022006101094052115303681250243120123
02008073008022006101676055015004001350265131134
02008073008022006101730055115004011350266132134
02008073008022006104018074118405571800377188189
02008073008032000103165053715203851370248127121
02008073008032001103676059915704421470295146149
02008073008032002105517054314004031320271127144
02008073008032004103674053314203911390252126126
02008073008032004105574066017004901600330160170
02008073008032004110029052014103791270252128124
02008073008032005102120051913903801240256123133
02008073008032005102304065116704841580326162164
02008073008032005104318052214303791250254124130
02008073008032005106279050013303671230244122122
02008073008032005110099053314003931280265126139
02008073008032006102609064816704811600321159162
02008073008032006104338064516504801550325159166
02008073008032006106125000014300001250000125000
02008073008042004100705060017904211530268138130
02008073008042004101205055216103910000000000132
02008073008042004103768056816604021350267132135
02008073008042004105547052814503831350248125123
02008073008042006104517055416203921340258127131
02008073008052005105187063516204731560317162155
02008073008052005106726052514503801310249124125
02008073008052005106967065016704831610322164158
02008073008052005109125054614004061430263129134
02008073008052006102466052714603811310250125125
02008073008052006102668052814503831350248127121
02008073008062005101760054715303941390255133122
02008073008062005106739067817105071720335171164
02008073008062006105377071019105191820337172165
02008073008062006106147054315203911390252131121
02008073008072003107187063716304740000000000000
02008073008072004104602052713803891320257129128
02008073008072005106263067917505041730331167164
02008073008072005106861000000000000000000123000
02008073008082006104884052314503781230255124131
02008073008092005101047059015504351420293145148
02008073008102001102124075421405401860354182172
02008073008102004101768058415304311440287143144
02008073008102005106361052113803831290254128126
02008073008112005105727059715304441450299149150
02008073008132005103282063715904781560322161161
02008073008132006100510063715904781570321161160
02008073008142005102123066917804911680323162161
02008073008142005102690000000004621530309151158
02008073008152005100663070618105251760349174175
02008073008162005102102082021006102010409200209
02008073008172005101796051113803731260247121126
02008073008172005105519086423006342070427207220
02008073008182005104163061614904671500317156161
02008073008192006100648072218405381820356176180
02008073008192006102118072518505401810359177182
02008073008202003104562069218405081810327174153
02008073008202006101708074418805561850371186185
02008073008222003107187050813603721290243123120
02008073008232004104677065816704911600331165166
02008073008232005100603066617004961630333161172
02008073008232005101929066217404881570331163168
02008073008232005110032065317304801550325162163
02008073008252005103888085221706352110424211213
02008073008252005104558068016605141670347174173
02008073008262004104257060915304561460310150160
02008073008272005102123051813603821330249123126
02008073008272005102690052513603891340255128127
02008073008282005105032070518005251720353174179
02008073008292002103761073418505491800369178191
02008073008292004105102062417204521590293147146
02008073008302005102102074519005551800375185190
02008073008302005102524074019805421860356178178
02008073008312004104078064618404620000000000146
02008073008312005102705061116804431490294144150
02008073008312005105283063617604601540306155151
02008073008312005109107060316204411450296146150
02008073008322003106050070318505181770341169172
02008073008332006102829083221806142020412204208
02008073008342005100801068816905191680351174177
02008073008342006102683083221706152040411206205
02008073008352005104796076420005640000000000184
02008073008362004104731065317004831650318158160
02008073008372003107226069418005141700344175169
02008073008372005101929051814903691210248120128
02008073008372005110032051214303691200249121128
02008073008372006100667073318105521810371185186
02008073008372006101746073418305511810370184186
02008073008392004104257053514303921300262128134
02008073008402001105538055815504031290274135139
02008073008411999106300053114303881320256129127
02008073008412002103761051413303811230258123135
02008073008412004103315052014503751280247123124
02008073008412005103888076419305711880383188195
02008073008412005104558000000003781300248126122
02008073008432005101663058715404331470286146140
02008073008442005102705052515103741260248124124
02008073008442005105283053015003801290251125126
02008073008442005109107053115303781300248124124
02008073008452004100791052016303571190238116122
02008073008452005102102069417905151660349169180
02008073008462005100801053514503901330257132125
02008073008472003106050066417304911610330156174
02008073008472004104731051513903761290247123124
02008073008502004105458052814303851350250128122
02008073008502005103603055114804031380265134131
02008073008522006100667058414404400000000000148
02008073008522006101746058414404401430297149148
02008073008532003107226069117405171730344171173
02008073008592001103111063520104341460288147141
02008073008592005102558075519105641830381194187
02008073008592006104642068118304981740324172152
02008073009012005104796076219805641860378193185
02008073009122001103111057617504011440257131126
02008073009132005102558076919505741880386192194
