02017102705592011103989063617904571530304150154
02017102705592013105870063116204691570312156156
02017102705592013106133065517604791660313161152
02017102705592013106172065717904781700308156152
02017102705592014101539066017804821650317161156
02017102705592014103615062117004511520299152147
02017102706002010101667071116805431710372181191
02017102706002011100864070417705271730354178176
02017102706002011104420060215004521490303150153
02017102706002012103930059915104481500298148150
02017102706002012104605061215704551500305152153
02017102706002012106018061517104441570287148139
02017102706002012106103069017905111670344171173
02017102706002013102278064114604951510344163181
02017102706002013103589068917105181660352176176
02017102706002013105128070417905251730352177175
02017102706002014100723066117304881670321162159
02017102706002014105413070418305211700351175176
02017102706002015101890065016604841660318164154
02017102706002015102524070617905271750352179173
02017102706002015102595067617005061720334170164
02017102706002015103089070917905301740356179177
02017102706002015103831069917005291720357176181
02017102706002015104796067317005031690334171163
02017102706012011103768069617405221720350172178
02017102706012012100671062415604681530315160155
02017102706012012101265069917405251720353178175
02017102706012012102503063015704731570316158158
02017102706012012106216066216504971690328173155
02017102706012013100787068717805091680341171170
02017102706012013103101068018204981740324166158
02017102706012013103722070418005241770347172175
02017102706012013105715066116704941650329163166
02017102706012014100264065615804981570341166175
02017102706012014100691066416305011590342167175
02017102706012014103179068316605171670350177173
02017102706012014103268063215904731540319161158
02017102706012014103957065817304851600325163162
02017102706012014104192060916404451540291147144
02017102706012014105261069117205191740345172173
02017102706012015100732064216204801570323162161
02017102706012015100907067317005031660337172165
02017102706012015101047071418105331760357181176
02017102706012015101148070116905321710361179182
02017102706012015101838068917805111690342172170
02017102706012015102700068817305151700345176169
02017102706012015102834069917005291690360179181
02017102706012015103018062716304641540310155155
02017102706012015103128066416804961630333165168
02017102706012015103165065617004861640322166156
02017102706012015104809066816305051710334171163
02017102706012015105422070617705291710358184174
02017102706012015105880068117205091670342169173
02017102706012015106222070217405281740354180174
02017102706012015106537069017205181650353175178
02017102706022010105896068117805031670336165171
02017102706022011109010069717605211770344173171
02017102706022013100615072417905451740371186185
02017102706022013104884066516505001610339165174
02017102706022013105402072418505391810358177181
02017102706022015100451071918005391800359179180
02017102706022015100844066116504961650331168163
02017102706022015101436074218305591850374192182
02017102706022015101626068816805201630357175182
02017102706022015101645070416705371720365181184
02017102706022015101746067116405071690338163175
02017102706022015102698066716505021650337171166
02017102706022015103433066816505031600343167176
02017102706022015103633072518805371840353178175
02017102706032013104828070516905361700366178188
02017102706032014101372069617705191810338169169
02017102706032014102258070517805271710356175181
02017102706032014105051078919805911950396199197
02017102706032014105753070017605241800344177167
02017102706032015100260065716404931560337160177
02017102706032015100261070117205291700359176183
02017102706032015100745070317005331730360178182
02017102706032015100761075218505671850382189193
02017102706032015102003071518505301780352175177
02017102706032015103455073318705461810365181184
02017102706032015104002069216705251650360173187
02017102706032015104337068617305131690344174170
02017102706032015104748072118205391820357180177
02017102706032015105197067416605081670341172169
02017102706032015105429070417205321680364179185
02017102706042011101463071618505311780353178175
02017102706042013101887071218405281770351178173
02017102706042013102828068817205161720344173171
02017102706042013104606073919205471830364185179
02017102706042013105594066918104881680320163157
02017102706042014100078064015104891550334162172
02017102706042014100484074519705481890359186173
02017102706042014101023074519705481860362189173
02017102706042014103218068316205211600361178183
02017102706042014105363073119105401790361180181
02017102706042014110121070217605261770349183166
02017102706042015101120073318105521810371181190
02017102706042015101310074419705471890358184174
02017102706042015103892074019005501860364184180
02017102706042015103911065615505011520349171178
02017102706042015104046074319605471880359186173
02017102706042015104253071418005341740360181179
02017102706042015105242072117005511730378184194
02017102706042015106254070418305211790342174168
02017102706042015106472070117905221760346178168
02017102706042015110041074919505541880366190176
02017102706052012101889068517405111680343169174
02017102706052012102498071019105191730346172174
02017102706052013104885068717805091680341169172
02017102706052014100625069717905181690349177172
02017102706052014102315072418305411760365183182
02017102706052014103141073518105541810373188185
02017102706052015100307076718605811840397201196
02017102706052015100977068916405251720353181172
02017102706052015101865071317305401720368184184
02017102706052015101941072218305391740365186179
02017102706052015102829072817205561730383194189
02017102706052015104542068517605091720337168169
02017102706052015104762071917105481770371184187
02017102706052015106097068216805141650349175174
02017102706062011104563075518605691880381188193
02017102706062013100387075319405591820377187190
02017102706062013104550071016805421700372186186
02017102706062014106207075718405731900383187196
02017102706062015100740073717605611830378186192
02017102706062015100788072117805431720371186185
02017102706062015101728073817505631840379191188
02017102706062015101896075718105761880388197191
02017102706062015102597075419005641900374189185
02017102706062015103291070216505371720365182183
02017102706062015103844071918605331750358183175
02017102706062015104008074018205581850373188185
02017102706062015104446073217905531790374186188
02017102706062015105293074118705541860368186182
02017102706062015106227073018005501770373185188
02017102706062015106247074619105551820373180193
02017102706072009102678067616205141700344176168
02017102706072011106544068116705141650349174175
02017102706072012103796066516005051620343174169
02017102706072012105320068317005131660347170177
02017102706072013100218070917805311780353180173
02017102706072013105452068116805131610352174178
02017102706072013110041071318405291780351177174
02017102706072014103578068617405121660346170176
02017102706072014109075069317705161720344175169
02017102706072015102557070018005201780342173169
02017102706072015106449069317905141820332170162
02017102706082014100718078019705831870396197199
02017102706082015101450077420105731910382188194
02017102706082015102399071117405371780359182177
02017102706092012103033071317505381800358182176
02017102706092014105317070917705321820350178172
02017102706092015104956071317605371810356182174
02017102706092015105541070717605311790352180172
02017102706102011105825066817404941570337169168
02017102706102014105488067716605111650346171175
02017102706102014105630067517005051630342171171
02017102706102015101775068016905111700341173168
02017102706102015102313067517205031620341172169
02017102706102015102564074118605551780377189188
02017102706102015103403073118205491730376190186
02017102706102015104412067317704961590337167170
02017102706102015104440068216905131640349176173
02017102706102015105319074518705581790379190189
02017102706102015105727072317805451720373186187
02017102706112009104380070118105201780342180162
02017102706112011104139069217005221730349174175
02017102706112012102178067617305031670336170166
02017102706112012104737070919305161810335173162
02017102706112013105764070618805181770341175166
02017102706112013106094069018705031790324169155
02017102706112014101620070417805261760350175175
02017102706112015100156071717205451790366184182
02017102706112015100442071118105301820348173175
02017102706112015101673069518205131770336172164
02017102706112015103934072718605411830358190168
02017102706112015104471073617605601780382188194
02017102706112015104810070519005151790336174162
02017102706112015105430071118405271770350175175
02017102706122014101803055914704121390273140133
02017102706122015100542056514704181430275140135
02017102706122015102424068217205101720338172166
02017102706122015104465068417305111740337173164
02017102706122015106230056714804191430276142134
02017102706122015106396065616604901560334162172
02017102706132009104888074419105531810372188184
02017102706132012104165069718005171720345176169
02017102706132015100695070018405161700346174172
02017102706132015101762064315204911620329167162
02017102706132015103692067217205001710329168161
02017102706142014100264070018805121750337161176
02017102706142014104079067716605111700341173168
02017102706142014110074064716704801610319159160
02017102706142015101838070918305261740352177175
02017102706142015102697065315404991590340167173
02017102706152012106103000000000000000000000000
02017102706152013103464072818505431890354181173
02017102706152013104026072418005441790365186179
02017102706152013105128067616705091680341169172
02017102706152015105422072118205391800359184175
02017102706162011100864066016005001630337165172
02017102706162012101265067917305061720334170164
02017102706162012104685069516905261660360176184
02017102706162014103617069017605141700344174170
02017102706162015100925068817505131690344173171
02017102706162015103831067816905091680341175166
02017102706172011104759069717005271750352179173
02017102706172013102309074720205451930352180172
02017102706172014100459062915404751570318157161
02017102706172015100705072717505521750377184193
02017102706172015101036067616805081690339170169
02017102706172015101406073620405321820350178172
02017102706172015103450069517305221750347176171
02017102706172015104234072920405251840341185156
02017102706182010106163075719105661910375194181
02017102706182012103499075419605581850373187186
02017102706182012105635066818604821770305147158
02017102706182013101893067016505051660339168171
02017102706182013102938061116904421630279148131
02017102706182013105408055114304081400268133135
02017102706182013105665065617404821640318165153
02017102706182014104286066517004951680327164163
02017102706182014106348066016204981640334170164
02017102706182015100221068316405191690350170180
02017102706182015100364069217605161720344173171
02017102706182015101904067015905111690342173169
02017102706182015109157074519805471820365186179
02017102706192011105905067617605001680332168164
02017102706192012102498068818605021750327170157
02017102706192014102258063916504741600314159155
02017102706192014103218061614604701530317161156
02017102706192014105753070018405161760340173167
02017102706192015100260064916604831580325160165
02017102706192015101120070017405261780348178170
02017102706192015103455071618805281790349179170
02017102706192015104748069418505091760333168165
02017102706192015106472069517905161770339168171
02017102706202014100484071018305271800347177170
02017102706202014100625055814204161390277140137
02017102706202015100261068016905111710340171169
02017102706202015101310070218105211770344177167
02017102706202015102003066216904931650328168160
02017102706202015103892070318005231750348177171
02017102706202015104061066817304951730322162160
02017102706202015110041070318105221760346177169
02017102706212011102050066516704981570341169172
02017102706212011104563061115404571480309150159
02017102706212012101889068817305151680347178169
02017102706212015100307061115904521510301150151
02017102706212015104166073018205481830365186179
02017102706212015104376071216305491720377185192
02017102706212015104474066416604981620336167169
02017102706212015104542071918605331840349178171
02017102706212015106097068717805091750334170164
02017102706222009104977064916904801580322159163
02017102706222014100670067416705071700337169168
02017102706222014102315070918205271770350177173
02017102706222014106207070518805171750342176166
02017102706222015100788070817505331770356184172
02017102706222015101896071418505291770352179173
02017102706222015101941070217605261730353176177
02017102706222015102025068418205021690333169164
02017102706222015102351070717405331730360179181
02017102706222015102597071518505301770353179174
02017102706222015104416064916904801580322159163
02017102706222015105935069417605181730345176169
02017102706232012104678063015804721560316162154
02017102706232013105872062416304611560305158147
02017102706232014101558067517704981610337172165
02017102706232014105860063216304691590310159151
02017102706232014106125067817305051680337166171
02017102706232015103568063816304751580317158159
02017102706232015104198063516104741590315162153
02017102706232015104342064116104801610319159160
02017102706232015104406066016804921620330168162
02017102706242011110093070118505161750341169172
02017102706242013100018067417405001700330166164
02017102706242013101650067417305011670334169165
02017102706242013105436072518805371810356178178
02017102706252014110100073718105561850371190181
02017102706252015100073065815105071690338165173
02017102706252015100326077019505751970378197181
02017102706252015102168068216205201690351173178
02017102706252015102753067016405061600346164182
02017102706252015106418074419605481860362186176
02017102706262010110014061816404541550299153146
02017102706262013101546074719405531800373181192
02017102706262014102848061615904571500307154153
02017102706262015101125062416004641540310156154
02017102706262015110005079220905831990384193191
02017102706272011101411067516805071660341170171
02017102706272012100798068017805021690333171162
02017102706272013106262071017605341690365188177
02017102706272015100329069618005161700346174172
02017102706272015101150069817905191720347174173
02017102706282012102452069118205091750334169165
02017102706292015102008073819105471830364182182
02017102706312012104569068118804931740319164155
02017102706312015103775062216004621590303158145
02017102706312015104587062116004611580303156147
02017102706322015103042063616904671600307161146
02017102706322015103527066716804991660333169164
02017102706322015105649069917405251700355176179
02017102706322015105813065117004811610320160160
02017102706332015103377073318405491800369191178
02017102706332015106010072417705471780369187182
02017102706342009109113076019205681810387190197
02017102706342015101512074617105751820393192201
02017102706352015101395064217404681600308163145
02017102706352015102629067916405151630352168184
02017102706352015103936070218305191800339178161
02017102706362015105401071920105181850333174159
02017102706372013104189076619505711950376191185
02017102706372014100088065518304721690303155148
02017102706372015102529072417705471810366184182
02017102706382014101727069218205101690341170171
02017102706382015105532074418405601920368182186
02017102706392013103940063215904731610312155157
02017102706392014102976071418605281770351176175
02017102706402014100740073719805391850354174180
02017102706402015101772073419705371820355179176
02017102706412013102296063616704691550314156158
02017102706412014104240064816204861620324165159
02017102706412015101542069417305211730348174174
02017102706412015104750064515704881530335165170
02017102706422012101157066417904851660319162157
02017102706422012103485069017905111720339169170
02017102706422014103404069317005231740349177172
02017102706422015102879074719005571870370186184
02017102706422015109060074519105541880366186180
02017102706432015102445071517005451800365188177
02017102706432015105632068117005111700341169172
02017102706442015103514072218505371810356180176
02017102706442015103671076519805671910376192184
02017102706452014104374066816505031680335170165
02017102706452015104729072217905431760367183184
02017102706452015104876066216704951650330168162
02017102706452015105130072218105411750366181185
02017102706462015100340076620205641990365190175
02017102706462015103474080420406002060394200194
02017102706462015105609070118105201720348173175
02017102706472013100997056114404171380279138141
02017102706482010104038069818505131750338169169
02017102706482012104235069818405141740340172168
02017102706482012104490071218605261780348175173
02017102706482013103441069118605051720333166167
02017102706482015102529067616905071700337169168
02017102706482015105978069518505101750335170165
02017102706502009105407066716605011680333172161
02017102706502012104337067817005081670341170171
02017102706502015101416069016805221670355174181
02017102706502015104326069217205201670353174179
02017102706502015104686071417605381840354184170
02017102706502015104698069717505221740348176172
02017102706512013102671069018505051760329169160
02017102706512013110083067616805081720336168168
02017102706512015101244071617705391810358180178
02017102706512015104274061416204521640288158130
02017102706512015106291071718005371800357179178
02017102706522011106242068716905181690349177172
02017102706522013102117078819605921930399200199
02017102706522014100701058815704311530278143135
02017102706522014102076066315605071600347172175
02017102706522014103156070418105231720351176175
02017102706522015102239072919505341750359183176
02017102706522015103861067416805061640342171171
02017102706522015103901071617905371750362183179
02017102706532014102562073818705511880363185178
02017102706532015102023081821506032270376196180
02017102706532015102453071417405401790361185176
02017102706532015103994071017405361800356181175
02017102706552013104137074319005531840369187182
02017102706552013104536067616305131650348171177
02017102706552015104426070818205261750351176175
02017102706552015105532071318905241770347174173
02017102706562012103485067517405011680333166167
02017102706562014100740071319605171740343175168
02017102706562014103404066916605031670336171165
02017102706562015100393071918905301840346180166
02017102706562015101542067617105051710334171163
02017102706562015109099071818805301840346181165
02017102706572015104876067517505001670333167166
02017102706572015105609066917504941650329166163
02017102706582012102855062417304511600291145146
02017102706582013105132068417005141710343175168
02017102706582015105521065317004831630320162158
02017102706592015103514069918205171790338176162
02017102706592015103671070718505221780344179165
02017102707002009101967069716805291780351177174
02017102707012015100363068817405141720342174168
02017102707012015100733068518105041750329166163
02017102707012015104893069217805141730341172169
02017102707032010104038066617104951630332170162
02017102707032012104235066717104961610335166169
02017102707032012104490067517704981640334164170
02017102707032013103441066317004931670326169157
02017102707032015105978067617205041640340171169
02017102707042015101948079418606081930415196219
02017102707052015106159083720706302030427212215
02017102707312014105535065116704841640320164156
02017102707322013100686070119105101790331169162
02017102707332011102041067317604971630334172162
02017102707332012101402067717904981670331166165
02017102707332013105574071018205281870341173168
02017102707342015103874068217105111680343175168
02017102707342015104180067917705021640338171167
02017102707342015104983071818505331800353182171
02017102707372012100564066317504881670321164157
02017102707382012104786066516904961620334170164
02017102707392011101002070917805311760355179176
02017102707392015103871071618705291800349170179
02017102707412012104466063115704741580316158158
02017102707412012104799071418105331900343175168
02017102707412013105495069517705181710347172175
02017102707412014105825063716504721590313158155
02017102707432012104062071020305071830324174150
02017102707432015104293066617004961640332171161
02017102707522013102795062316304601570303151152
02017102707522013103678057215604161480268139129
02017102707522014109007058515804271500277145132
02017102707522015100764068218005021620340167173
02017102707522015102464066616804981640334168166
02017102707532012104466062516504601530307153154
02017102707542012105027070618805181700348171177
02017102707562014104513069716905281760352177175
02017102707562015101248069716305341740360181179
02017102707562015102152069716505321710361180181
02017102707572011106614067817205061670339169170
02017102707572015103434063916104781570321159162
02017102707572015105229066316704961640332166166
02017102707582015106062063416204721520320156164
02017102708002015100804065415704971560341169172
02017102708002015101173078418705971950402200202
02017102708012013101901072218005421800362179183
02017102708012015105286072617105551790376186190
02017102708032011103079071717205451720373184189
02017102708032015100929069617105251630362181181
02017102708032015103509071818105371680369182187
02017102708042013102022072518605391740365178187
02017102708052015101194065316904841750309159150
02017102708052015102177080618806181890429205224
02017102708052015104012065216904831750308158150
02017102708062012103720073018105491830366184182
02017102708062013110124069118105101690341174167
02017102708062014110094069217805141740340169171
02017102708062015104645066417704871600327165162
02017102708062015110091069018205081680340169171
02017102708082011101149072317105521780374188186
02017102708082015100283067917605031640339170169
02017102708082015100782068217005121670345173172
02017102708082015101888067417305011660335171164
02017102708082015102909066016204981630335172163
02017102708082015103967065918004791600319160159
02017102708082015105296070616105451720373186187
02017102708092012105027069217205201680352178174
02017102708122011106614066817104971660331165166
02017102708122014104513071218305291780351177174
02017102708122015101248070917805311770354178176
02017102708122015102152070617705291770352177175
02017102708132013100522067618104951670328163165
02017102708142012101289070718005271790348176172
02017102708142015102737062716604611540307152155
02017102708142015102752071617805381750363186177
02017102708142015103107070818005281730355181174
02017102708162012102816063616104751540321159162
02017102708162013104425068116905121650347171176
02017102708162014105476063916604731500323160163
02017102708162015104510063516104741520322156166
02017102708172010102252067418704871670320162158
02017102708172012101317067317404991680331167164
02017102708172013102295067617405021660336170166
02017102708172013104215063715904781620316158158
02017102708172015104722065316804851630322162160
02017102708172015104733067917505041670337170167
02017102708172015104996065616804881640324165159
02017102708182010103608060515204531520301153148
02017102708182013101901069717405231700353178175
02017102708182015100400075419705571840373186187
02017102708182015100452068217605061690337176161
02017102708182015100747067416905051580347173174
02017102708182015100947070218205201710349176173
02017102708182015103649061215604561520304158146
02017102708182015104029067317205011630338166172
02017102708182015105138067917505041620342173169
02017102708182015105286069617005261670359180179
02017102708182015106362067316705061630343171172
02017102708192013102022072717005571710386186200
02017102708192013104374071617205441770367183184
02017102708212012103720068616805181670351181170
02017102708222012101143069618405121790333170163
02017102708222015100847069717905181740344172172
02017102708222015101433069417405201750345175170
02017102708222015102164070117705241750349177172
02017102708222015102801074418905551790376187189
02017102708222015102803071418305311760355179176
02017102708222015104011068818105071710336170166
02017102708222015104743069917805211750346172174
02017102708222015104797071517805371780359180179
02017102708222015106429069117305181730345174171
02017102708232011103565069417805161700346173173
02017102708232013103094069217305191750344176168
02017102708232014104418066617304931700323160163
02017102708232015104623066916705021660336168168
02017102708232015105190067516905061690337168169
02017102708482010109140063216304691520317158159
02017102708482011104295063516404711660305158147
02017102708482013100918061015604541500304152152
02017102708482013105515064016104791660313164149
02017102708482014105493063616104751580317160157
02017102708482014110093060715004571440313152161
02017102708482015101621062616704591590300149151
02017102708492011101727067317804951710324162162
02017102708492014105251066116904921660326163163
02017102708492015100667069018105091650344172172
02017102708492015101681067817505031670336168168
02017102708492015101704069517705181720346175171
02017102708492015102607063915704821570325159166
02017102708492015105117067016905011690332164168
02017102708492015105352066716505021650337170167
02017102708492015105435064315804851580327162165
02017102708492015109144067817904991690330167163
02017102708502010100034062215604661520314155159
02017102708502011104166070617705291710358179179
02017102708502012103624073118505461820364185179
02017102708502013105556073218405481850363183180
02017102708502014101710063215504771590318153165
02017102708502014101893067716605111680343170173
02017102708502014101988069917305261780348176172
02017102708502014102886072318605371810356176180
02017102708502014103416073418905451870358184174
02017102708502014103937069117705141670347173174
02017102708502014105365068617505111670344174170
02017102708502014105509070617705291710358178180
02017102708502015100233072818805401840356177179
02017102708502015100400068917205171690348175173
02017102708502015101098068215905231640359176183
02017102708502015102017071618105351820353179174
02017102708502015102169067917605031720331169162
02017102708502015103929066816505031640339169170
02017102708502015104003073018305471810366184182
02017102708512011102450067817505031700333165168
02017102708512011109135068917305161720344177167
02017102708512012101143070117805231770346181165
02017102708512014101230067717005071670340172168
02017102708512014104214071317705361790357173184
02017102708512015101761070018105191660353174179
02017102708512015103294068417305111680343172171
02017102708512015103419069516605291700359177182
02017102708512015103647071017605341760358182176
02017102708512015105543067716605111680343169174
02017102708512015105901067116905021670335167168
02017102708512015106120066215805041660338162176
02017102708522013100655064415804861540332162170
02017102708522013101425068917005191700349176173
02017102708522014101507071617205441770367188179
02017102708522014103477069317305201720348172176
02017102708522014110095068216505171610356172184
02017102708522015100259065515904961600336164172
02017102708522015100275066416504991600339165174
02017102708522015100766067216505071640343173170
02017102708522015101795068417305111680343174169
02017102708522015102994066916405051580347173174
02017102708522015103675068315905241650359178181
02017102708522015105272065216304891540335163172
02017102708522015105399067615805181630355174181
02017102708522015105711072117305481770371185186
02017102708522015106505070217405281700358178180
02017102708532012102883059814404541490305153152
02017102708532012104441064416104831630320157163
02017102708532013102967064515904861590327161166
02017102708532013104170060714604611470314152162
02017102708532014102325066116204991590340166174
02017102708532014106112069116805231650358181177
02017102708532014106435069317005231680355179176
02017102708532015100548064516104841600324160164
02017102708532015100805059915104481460302149153
02017102708532015100924055314004131400273135138
02017102708532015102310066816505031650338166172
02017102708532015104016065916404951570338168170
02017102708532015104445065016204881540334165169
02017102708532015105156066216804941670327161166
02017102708532015109077064416204821570325156169
02017102708542014102828063916304761560320160160
02017102708542015100475067617005061670339175164
02017102708542015100746070717805291780351178173
02017102708542015101646070118505161680348177171
02017102708542015101648070018105191780341172169
02017102708542015102083062316604571580299147152
02017102708542015102703071017905311750356178178
02017102708542015104770069317105221680354178176
02017102708542015105621071918605331750358181177
02017102708542015105622087118606852250460238222
02017102708542015105828072119305281880340167173
02017102708542015106150067217504971700327164163
02017102708552015105605063816504731610312159153
02017102708552015109030063516604691510318159159
02017102708562009100949072719505321870345182163
02017102708562011103702052814203861320254129125
02017102708562015103799080720106062000406206200
02017102708562015104358068817405141690345175170
02017102708572015101086069817605221710351177174
02017102708572015103529067317205011650336170166
02017102708582015104202066117604851630322162160
02017102708592012101021065416004941570337166171
02017102708592012104278062916204671530314155159
02017102708592013100391069817605221790343178165
02017102708592014100349062614704791510328168160
02017102708592014102433065416004941600334165169
02017102708592014103296064615504911500341164177
02017102708592015100763070417705271760351179172
02017102708592015102789069317605171800337177160
02017102709002013105489062415604681540314156158
02017102709002013105867066616804981620336170166
02017102709002013105933065816904891660323165158
02017102709002013106138066716904981710327166161
02017102709002014105601068216605161720344174170
02017102709012009105779071519105241800344170174
02017102709012015101280067417604981780320165155
02017102709012015101780064217004721610311159152
02017102709012015103478067417305011680333167166
02017102709012015104581066017104891730316164152
02017102709012015104859070618105251750350176174
02017102709022013103817061316004531550298148150
02017102709022014102002062015804621530309154155
02017102709022015101059066717604911680323166157
02017102709022015101348062116104601530307156151
02017102709022015101920071418205321810351178173
02017102709022015102976069317505181740344176168
02017102709022015103132069616905271710356181175
02017102709022015106282073118305481890359185174
02017102709032013100398066515805071720335164171
02017102709032013102880068217205101730337175162
02017102709032013110037067917405051700335173162
02017102709032014101385067216005121700342172170
02017102709032015101686069116905221700352175177
02017102709032015104671067716805091700339171168
02017102709032015105078066416205021630339166173
02017102709042014102390066115805031680335173162
02017102709042014104214075218605661910375189186
02017102709042015101761072518605391880351179172
02017102709042015103419071516605491840365185180
02017102709042015110079077118105901920398197201
02017102709052011109135070118005211760345175170
02017102709052012103624071018705231780345175170
02017102709052013105556070818705211800341173168
02017102709052014103416070018405161780338172166
02017102709052014103937068017205081660342176166
02017102709052014105251067617305031640339169170
02017102709052015103294070717505321770355175180
02017102709052015104003070518905161780338170168
02017102709062011104166066917504941670327170157
02017102709062012104757062417104531580295149146
02017102709062013105297062317104521570295149146
02017102709062014101507064014704931530340167173
02017102709062014102886064918104681610307157150
02017102709062014105509067117304981660332173159
02017102709062015101589062317204511570294150144
02017102709062015102740066816405041580346168178
02017102709062015105136071617905371790358183175
02017102709072015105901067416405101680342170172
02017102709072015106150063416204721590313157156
02017102709082011104443063116104701540316157159
02017102709082012100961075618705691830386192194
02017102709082013105547064917004791630316160156
02017102709092013106167075520205531830370185185
02017102709092015102784075320705461850361180181
02017102709102012100939072620105251870338172166
02017102709102013106150063216704651540311153158
02017102709182015104584069518405111760335174161
02017102709192013100753067217504971680329166163
02017102709192015101686065216704851620323160163
02017102709192015104627070218905131720341167174
02017102709222014101455067615205241560368175193
02017102709222015105943070619105151720343166177
02017102709242014104321064816004881610327166161
02017102709242015100100064516104841630321166155
02017102709242015101792062115504661510315164151
02017102709282013101162077718905882010387196191
02017102709312011104884067118604851710314158156
02017102709312013104158065518004751670308158150
02017102709312015105613065717204851690316163153
02017102709342015101282069818205161740342174168
02017102709342015102072069018305071710336174162
02017102709342015102587071118205291830346176170
02017102709342015104359070118205191750344176168
02017102709352015104584070219005121820330176154
02017102709362015104627069818005181680350172178
02017102709372014102888066416604981660332168164
02017102709402013105281072619205341850349183166
02017102709412014105802061515104641500314154160
02017102709442014103389067517505001620338165173
02017102709502015102587067217604961690327166161
02017102709502015104359070518305221720350178172
