12006021903582000106865066817404941640330166164
12006021903582003105368066416504991610338168170
12006021903592001102677073019005401810359181178
12006021903592001104834063417704571580299151148
12006021903592002102739062116704541470307152155
12006021903592003100122059415304411450296148148
12006021903592003100662058914904401440296147149
12006021903592003102558072218405381780360182178
12006021903592003104575071819305251680357182175
12006021904002001101548068820304851640321147174
12006021904002003104026071219105211710350172178
12006021904002003104837073620705291870342176166
12006021904002003110087053215803741290245121124
12006021904012003102837053814403941290265130135
12006021904022001102129073019005401790361183178
12006021904022001103289075819605620000000000191
12006021904022003100640073119305381750363183180
12006021904022003100913073419305411790362180182
12006021904022003101127073218705451800365181184
12006021904022003101678067217504971590338167171
12006021904022003102662073818305551790376187189
12006021904022003102813074818805601860374188186
12006021904022003103038071918905301760354178176
12006021904022003105420066917504941590335167168
12006021904032001100778074318905541840370187183
12006021904032001102088069317505181710347172175
12006021904032002100535070519505101720338171167
12006021904032002101220076119805631820381191190
12006021904032003102066071317005431690374182192
12006021904032003106486077220405680000000000176
12006021904042001106138060415804461490297147150
12006021904042003102946078500000000000360183177
12006021904042003102969058415104331360297146151
12006021904042003103925075519805571900367189178
12006021904042003106691076920705621860376000000
12006021904042003107211076020205581840374190184
12006021904052000102363075018905611880373192181
12006021904052002100288058916404250000000000137
12006021904052002102674077321105621890373188185
12006021904062001102426075823105271820345000000
12006021904062002105980059415104431460297151146
12006021904062003101739071118105301780352175177
12006021904062003103679066917304961650331166165
12006021904072000110170073719405431910352181171
12006021904072002101006069619704991710328160168
12006021904072002101011066818004881670321161160
12006021904072003100063057915904201490271140131
12006021904072003100893071718505321720360176184
12006021904072003102881071319305201790341173168
12006021904072003102955067220104711710300159141
12006021904082000110018058816304251450280143137
12006021904092002104391059216604261420284142142
12006021904092002105674075621005461880358183175
12006021904092003100232069818305151710344174170
12006021904092003104093073820305351810354179175
12006021904092003106156072917905501820368184184
12006021904102001102677063417604581580300151149
12006021904102001103725073618405521810371182189
12006021904102002102162075020005501790371181190
12006021904102002102698054813704111350276137139
12006021904102003100917060115704441500294146148
12006021904102003107082060115704441500294147147
12006021904102003110052059115204391360303148155
12006021904112002103209069817705211680353175178
12006021904112002103614067718604911700321165156
12006021904122000106865062516204631560307156151
12006021904122003102558061115404571500307151156
12006021904132003104046068716705201670353175178
12006021904142002101312059617204241460278139139
12006021904142003104122055516203931400253126127
12006021904142003104511072119605251680357181176
12006021904142003105187073618805481850363178185
12006021904142003106851056316503981420256126130
12006021904152001100778000000004520000000000137
12006021904152001102129057715004271410286145141
12006021904152003100913066817804901730317162155
12006021904152003102066060715504521590293156137
12006021904162001102088053614403921280264127137
12006021904162001103289061516104541480306151155
12006021904162002100535052214303791270252124128
12006021904162002101220070818905191740345177168
12006021904162003100165066219304691530316152164
12006021904162003101678058215404281470281144137
12006021904162003102662061215904531460307150157
12006021904162003105420058015304271460281143138
12006021904162003106486062300000000000000000000
12006021904162003107211057615804181390279138141
12006021904162003107330063619104451500295146149
12006021904182002102674057815004281450283139144
12006021904182003101493063417704571580299152147
12006021904182003101695078920205870000000000198
12006021904182003106627080020505952080387208179
12006021904192003103925072618505411780363187176
12006021904192003104002082021706032060397000000
12006021904192003104952074720005471890358185173
12006021904202002101006056915404150000000000129
12006021904202003104320067318004931550338163175
12006021904212000110170057315204211420279141138
12006021904212002101011058416604181410277138139
12006021904212002105674064617904671580309157152
12006021904212003102881000000004121390273136137
12006021904212003102955054615403921290263128135
12006021904222001101279072718305441810363182181
12006021904222003102160074720105461870359184175
12006021904222003102337075319705561850371186185
12006021904222003104516071117905321760356176180
12006021904222003106145067216705051660339170169
12006021904222003107042069019005001700330000000
12006021904232003100652070418605181760342175167
12006021904232003105770070118405171760341175166
12006021904241999102672068318205011680333169164
12006021904251999101856065118404671640303147156
12006021904252001106517000000000000000000000000
12006021904252002107254070519905061670339171168
12006021904252003103482064918504641620302155147
12006021904262002100516061916904501500300147153
12006021904262002105492062216404581500308152156
12006021904262003100200066618404821700312159153
12006021904262003105438060615604501510299149150
12006021904262003106095060615504511510300150150
12006021904262003106605058700000000000291145146
12006021904262003106611073117605551850370189181
12006021904262003110003058715304341430291145146
12006021904272000101931069717705201740346177169
12006021904272000105991060017804221530269135134
12006021904272001103655000018200000000000000000
12006021904272003102512057416504091380271136135
12006021904272003102560081522305922040388200188
12006021904272003110144053915103881290259128131
12006021904281999101781076721605511890362182180
12006021904282002102334059715504421480294000000
12006021904282003102327068818505031710332162170
12006021904282003102914000000004441500294149145
12006021904282003103175057015704131460267142125
12006021904282003104679062416204621570305158147
12006021904282003106248070820005081700338163175
12006021904282003110054057615804181450273142131
12006021904282003110073058615504311430288148140
12006021904292001100821000000005731960377193184
12006021904292001102437071915505641720392201191
12006021904292002102515061618404321480284138146
12006021904292002104004077120005711780393193200
12006021904292003102301078020005801770403202201
12006021904292003106911068417005141610353176177
12006021904302003100944075620305531890364000000
12006021904302003103005070317805251770348000000
12006021904302003103059072119005311780353176177
12006021904302003105815070318405191690350181169
12006021904302003105816000000005571850372188184
12006021904312001103732063718504521530299150149
12006021904312002100840000016300001480000142000
12006021904312003101695067919704821800302152150
12006021904312003104046061716104561540302149153
12006021904321999103691073119105401730367182185
12006021904322002102194069118305081690339170169
12006021904332001103296073219205400000000000000
12006021904332003106613064420004441680276146130
12006021904342000107111056615304131420271138133
12006021904342003100050078020705731980375178197
12006021904342003102390057215504171400277137140
12006021904342003102856077221705551960359181178
12006021904342003103901072818705411730368183185
12006021904352003100998086123006312170414210204
12006021904352003102996085923006292170412210202
12006021904352003106097076520105641880376186190
12006021904352003106846085922606332150418211207
12006021904361999105793074419005541850369184185
12006021904362001102699072318405391720367183184
12006021904362003105472082221006122040408201207
12006021904362003105523063800000000000345153192
12006021904372003102799069418605081660342169173
12006021904372003107257072819305351720363176187
12006021904382003110026071119905121680344170174
12006021904392002102189062415604681500318159159
12006021904402000101550060916204471520295147148
12006021904402000105509056815104171400277138139
12006021904402003101037073819205461810365188177
12006021904402003103164069316105321720360178182
12006021904411999101781071519605190000000000000
12006021904412001100821054114803931400253129124
12006021904412001102320077820305751880387197190
12006021904412001103655063417204621640298150148
12006021904412001105247069418405101700340170170
12006021904412003102327061916504541510303154149
12006021904412003106248066917604931650328162166
12006021904412003107448071817805401670373189184
12006021904422000103173074520805371850352179173
12006021904422000105123064916304861590327162165
12006021904422003104555079320105921960396200196
12006021904432002100501074319605471810366185181
12006021904432002104004061717804391590280139141
12006021904432003102301070618005261760350169181
12006021904432003105815058616404221420280135145
12006021904442000100672076519205731960377191186
12006021904442001102223078621205741940380194186
12006021904442002107407065717404831620321164157
12006021904442002110115067418404901630327165162
12006021904442003100546070616705391730366182184
12006021904442003103059000000004370000000000142
12006021904442003105816071018805221740348173175
12006021904452001104617064117704641530311158153
12006021904452003100209074018105591880371188183
12006021904452003100407065017604741640310155155
12006021904452003101299074318905541860368187181
12006021904452003101923068317105121640348175173
12006021904452003103262060615704491410308150158
12006021904452003104173075620105551810374184190
12006021904452003106568060815604521410311152159
12006021904462001103371074300000000000369186183
12006021904462002103621079119805931950398199199
12006021904472001102699069117105201660354170184
12006021904472002102068077420305711930378193185
12006021904481999103691070617405321740358179179
12006021904481999104304059215604361460290000000
12006021904482002106559069919005091800329167162
12006021904482003103596072717005571780379188191
12006021904482003103968061016204481510297152145
12006021904482003107201062316504581530305149156
12006021904492002100849073520305321780354176178
12006021904492002110065072218305391800359177182
12006021904492003105511072819905291830346171175
12006021904492003107071069920504941820312159153
12006021904501999105793072418305411760365186179
12006021904502001100521069919005091780331168163
12006021904502001110197095824907092360473243230
12006021904502003102742058016904111500261136125
12006021904502003102790075019405561850371182189
12006021904502003105999069700000000000340000000
12006021904502003107257059800000000000248120128
12006021904511999103415075920405551870368187181
12006021904512001105832073019305371730364180184
12006021904512002100607000019400001750000181000
12006021904512002101525059117204191680251128123
12006021904512002106400059400000000000273137136
12006021904512003102720070119205091700339172167
12006021904512003103442067917505041600344161183
12006021904512003105987056515304121410271133138
12006021904522000101054075221105411830358183175
12006021904522001106157070818205260000000000174
12006021904522001106447081822705912010390201189
12006021904522003100363069419904951810314161153
12006021904522003103835065819204661660300155145
12006021904522003105855065719004671580309156153
12006021904522003106150062316904541590295147148
12006021904532001102320068017705031660337169168
12006021904532002106140073919905401830357182175
12006021904542000105162071619105251820343174169
12006021904542001110211080620206042020402214188
12006021904542002109110057816304151440271135136
12006021904542003101466051813103871180269127142
12006021904542003106211069818605121750337174163
12006021904542003109164057916404151440271135136
12006021904552000101573057916004191470272136136
12006021904552002100784064116504761570319159160
12006021904552002100810069618005161710345174171
12006021904552003103338075619405621830379189190
12006021904552003104555071718005371790358182176
12006021904562001105247059817804201460274137137
12006021904562002102679070918105281710357177180
12006021904571999104205072919405351790356182174
12006021904572000101285076118405771890388195193
12006021904572001110013080223005722010371191180
12006021904572002104814057517304021320270129141
12006021904572003104173073618805481840364184180
12006021904582001103935077220105711920379191188
12006021904582001110155054015103891310258126132
12006021904582002101143053414703871290258126132
12006021904582002105232061019004200000000000144
12006021904582003101152066016005001570343167176
12006021904582003110137063817104671510316160156
12006021904592002100147056415104131400273135138
12006021904592002103621059015004401490291147144
12006021905002001103371000000005431860357187170
12006021905002003101595058815104371500287144143
12006021905012001107831072519005351780357179178
12006021905012002102068060916104481420306151155
12006021905012003101550055014304071350272133139
12006021905012003105284055314204111370274134140
12006021905022000103776074519105541930361183178
12006021905022001104901067117005011680333168165
12006021905022002101364062815504731520321155166
12006021905022003103525065800000000000322161161
12006021905022003104481090128106202310389208181
12006021905022003106208062116604551490306149157
12006021905032001100377073019605341750359182177
12006021905032001105636074020305371760361180181
12006021905041999103415069617905171640353178175
12006021905042002103816069618305131720341174167
12006021905042003102171066117504861600326164162
12006021905042003102883054614604001300270131139
12006021905052000100158059815904391450294144150
12006021905052001105832054714104061310275138137
12006021905052002100980058915504341420292145147
12006021905052003102758068217905031640339169170
12006021905052003104678063517304621550307153154
12006021905052003106631074018605541820372186186
12006021905062002106034062216004621520310154156
12006021905062003101234072318305401710369181188
12006021905062003102671062215904631530310155155
12006021905062003106313076120405571900367183184
12006021905062003106769075420005541940360183177
12006021905062003107193071919505241740350176174
12006021905072000103680070018905111710340172168
12006021905072002107509084721506322080424215209
12006021905072002110064064317004731530320159161
12006021905072003105102082022205981970401198203
12006021905072003106451062815504731530320158162
12006021905082001110003080923705722070365191174
12006021905082002110114080320905941950399199200
12006021905082003102948000000005381850353179174
12006021905082003105574096028706732410432229203
12006021905082003106209080321105921970395199196
12006021905082003107181080319906041980406196210
12006021905082003110059078422205621960366190176
12006021905092001107424072118305381730365180185
12006021905092001109085072919105381810357179178
12006021905092002100057070019205081730335170165
12006021905092003100192057815204261440282138144
12006021905092003101736057800000000000000000144
12006021905092003102118078019405861940392200192
12006021905092003102146065017304771590318159159
12006021905092003104609077819405841930391199192
12006021905101999101402079521305822060376191185
12006021905102000101091078622005661930373188185
12006021905102000101285000015700001470000137000
12006021905102003100211077919905801940386199187
12006021905102003103762062416204621540308155153
12006021905111999103960069419405001700330166164
12006021905112000102258074118805531800373186187
12006021905112002106817074019805421780364181183
12006021905112003102910074019905411800361180181
12006021905121998100778069817705211870334184150
12006021905122002106885072717505521760376190186
12006021905122003106872000000005540000000000187
12006021905122003106939078121405671930374187187
12006021905132000106983054614304031320271132139
12006021905132001110013061216604461500296147149
12006021905132003102205071017805321730359180179
12006021905132003102899071018805221800342179163
12006021905132003106151071118805231750348171177
12006021905132003106269075119905521840368185183
12006021905142000103776068515905261630363175188
12006021905142001107831074519805471680379191188
12006021905142003102375068117505061650341169172
12006021905142003104769069617905171670350177173
12006021905142003106107054914204071410266136130
12006021905142003106338054814304051400265135130
12006021905152001100377057614704291410288142146
12006021905152003102466077119405771850392198194
12006021905152003104481075919805611810380189191
12006021905162001103038080021505851920393197196
12006021905162002103816058014804321440288148140
12006021905162003100650065617404821590323161162
12006021905162003104764072319105321770355179176
12006021905172000103002076119505661880378189189
12006021905172003102171060616604401520288148140
12006021905172003107146074018305571770380192188
12006021905182003107193060115604451490296147149
12006021905192002110128057116304081420266140126
12006021905192003100590077820105771900387000000
12006021905192003102071058417204121460266137129
12006021905192003105544058100000000000265137128
12006021905202001107191076320505581900368191177
12006021905202002103234055314704060000000000136
12006021905202002107509073019705331870346177169
12006021905202003101322060000000000000295140155
12006021905202003101891057316404091450264133131
12006021905202003102948063416104731620311159152
12006021905202003105102075119705541840370187183
12006021905202003105913068900000000000339166173
12006021905202003106120075120205491860363190173
12006021905202003106313061616104551550300151149
12006021905202003106769061616104551550300151149
12006021905212002107501078219605861910395199196
12006021905212003105574067418104931620331168163
12006021905222003101234072618205441730371179192
12006021905222003103122080320106021950407206201
12006021905222003105891064817004781590319162157
12006021905232003100211058415604281440284147137
12006021905232003102118081020906011980403204199
12006021905232003104130058715104361430293148145
12006021905232003104310058515004351430292148144
12006021905232003104609079400000000000402000000
12006021905242002106885055213804141360278140138
12006021905242003100649074118905521820370186184
12006021905242003102944060116404371530284152132
12006021905242003106269073418805461780368183185
12006021905252002101420070217805241780346175171
12006021905252002103174069817805201770343173170
12006021905262003102805071718405331730360181179
12006021905272002106817070619005161630353174179
12006021905272003100930070218405181700348171177
12006021905272003102375071718805291670362184178
12006021905272003102807064516204831570326165161
12006021905272003102899071718705301790351178173
12006021905272003102910063218304491580291143148
12006021905272003106872069600000000000350178172
12006021905282002101195000000005061760330167163
12006021905282003100217068918405051690336170166
12006021905282003100645074419605481820366183183
12006021905282003101117071919205271640363187176
12006021905282003102635068718405030000000000166
12006021905282003106786069218305091740335168167
12006021905282003107451074419505491830366183183
12006021905292003102446059517504201620258132126
12006021905292003105084059817104271620265132133
12006021905312001103038060215704451500295149146
12006021905312003102276068816705211660355178177
12006021905322001103465075000000000000368000000
12006021905322003100590061816204561500306151155
12006021905341999101676057917404051480257128129
12006021905342002105358057417304011450256127129
12006021905342003103505062219404281780250125125
12006021905342003106477062600000000000251126125
12006021905352003110142070017805221700352175177
12006021905362003101497070517905261770349179170
12006021905372003101908084522706182040414208206
12006021905372003104825085022506252070418209209
12006021905372003107486075219905531880365186179
12006021905382001102452070618405221760346172174
12006021905382001110249070618705191690350180170
12006021905382002104033069718805091660343176167
12006021905382003103122066317704861670319159160
12006021905402000102788079117806131890424210214
12006021905402000110199071118905221760346173173
12006021905412003100645056314904141410273139134
12006021905412003103857069719005071670340168172
12006021905412003107451073219105411810360181179
12006021905421999100735066917004991680331169162
12006021905422001103609068018104991650334166168
12006021905422003101957068618205041660338173165
12006021905432001104872067517205030000000000174
12006021905432002106548073618305531770376000000
12006021905442003101859075918005791810398193205
12006021905452003101886068217605061630343170173
12006021905452003102975067316605071600347171176
12006021905452003105536066117904821600322162160
12006021905452003106813058316904141470267137130
12006021905462000101497074618805581880370187183
12006021905462001100225069215805341620372181191
12006021905462003101096073400000000000351178173
12006021905462003101353066017904811660315157158
12006021905462003102237076021905411900351178173
12006021905462003110018073019405361820354181173
12006021905472001103465073318105521850367183184
12006021905472003102627070817505331690364181183
12006021905472003103658067714805291610368177191
12006021905482002100635057916504141380276140136
12006021905492001103056070118805131760337171166
12006021905492003104786080721405931970396196200
12006021905502003101908076619505711890382190192
12006021905502003104825077219705751900385191194
12006021905502003107486066316105021680334172162
12006021905512000106580072518205431760367187180
12006021905512001104734068617505111700341172169
12006021905512003102256060616404421520290148142
12006021905512003104829060516204431520291149142
12006021905522001102139057614404321380294147147
12006021905522003101794073619605401840356185171
12006021905522003103795075219105611880373190183
12006021905522003104087075719605611850376191185
12006021905522003107253074219305491800369187182
12006021905532001100535072719205351810354180174
12006021905532002104214071518605291760353183170
12006021905542001101503074119905421790363183180
12006021905542002107244067217604961670329166163
12006021905542003101063075419705571960361182179
12006021905542003104084091324806652200445221224
12006021905542003104675073019805321870345170175
12006021905552000110199066718404831700313156157
12006021905562001104872000000000000000346172174
12006021905562003100916071217605361760360178182
12006021905562003101046072317505481780370189181
12006021905562003103857067417105031650338169169
12006021905562003105268074319405491770372189183
12006021905572000107264059415104431470296150146
12006021905572002100969053913604031340269134135
12006021905572003100918070817305351780357176181
12006021905572003101460074919505541920362181181
12006021905572003101859061816304551550300146154
12006021905572003101933068015205281700358179179
12006021905572003107105074119405471880359183176
12006021905582002100575068617805081690339170169
12006021905582003102884066700000000000000000183
12006021905592002103147060816304451450300146154
12006021905592003103658056715204151380277136141
12006021905592003110028068318704961720324164160
12006021905592003110108080321505880000000000191
12006021906002001100225065215304991530346170176
12006021906012000101497058714704401440296000000
12006021906022001102687073719205451790366184182
12006021906032001102405069717005271670360177183
12006021906032003100476057414804261400286141145
12006021906042000110113082121006111980413206207
12006021906042003100862068818105071660341171170
12006021906042003102782062416004641480316159157
12006021906042003103853074721305341870347177170
12006021906052001100385067517005051600345170175
12006021906052001101054066117704841590325162163
12006021906052003103795070918505241770347175172
12006021906052003104087064019004501730277143134
12006021906052003104215076419305711870384192192
12006021906052003107101078321105721970375189186
12006021906052003107253058215804241490275141134
12006021906062003101794065318004731640309159150
12006021906062003103517071320205111700341166175
12006021906062003105558068016305171540363174189
12006021906062003110242062019204281700258132126
12006021906072001106369081722005972030394203191
12006021906082000110004077222705451980347183164
12006021906082001101503059716004371450292144148
12006021906082003102649074220105411870354179175
12006021906082003103921072319705261770349174175
12006021906082003104084069217505171680349173176
12006021906082003104675070618505211710350177173
12006021906082003105268058415204321420290145145
12006021906092002104393066216005021630339171168
12006021906092003100916070318605171730344177167
12006021906092003100918073917005691860383189194
12006021906092003101046069918405151720343178165
12006021906102000103579069516905261720354177177
12006021906102003102618061315904541470307148159
12006021906102003109301060915604531530300151149
12006021906111999103798074820305451840361181180
12006021906112001105278073218105511760375185190
12006021906112002101012067619404821540328164164
12006021906112003101890071118205291930336163173
12006021906112003101938068818405041690335169166
12006021906112003102626053914803911300261126135
12006021906112003105773054816203861380248123125
12006021906121999106804073819705411830358180178
12006021906122003104263058015604241430281139142
12006021906122003104690071019205181730345175170
12006021906122003104724069916805311680363180183
12006021906122003106134073220605261770349175174
12006021906142000103889061016404461400306148158
12006021906142002102172073420505291780351176175
12006021906142003105699067417205020000000000169
12006021906152002103901072618405421750367184183
12006021906152003104603075719205651850380189191
12006021906152003105094070517205331710362183179
12006021906152003107048071617805381720366185181
12006021906152003107255000000005331780355181174
12006021906161999102139059217604161520264133131
12006021906162001102405058315904241420282143139
12006021906162002110188067118404871620325155170
12006021906162003100694076720005671830384190194
12006021906182001100385054514104041340270137133
12006021906182001101054055615404021410261130131
12006021906182003102782053800000000000252124128
12006021906182003104984062018604341530281145136
12006021906182003107101070219905031800323168155
12006021906192003104215072918105481810367185182
12006021906202001106369059115704341470287145142
12006021906222000103579068516605191650354181173
12006021906222003105749072518505401810359180179
12006021906231999106582076119705641830381189192
12006021906242003103921064117004711570314159155
12006021906252000103805065916304961570339166173
12006021906261999106804056316304001410259133126
12006021906262000101492059316704261500276144132
12006021906262001103902055614204141330281139142
12006021906262001105278069217605161690347172175
12006021906262002100154065119604551590296155141
12006021906262002102172057716004171420275138137
12006021906262002103379066717004971620335169166
12006021906272001106134070619705091780331169162
12006021906272001107598073119105401800360183177
12006021906272002104742075419205621850377188189
12006021906272002105373077022505451840361182179
12006021906272003106549054913604131320281137144
12006021906282003104076058715904281430285139146
12006021906282003105094065115904921610331166165
12006021906282003107255057715404231390284140144
12006021906282003110106058516604191410278140138
12006021906292001103040071218105311750356184172
12006021906292003100693069818005181730345177168
12006021906292003102449071218205301750355184171
12006021906292003107048071817405441770367185182
12006021906302002105560068717805091720337173164
12006021906302002105981066619204741630311155156
12006021906302003105858069217005221670355176179
12006021906302003106491069817205261690357178179
12006021906312001105273068618005061730333169164
12006021906322001101840076219705651890376191185
12006021906322002105315075021305371910346182164
12006021906322003103557068117105101650345170175
12006021906322003107483058515404311440287145142
12006021906332000105277071620905071730334000000
12006021906332003105534076618705791850394192202
12006021906502001100592068517505101710339174165
12006021906502001101840066116704941640330166164
12006021906502001102686061916404551630292150142
12006021906502001103018052414303811330248126122
12006021906502001106436061215404581450313153160
12006021906502003104919054815203961320264129135
12006021906512000109220000015600001330000131000
12006021906512001103305070318605171740343178165
12006021906512001105253070318405191750344178166
12006021906512001106150053414403901350255129126
12006021906512001107598073020005301770353177176
12006021906512002105315063115504761620314161153
12006021906512003103583067522304521610291145146
12006021906512003103974078621105751890386198188
12006021906512003104680065619004661660300000000
12006021906512003104869068518005051710334171163
12006021906512003106682062320104221670255129126
12006021906512003107269053713803991320267134133
12006021906522000106216000018900001770000198000
12006021906522000106314071318205311730358181177
12006021906522001101743069917605231730350176174
12006021906522001105369070416605380000000000176
12006021906522002101906068818405041690335175160
12006021906522002102324071818305351790356000000
12006021906522002104742070218105211720349173176
12006021906522003100100072217105511790372198174
12006021906522003100258064817304751620313159154
12006021906522003100697073918905501890361183178
12006021906522003100809066916405051690336173163
12006021906522003102448074519005551850370192178
12006021906522003104153057717204051390266132134
12006021906522003104596063516404711580313153160
12006021906522003105062066916905001590341173168
12006021906522003105099065615904971630334168166
12006021906522003105498056916504041380266133133
12006021906522003110174000000000000000000000000
12006021906532001103844072819505331890344170174
12006021906532001106646079221205801990381194187
12006021906532002110053071719705201810339176163
12006021906532003100600071117705341720362181181
12006021906532003102704058314804351480287145142
12006021906532003110076067416605081580350176174
12006021906542003101674067417704971680329166163
12006021906542003103469070017605241720352175177
12006021906542003103928058315104321500282148134
12006021906542003107231069517205231710352176176
12006021906551999102069073821205261870339172167
12006021906552001103317058315104321440288141147
12006021906552003102435078921105782000378194184
12006021906552003102757078821005781950383195188
12006021906552003104203060318804151470268138130
12006021906562000101583058415904251420283144139
12006021906562002100816079021605741940380196184
12006021906562002101002056015004101350275138137
12006021906562002106549070218305191750344175169
12006021906562003102823055616203941310263131132
12006021906562003102860057417004041260278132146
12006021906562003102970057515804171420275142133
12006021906562003106124055415603981380260130130
12006021906562003110179071219905131780335167168
12006021906572002107209000000000000000000000168
12006021906572003101082067715505221660356177179
12006021906572003101988068516805171650352175177
12006021906572003102792058715204351480287145142
12006021906572003104615067218304891660323166157
12006021906572003106349058614904371440293147146
12006021906582001103104056715104161440272138134
12006021906582001103800068718205051620343176167
12006021906582001106254080620705991980401204197
12006021906582002102030070417105331700363178185
12006021906582002106391074021705231830340174166
12006021906582003104007071819805201730347178169
12006021906582003107397072300000000000360182178
12006021906591999101844000000000000000339000000
12006021906592002107124072400000000000346175171
12006021906592003101245070116905321680364181183
12006021906592003102732076120205591870372187185
12006021906592003105077070116805331680365182183
12006021907002002100732068717705101720338174164
12006021907002002104091065600000000000317163154
12006021907002003102519069017505151640351177174
12006021907002003107413056216004021430259132127
12006021907012003100591073218705451850360183177
12006021907012003102442061500000000000000000000
12006021907012003103551061615004661540312157155
12006021907012003104356072818205461750371188183
12006021907022003100046059115604351430292143149
12006021907022003100244058515204331480285141144
12006021907022003104792058715404331480285141144
12006021907022003105981064016304771570320162158
12006021907022003106936059414604481510297151146
12006021907022003110063061614704691430326158168
12006021907032001100592066316604971730324171153
12006021907032002103268068416505191640355176179
12006021907032002104666070217505271710356176180
12006021907032003100947063017404561520304150154
12006021907042000107386066216304991620337170167
12006021907042003100631057215204201420278139139
12006021907042003103611000000004061370269134135
12006021907042003104938056916104081390269137132
12006021907042003106203073120405271830344175169
12006021907042003107073068118105001650335168167
12006021907042003110022058915304361450291146145
12006021907042003110071058815304351450290146144
12006021907052000104319058715404331420291147144
12006021907052001100839072919705321750357180177
12006021907052002110053062616804581560302000000
12006021907052003100100062817604521600292148144
12006021907052003100658066716904981580340169171
12006021907052003100697055414504091400269136133
12006021907052003102051063615804781510327166161
12006021907052003102448059714704501450305156149
12006021907052003102977065517304821590323164159
12006021907052003103104064415904851540331165166
12006021907062001100119073320805251860339169170
12006021907062001106643065116304881590329168161
12006021907062002100728055113904121430269143126
12006021907062002110227055915104081400268136132
12006021907062003100383073518405511770374185189
12006021907062003102829055514704081410267138129
12006021907062003102991065917704821610321159162
12006021907062003104005069918005191700349172177
12006021907062003106090059214904431490294153141
12006021907062003110015000000000000000000151000
12006021907072000106216068700000000000347173174
12006021907072001105321062117604451510294140154
12006021907072003100333068018204981600338170168
12006021907072003102435074419305511900361184177
12006021907072003103469071218505271730354175179
12006021907072003110134061915704621460316154162
12006021907072003110220059915404451430302150152
12006021907072003110254063615204841540330164166
12006021907081999101308069618805081670341171170
12006021907081999106614065720004571820275143132
12006021907082000105091069319205011720329175154
12006021907082001103800058115504261440282143139
12006021907082002102324066315505081580350173177
12006021907082003100289058716004271490278145133
12006021907082003100600067217205001660334168166
12006021907092000110259061118904221600262135127
12006021907092001104712056115804031450258134124
12006021907092002104962057014704231470276143133
12006021907092002109410057115704141460268141127
12006021907092003101036060017304270000000000140
12006021907092003101988057514704281460282143139
12006021907092003105272056814804201420278140138
12006021907101999100645064616104851570328167161
12006021907102002107209000000005150000000000172
12006021907102002110231068218704951720323164159
12006021907102003101351055414804061410265136129
12006021907102003104070064415504891460343165178
12006021907102003104074066217004921640328164164
12006021907111999105538071118205291700359177182
12006021907112002102030000000005271730354174180
12006021907112003100712069018505051710334168166
12006021907112003101878075318705661800386195191
12006021907112003102496057017603941420252129123
12006021907112003102525065416704871560331161170
12006021907112003103254077920305761910385191194
12006021907112003103799073300000000000383193190
12006021907112003104007059615404421450297149148
12006021907112003105117080921705921990393200193
12006021907112003106105078420105831940389198191
12006021907112003106106065917004891580331162169
12006021907112003106753073218305491840365192173
12006021907112003107305079520105941970397202195
12006021907122001106254074519205531860367186181
12006021907122002100465064317904641550309157152
12006021907122002103220068417005141660348174174
12006021907122003105800063616604701610309163146
12006021907122003110243066117004911640327166161
12006021907132001103297055315903941450249124125
12006021907132002100742059216304291450284149135
12006021907132002106619060316304401510289146143
12006021907132003100805068516505201640356177179
12006021907132003105704058917504141460268136132
12006021907132003107046059617504211490272138134
12006021907132003110063055814504131370276138138
12006021907141999100510069317605171570360171189
12006021907142003101245066617204941630331166165
12006021907142003105077066617804881630325162163
12006021907142003106742091023706732290444223221
12006021907152000101545078721305741950379190189
12006021907152000106626070018305171700347174173
12006021907152001100699061317004431560287143144
12006021907152002102875059515504401460294148146
12006021907161999104283057515304221400282131151
12006021907162002103268072519105341750359183176
12006021907162003102272059116604251440281143138
12006021907162003102292071819205261770349180169
12006021907162003104612058015504251460279143136
12006021907162003105450067317704961790317169148
12006021907172001103435057816804101400270134136
12006021907172003102436064917004791580321161160
12006021907172003102968055813904191350284140144
12006021907172003106798056614104251340291140151
12006021907182002100922066117304881590329168161
12006021907182002102437066418604781500328169159
12006021907191999104764074118505561860370187183
12006021907191999106664058316304201460274142132
12006021907192000101603090327106322290403212191
12006021907192003100504066417004941640330166164
12006021907192003101317066817004981650333166167
12006021907212002103025067017704931630330166164
12006021907222003103295056015404061420264129135
12006021907222003105148069418205121700342174168
12006021907222003106912072417905451800365188177
12006021907242002110050070518405211720349182167
12006021907242003100865063216504671500317159158
12006021907242003103254059615104451480297151146
12006021907242003109073072118805331740359166193
12006021907252002101336069017405161670349175174
12006021907252002102846073619805381820356183173
12006021907252003101410060213504671350332156176
12006021907252003105117073219405381790359182177
12006021907252003105328070718005271720355178177
12006021907252003106105075018605641870377191186
12006021907261999100510061315804551490306150156
12006021907262001106629059615504411430298145153
12006021907262002103220059015304371470290146144
12006021907262002104819072518605391770362182180
12006021907262003102918067217804941650329167162
12006021907262003104023068317805051630342171171
12006021907262003105740074318605571870370183187
12006021907272000104260064817404741550319159160
12006021907272000105680074421305311880343176167
12006021907272001102256062300000000000000000000
12006021907272001107574067916405151690346172174
12006021907272003100261065216204901650325162163
12006021907282002100991071418205321800352180172
12006021907282003102425055915304061370269133136
12006021907282003104674059916204371470290147143
12006021907282003107284068216705151660349173176
12006021907302000102386059416004341490285143142
12006021907302000106626067417904951680327166161
12006021907302001107654080420206022000402205197
12006021907302002104533070217405281660362175187
12006021907312003103746063915704821570325163162
12006021907312003109105067216605061650341170171
12006021907322002100851060516604391490290148142
12006021907322003102403058015004301460284145139
12006021907322003105304056715204151450270142128
12006021907332000101585067717505021650337173164
12006021907332003105190071217705351720363182181
12006021907342001102019076119405671880379189190
12006021907342003103364070415905451690376188188
12006021907342003103508071823804801760304153151
12006021907342003104883072119805231840339172167
12006021907342003106845070217205301680362180182
12006021907352001104648000000005481890359183176
12006021907352002106889070718505221740348000000
12006021907352003101670072918905401800360180180
12006021907352003104853073018905411800361181180
12006021907362001100707068317305101680342173169
12006021907362003101336072820405241810343174169
12006021907372003100663077021405561900366182184
12006021907372003103773068118704941630331168163
12006021907372003105423000000003881290259126133
12006021907372003105442053614703891300259126133
12006021907382000102538072920405251740351178173
12006021907382001104603072717805491840365185180
12006021907382003106503070018605141700344175169
12006021907392000106609071218605261730353178175
12006021907392001107193074919205571840373188185
12006021907392002102785056315704061410265136129
12006021907392002107075075419905551730382192190
12006021907392002107238068919004991560343172171
12006021907392003102102054314703961290267132135
12006021907392003102869056515204131430270135135
12006021907392003104359075500000000000369188181
12006021907392003104683056414804161330283139144
12006021907392003105941056715304141440270135135
12006021907392003107004056314704161340282139143
12006021907402001104306067217005021560346168178
12006021907402001104868070418105231770346176170
12006021907402002105598056900000000000275000000
12006021907402003100259058815804301570273142131
12006021907402003103657066617004961650331165166
12006021907402003105752066617104951650330165165
12006021907412002100694066617604901650325165160
12006021907412002100780066016704930000000000170
12006021907412002105063056914604231430280139141
12006021907412003101275000000005051780327169158
12006021907412003104719064815704911610330165165
12006021907422002100991054514304021340268134134
12006021907422002109453079321505781950383200183
12006021907422003100817065917604831580325154171
12006021907422003102289000000004321440288142146
12006021907422003102322058315504281450283140143
12006021907422003105418058315504281450283141142
12006021907422003106615000000004911550336164172
12006021907432003110061061115904521460306150156
12006021907442001102398062916804611520309153156
12006021907442002100485056616604001500250129121
12006021907442003102553059615904371470290146144
12006021907442003103042055914104181380280143137
12006021907442003107281059715904381470291145146
12006021907452002103584053515703781350243118125
12006021907452002106061069817705211700351177174
12006021907452003101491062018904311590272137135
12006021907452003102191066116904921680324162162
12006021907452003102234066217704851630322165157
12006021907452003102404066216904931620331165166
12006021907452003103746055215803941340260130130
12006021907452003104583056915304161410275137138
12006021907452003109318068318005031690334168166
12006021907462002106258056314804151370278142136
12006021907462003102434069518505101610349171178
12006021907462003105190062615904671560311156155
12006021907462003105282074019605441920352181171
12006021907471997107091065716604911620329165164
12006021907472003100385000000000000000000136000
12006021907472003105362055915704021420260133127
12006021907482001103325072321905041760328166162
12006021907492003100663062418504391480291146145
12006021907492003101168060015504451420303151152
12006021907492003101670059115704341430291146145
12006021907492003104853059215804341430291145146
12006021907492003110157057516404111570254135119
12006021907502003102020070817705311700361179182
12006021907502003102176056814704211380283141142
12006021907502003103867053714003971320265133132
12006021907502003106607056914304261320294147147
12006021907512001107193059714704501470303152151
12006021907512001110198062417804461510295147148
12006021907512003107210076119305681890379192187
12006021907532000106609070500000000000348176172
12006021907532002107238072919605331700363183180
12006021907542000104475064917204771560321160161
12006021907542001104868059816104371490288142146
12006021907542002107075061417704371480289144145
12006021907542002107447060515604491480301153148
12006021907542003103657059915704421500292147145
12006021907542003104359061417804361480288144144
12006021907542003104719068116205191610358172186
12006021907542003105752061516704481540294149145
12006021907552003102024065917204871660321166155
12006021907552003104257062215604661450321158163
12006021907552003200032069517405211650356177179
12006021907562003101788066416904951590336166170
12006021907562003106335068217505071630344171173
12006021907562003109161064616004861710315164151
12006021907582001102220060315504481490299148151
12006021907582002100659057200000000000265000000
12006021907582003106757055616403921400252129123
12006021907592002103112066317704861540332166166
12006021907592002106061069017905111690342177165
12006021908011997107091067618204941660328164164
12006021908012001110247076821105571900367185182
12006021908012002100822057417004041400264134130
12006021908012003102965056914304261410285144141
12006021908012003104910056914504241380286141145
12006021908021999101704066618004861590327164163
12006021908022000110105065616204941600334170164
12006021908032000103014066717304941600334167167
12006021908032002102976067717405031640339169170
12006021908032003103612067816905091710338169169
12006021908032003106419068618005061700336168168
12006021908032003107093070118505161730343174169
12006021908032003107210059815604421510291147144
12006021908042003100560069917405251710354179175
12006021908062003107427060915304561450311156155
12006021908072003100179068117505061680338172166
12006021908092000103614069017405161680348173175
12006021908092003100665072819405341790355180175
12006021908092003103581061518404311640267136131
12006021908092003104197063616104751620313156157
12006021908092003106335059315304401420298151147
12006021908102003105230057314504281430285143142
12006021908102003106159055700000000000281140141
12006021908102003106162057514804271430284144140
12006021908122001100412057715104261410285141144
12006021908122003100454055613804181350283140143
12006021908132000106533058714904381450293146147
12006021908132002100613064516204831570326162164
12006021908132003102586068317605071710336173163
12006021908172000103014066917704921610331164167
12006021908172000103719070318905141680346173173
12006021908172002102976061616404521590293156137
12006021908172003107093068418504991660333169164
12006021908181999101704062117104501550295152143
12006021908182000110105067116105101630347174173
12006021908182003106419069917705221690353178175
12006021908202003103043062515704680000000000160
12006021908212001104731065916304961600336169167
12006021908212002101922068616705191690350177173
12006021908212003100179074419205521830369185184
12006021908212003101657068717205151690346179167
12006021908212003109181074419305511820369185184
12006021908232003100702072216805541800374188186
12006021908232003101408064416704771590318159159
12006021908232003105753070817305351750360185175
12006021908241999107631068419004941550339167172
12006021908242003104443065417504791610318160158
12006021908242003109131070717605311750356179177
12006021908262002102965067516405111660345174171
12006021908262002103396070318405191710348174174
12006021908262003102251067216805041610343169174
12006021908262003102474067315605171710346174172
12006021908262003104103069218505071630344171173
12006021908272003102281068417505091690340167173
12006021908311998105260066617104951650330167163
12006021908312000103719061016704431490294146148
12006021908322002102695079622705691980371195176
12006021908322003109181075719205651960369192177
12006021908332000107099060217004321510281142139
12006021908352003100702059914904501450305152153
12006021908352003101408063816704711550316159157
12006021908352003105753065815904991590340170170
12006021908372002102808059215604361370299144155
12006021908372002109122067817505031660337174163
12006021908372003102093060314804551510304155149
12006021908381999107631062116604551530302155147
12006021908382002104713066015905011560345171174
12006021908402000110121063917804611600301154147
12006021908411999106144061216204501480302148154
12006021908412003101655056115104101330277131146
12006021908412003102207056015304071330274131143
12006021908412003102362067517405011660335168167
12006021908432002107240059516904261460280142138
12006021908442002110040069317805151710344176168
12006021908472002102806056816004081450263136127
12006021908482000103350069119904921730319162157
12006021908482000104389070518205231670356180176
12006021908482003102958068717805091720337170167
12006021908482003105761069120504861700316158158
12006021908482003106800064720404431570286146140
12006021908492001104243070617105351720363180183
12006021908492001107391068417505091660343172171
12006021908492003103450067417305011640337171166
12006021908502002106026058516604191440275138137
12006021908512003100168056314904141390275137138
12006021908522001100063063816904691490320000000
12006021908542002104208070017805221740348176172
12006021908542003100230065916804911610330169161
12006021908552000103426067117304981590339167172
12006021908562003110189061017004401560284143141
12006021908582002105558066119604651740291148143
12006021908592002110119065317204811590322163159
12006021909002001105695067717105061660340173167
12006021909011999104206072800000000000357000000
12006021909012001105366069118705041560348171177
12006021909012002100554056214204201330287137150
12006021909012003102111071518405311750356179177
12006021909012003102836055114804031350268134134
12006021909012003102957057413804361410295144151
12006021909012003107240063316304701650305159146
12006021909012003110217071618405321760356178178
12006021909052001100063098029306872460441222219
12006021909082003106637072920405251740351180171
12006021909092003103476068515105341610373183190
12006021909112002102341058616504211330288141147
12006021909122002105513068517405110000000000175
12006021909122003100255072117905421760366181185
12006021909122003100679074219805441820362184178
12006021909122003103884070617505311700361181180
12006021909152002101901068816905191680351176175
12006021909172002109458075919505641850379188191
12006021909172003100216058316004231370286144142
12006021909172003100417058115904221390283143140
12006021909172003107028057515604191370282141141
12006021909182001107839054113604051370268134134
12006021909182001110253055914704121350277138139
12006021909182003102616064016704731560317162155
12006021909212002105558057218203901400250126124
12006021909212003101781074118805531850368187181
12006021909232003109127067815605221620360175185
12006021909252001103898067118004911670324164160
12006021909252002107275000000004861640322166156
12006021909262003103402057314604271450282145137
12006021909262003104840054013504051290276136140
12006021909272001104608071600000000000361188173
12006021909292002102292057815404241430281146135
12006021909292002110147056116004011390262134128
12006021909322003101781067218204901780312165147
12006021909332003104430068216205201580362175187
12006021909342003100313058617204141450269136133
12006021909342003105209058717204151450270137133
12006021909402003102976065617304831640319162157
12006021909412003100340066416704971620335167168
12006021909422002106690066819404740000000000151
12006021909442001103518061716604511540297151146
12006021909442002105495074819605521910361193168
12006021909452002103091058816004281460282140142
12006021909492003101879065616204941650329166163
12006021909532002102668060716004471450302148154
12006021909542001101327066018004801530327161166
12006021909542001103093067619204841660318159159
12006021909552003102311072417605481700378185193
12006021909562001100261066000000000000330000000
12006021909562002106012061214704651510314157157
12006021909562003102680070818105271670360183177
12006021909572003104941056215404081350273139134
12006021909582003106334064816804801620318162156
12006021910012003100553058116204191580261135126
12006021910032002107488063517404611510310150160
12006021910052001103739067117804931630330167163
12006021910062000101674060315304501440306153153
12006021910062003106456065917404851630322159163
12006021910062003106559064116504761560320159161
12006021910212001102662063217204601530307153154
12006021910212001103146062017204481510297152145
12006021910212002110225064816104871610326160166
12006021910222001103283062916404651540311156155
12006021910242000107407058217604061470259135124
12006021910272001104037082322905942090385200185
