12017111606592013104873055315403991380261134127
12017111606592013105721058817704111520259135124
12017111606592013106183060118104201500270141129
12017111606592014102711053014703831340249127122
12017111607002012103724055716603911420249125124
12017111607002013103671052513503901360254130124
12017111607002014106113053013603941390255129126
12017111607002014110060062517004551560299151148
12017111607002014110082068418504991700329165164
12017111607002015100700056015204081430265139126
12017111607002015101752053513504001390261133128
12017111607002015104178053114503861330253125128
12017111607002015104232053214503871330254126128
12017111607002015105090066917204971690328164164
12017111607012011100590053314603871390248127121
12017111607012011105072051814103771290248124124
12017111607012012102649051013703731310242119123
12017111607012012104901055313904141380276140136
12017111607012012105205051513603791290250126124
12017111607012012110061061117104401540286148138
12017111607012013101434051113903721230249122127
12017111607012013104099054014903911340257129128
12017111607012013104475063316704661650301171130
12017111607012013104488067018504851680317158159
12017111607012014103635057015304171430274138136
12017111607012014104589056914704221470275138137
12017111607012015100612053414303911270264127137
12017111607012015100864056114904121430269137132
12017111607012015100921059615404421490293148145
12017111607012015102034053914703921380254126128
12017111607012015102882057015704131440269134135
12017111607012015103558053915103881360252127125
12017111607012015104032054014803921340258128130
12017111607012015104199053814703911390252125127
12017111607012015104287053214303891280261126135
12017111607012015104333054415403901350255130125
12017111607012015104878056115004111410270137133
12017111607012015104968065217204801630317159158
12017111607012015105139056415604081420266134132
12017111607012015105944053314603871320255128127
12017111607012015106164056114804131440269137132
12017111607022010101161054114303981380260130130
12017111607022011106002070420305011880313163150
12017111607022012100511066417904851640321159162
12017111607022012104392054615403921370255132123
12017111607022013101765072120905121860326175151
12017111607022013103760054415103931380255125130
12017111607022013104743056714804191450274139135
12017111607022013105839056014904111450266137129
12017111607022013106060068417605081710337173164
12017111607022014100827062216604561580298152146
12017111607022014104526066218004821710311158153
12017111607022014104982068117905021650337170167
12017111607022014110031063516604691630306156150
12017111607022015100377066218404781640314161153
12017111607022015100562072321505081830325173152
12017111607022015101007069719305041770327167160
12017111607022015102869055115004011420259134125
12017111607022015103382061316404491590290146144
12017111607022015104107071120505061870319171148
12017111607022015104625051713903781280250120130
12017111607022015105783054814903991420257132125
12017111607022015105797051814203761280248121127
12017111607022015106036072321405091860323172151
12017111607022015110002065617304831630320158162
12017111607022015110086063017004601590301157144
12017111607032010105860056114704141420272139133
12017111607032012101961074220405381810357181176
12017111607032013100354071519805171760341175166
12017111607032014100576067917505041750329166163
12017111607032014101915055115104001390261132129
12017111607032014104738075019705531910362184178
12017111607032014105914055115203991390260131129
12017111607032015100236071219005221680354175179
12017111607032015100341066617404921640328167161
12017111607032015100631075320605471850362183179
12017111607032015102477054614504011400261132129
12017111607032015103052072518505401800360182178
12017111607032015104493070018605141770337168169
12017111607032015104808067917505041700334172162
12017111607032015104821067017504951660329164165
12017111607032015105740054314403991380261131130
12017111607032015106334069817705211710350176174
12017111607032015110093070318705161690347176171
12017111607042012101602065417104831680315158157
12017111607042013104800062516704581640294151143
12017111607042013105898067517505001720328166162
12017111607042014100905064917204771660311159152
12017111607042014105800061915904601520308148160
12017111607042015100344066017404861630323163160
12017111607042015100513067917005091680341172169
12017111607042015101407065317504781670311163148
12017111607042015102984065918204771680309152157
12017111607042015103630058514804371460291148143
12017111607042015104586064016604741550319157162
12017111607042015105436067317105021610341172169
12017111607042015105492066316804951570338171167
12017111607052013104498063317104621610301155146
12017111607052013105948069018205081730335167168
12017111607052014105660053314403891380251124127
12017111607052014105788067918304961730323164159
12017111607052015101826067718004971680329169160
12017111607052015102185070619005161710345173172
12017111607052015103519053614703891390250123127
12017111607052015104124067417504991660333170163
12017111607052015104227065817204861570329166163
12017111607062011104627053715603811420239119120
12017111607062012103076055714104161430273137136
12017111607062014100611063316804651480317166151
12017111607062014101308061516104541550299151148
12017111607062014103532057915404251490276141135
12017111607062014105108053615003861380248122126
12017111607062015102369052814403841350249122127
12017111607062015102382065417904751610314162152
12017111607062015102822061016004501540296152144
12017111607062015102825061816004581600298154144
12017111607062015103194073519405411790362181181
12017111607062015103895055014204081380270135135
12017111607062015104480065018004701600310140170
12017111607062015104676070018205181640354177177
12017111607062015105886065817204861620324163161
12017111607072012103286069319504981690329172157
12017111607072012104128052013703831340249124125
12017111607072012104672051813803801330247124123
12017111607072013104088056815104171510266135131
12017111607072013106099055614604101460264138126
12017111607072013106329063517004651530312160152
12017111607072015100597066017904811610320156164
12017111607072015101789064317604671540313156157
12017111607072015102140055515504001470253128125
12017111607072015103110065416204921630329169160
12017111607072015104355063816804701600310156154
12017111607072015105480055415304011480253128125
12017111607082013102856066117704841640320160160
12017111607082013105528066718104861620324160164
12017111607082015103826058316204211530268140128
12017111607082015104058055815104071430264136128
12017111607082015104950067017404961590337166171
12017111607082015105100071518505301800350180170
12017111607082015105669063517204631530310161149
12017111607082015106172070018805121660346176170
12017111607082015106173065516604891650324163161
12017111607082015110008056115204091440265136129
12017111607092012101830065019204581650293147146
12017111607092014103385067117504961670329166163
12017111607092014103751064516604791590320162158
12017111607092014104573069818205161740342175167
12017111607092015103643071719305241730351175176
12017111607092015104842066318004831670316161155
12017111607102013103573065816504931660327167160
12017111607102014105584066517604891680321158163
12017111607102015100589066117504861690317160157
12017111607102015101747057215104211440277139138
12017111607102015103032058415904251420283140143
12017111607102015104181061616604501500300152148
12017111607112014106503070018505151690346173173
12017111607112015101525065317304801640316162154
12017111607112015101540068217905031720331169162
12017111607112015102885072118205391760363184179
12017111607122011103722059215104411380303146157
12017111607122012102422065617004861650321161160
12017111607122015101318072918505441800364183181
12017111607122015103274069118905021690333167166
12017111607122015105790065217204801650315159156
12017111607122015110016066819004781640314158156
12017111607132012100801054615203941440250126124
12017111607132015101155066817504931640329163166
12017111607132015103893072417905451830362181181
12017111607132015105659067417305011680333165168
12017111607132015105697065917204871610326161165
12017111607142013105627071419305211780343171172
12017111607142015100507064717104761460330154176
12017111607142015102878056315704061510255129126
12017111607152011106002053014403861350251125126
12017111607152013103767068018604941680326169157
12017111607152015100562054514903961390257129128
12017111607152015100720065115504961560340168172
12017111607152015102222065617604801610319160159
12017111607152015104439065316804851610324163161
12017111607152015105528068917505141730341172169
12017111607152015106036054714903981410257130127
12017111607162014106448065118604651600305155150
12017111607162015100429067818804901710319157162
12017111607162015104069067920504741740300155145
12017111607172012104833073419305411870354181173
12017111607182010104503067017104991650334166168
12017111607182013100323067518004951700325161164
12017111607182013101438066417404901580332169163
12017111607182013105645065016404861620324162162
12017111607182014101649064016704731520321162159
12017111607182014104873070716205451720373179194
12017111607182015100181064617204741690305155150
12017111607182015101588064317104721680304156148
12017111607182015102329066816505031680335168167
12017111607182015103627069818405141770337169168
12017111607182015106276073420805261830343176167
12017111607192013100554066918304861640322165157
12017111607192013106228055015303971340263130133
12017111607192014100739067717804991790320164156
12017111607192014102574070320604971740323166157
12017111607202014106037053813804001340266131135
12017111607202015102968064816904791660313160153
12017111607202015103153065216504871680319160159
12017111607202015103245056115604051410264139125
12017111607202015103501057415604181430275139136
12017111607202015104322062615304731450328167161
12017111607202015105182066117304881670321164157
12017111607202015106321068916705221750347171176
12017111607212009100667067517604991680331165166
12017111607212012100555066617704891680321161160
12017111607212013104881072117505461920354180174
12017111607212014104051054614004061390267134133
12017111607212015101488068718705001700330167163
12017111607212015102499068018604941690325165160
12017111607212015102751054714104061380268134134
12017111607212015104327067718004971670330165165
12017111607212015104772062716704601520308152156
12017111607222013103338065017404761590317161156
12017111607222014103387069717605211700351177174
12017111607222015101554068618305031650338179159
12017111607222015103078057514304321450287144143
12017111607222015103208066117004911630328167161
12017111607232011103159064117204691540315156159
12017111607232013100041055915104081410267135132
12017111607232014100596064416104831610322157165
12017111607232015100300057414404301390291142149
12017111607232015100428054614404021380264134130
12017111607232015101698057314304301370293142151
12017111607232015105512055614904071410266135131
12017111607232015110012069218905031720331163168
12017111607242012100591054514603991360263131132
12017111607242014105533058615504311460285144141
12017111607252012106378056814904191490270140130
12017111607252014100508067118404871710316159157
12017111607262015102444063716204751570318161157
12017111607262015102870066717004971680329165164
12017111607262015104420070819305151770338169169
12017111607272014106474066717104961640332166166
12017111607272015100319067016405061680338171167
12017111607272015100786065617504811630318163155
12017111607272015100913066517104941700324164160
12017111607282015100132063615804781510327160167
12017111607292010101834064315504881590329161168
12017111607322015100134064516304821610321161160
12017111607322015103684064116304781610317159158
12017111607322015105936065116904821640318159159
12017111607342015110103075320705461930353180173
12017111607342015110107074019305471890358183175
12017111607352013110119064017304671610306155151
12017111607362012101422070217605261790347168179
12017111607382011104665052614603801280252123129
12017111607382013101392065216804841620322159163
12017111607382014105934054814903991400259130129
12017111607382015102498065116304881600328167161
12017111607382015105502053414603881310257124133
12017111607382015106427054014703931410252127125
12017111607392012103207066817404941570337165172
12017111607392014105090056516104041360268129139
12017111607392015100858077121005611980363184179
12017111607392015106031060015204481500298154144
12017111607402011104831071618905271770350172178
12017111607402012106253063315904741580316157159
12017111607402012110080056515004151470268133135
12017111607402014100620054015203881430245122123
12017111607402014104612065516404911690322161161
12017111607402015101712080120905922050387189198
12017111607412014102411067717505021670335167168
12017111607432015102915066917104981650333165168
12017111607432015102996067817305051640341170171
12017111607432015103180067016705031650338166172
12017111607452015103836072218405381780360182178
12017111607452015105175066918504841610323166157
12017111607452015105464068817905091730336168168
12017111607462012104696063715904781500328167161
12017111607472014101166068417205121690343171172
12017111607472015103376067817105071740333170163
12017111607472015103400072717905481810367184183
12017111607472015103587074119305481860362183179
12017111607472015103924065416404901620328160168
12017111607472015106167065516404911620329161168
12017111607472015106313067717405031700333166167
12017111607482015102095067518204931660327162165
12017111607482015105349068517805071690338166172
12017111607502012110007074419605481910357185172
12017111607512015100189076120605551890366184182
12017111607512015104875065817204861620324164160
12017111607512015105135069717805191780341172169
12017111607522011104994067717305041700334166168
12017111607522014100143067418004941660328165163
12017111607562015101352053214603861300256126130
12017111607562015102362053114503861310255125130
12017111607572015103265071618905271780349173176
12017111607592011103410068617105151710344175169
12017111608002013102193065217904731570316158158
12017111608012015103142065816004981590339169170
12017111608012015105791066016904911640327168159
12017111608172011103854053614503911390252125127
12017111608172014103361051213603761280248123125
12017111608172015104476053914703921390253126127
12017111608182010104287061916604531580295149146
12017111608182014100907057215504171460271139132
12017111608182014105897063617404621600302153149
12017111608182015104019052514303821310251124127
12017111608192012100683053614603901370253129124
12017111608192012104108058415704271600267143124
12017111608192012104426058815504331450288142146
12017111608192014103001054414703971490248125123
12017111608192015100514054414104031400263132131
12017111608192015102392055015203981430255134121
12017111608202012110117054415803861420244126118
12017111608202014103897068118304981650333170163
12017111608212014102844056215204101440266140126
12017111608212015103616056617403921470245125120
12017111608232013100991059414504491550294150144
12017111608232015100995060515904461550291148143
12017111608232015101559058314904341480286144142
12017111608242011104950053114203891340255123132
12017111608262013103497053614603901360254129125
12017111608262015103321059416904251480277142135
12017111608272013105397053515003851350250125125
12017111608272013105995052314103821380244122122
12017111608272014106117052314103821390243121122
12017111608272015101447066117004911700321163158
12017111608282015106335070619605101790331165166
12017111608292010100590052813703911320259127132
12017111608292013110013053214503871390248126122
12017111608292014105142052113403871310256128128
12017111608292015106130055214104111370274139135
12017111608302012105123065016304871640323160163
12017111608302014105783053414503891320257128129
12017111608302015105241052314303801320248123125
12017111608302015106380074620105451890356180176
12017111608312012110058054316003831340249124125
12017111608312013106052058615604301410289146143
12017111608312014106447057215704151390276136140
12017111608312015106500057616004161520264140124
12017111608322012102157068419104931670326164162
12017111608392013101264057016604041480256128128
12017111608402015106335065817104871590328162166
12017111608422015103045066017004901620328164164
12017111608422015104781065916904901600330166164
12017111608452011100951064117204691630306151155
12017111608462011104344072121105101840326174152
12017111608462014101979072020705131850328173155
12017111608462014105926072321305101820328178150
12017111608462015101671072421005141860328177151
12017111608482015101836058315004331450288148140
12017111608492014101832053614703891390250126124
12017111608492015104444055315204011480253126127
12017111608502015100512059215804341540280144136
12017111608502015101569058615604301520278144134
12017111608542013105975065117104801590321161160
12017111608542015105259072219505271760351173178
12017111608542015106385100724407632600503253250
12017111608552015110009062715704701510319156163
12017111608562014105983064616504811610320160160
12017111608562015100227066117004911650326164162
12017111608562015100635063215804741560318158160
12017111608572010106548057615104251400285142143
12017111608582011104344056615804081470261133128
12017111608582012105108065517304821640318157161
12017111608582013102583079321005832040379193186
12017111608582014105926056115804031440259132127
12017111608592011106102065217304791650314168146
12017111608592014101979066517104941710323168155
12017111608592014105615056114504161400276134142
12017111608592015101671066617204941710323168155
12017111608592015105485058214604361380298142156
12017111609002012101154066716505021710331172159
12017111609002015100637066917304961710325162163
12017111609002015101178067017304971680329169160
12017111609002015104182069918505141720342169173
12017111609002015105569067016305071730334169165
12017111609012015102363071217805341790355181174
12017111609022015100187072717605511860365185180
12017111609032014104328066117604851630322160162
12017111609092015101012063416004741590315157158
12017111609102013103903063917604631560307155152
12017111609122015106511069217005221670355175180
12017111609132015104455078220405781980380205175
12017111609132015104547064617504711600311157154
12017111609142013105969066718204851640321164157
12017111609142014101505063716404731600313160153
12017111609142015104659065117604751650310155155
12017111609152014100482066418604781680310154156
12017111609172015104688069616805281760352180172
12017111609172015104909069917105281760352180172
12017111609202013104643071620505111800331171160
12017111609202015101608069518305121740338170168
12017111609202015103298069718505121730339170169
12017111609202015104497069517905161710345173172
12017111609212015102923068817605121720340168172
12017111609212015103520069117705141730341170171
12017111609222011102912068918405051810324166158
12017111609222011103690065215804941630331166165
12017111609222015101315071818905291910338174164
12017111609222015103897071018905211820339175164
12017111609402012103352060316704361480288146142
12017111609402013104643054314603971380259135124
12017111609402015101485057215604161540262137125
12017111609412010104297054814903991360263132131
12017111609412015101600056215204101500260131129
12017111609412015103007064316204811610320160160
12017111609412015104771064316104821620320160160
12017111609422011103690052514603791340245119126
12017111609422013106154056616104051490256132124
12017111609422014105927053814803901340256124132
12017111609422014106231063716704701580312154158
12017111609422015104987064917104781690309155154
12017111609422015110037064917204771690308154154
12017111609432011102236053114203891370252131121
12017111609432011105960056415504091450264136128
12017111609432013103614057214904231450278137141
12017111609432015100198072619305331850348176172
12017111609442013103232067617605001720328169159
12017111609442014100169067318704861630323162161
12017111609442014103601073619705391860353181172
12017111609442015109109059015704331450288146142
12017111609442015109115058515404311440287145142
12017111609452014103414057115504161450271139132
12017111609462013110072070018405161900326169157
12017111609462015110073072418705371840353182171
12017111609472014102618064516604791610318159159
12017111609472015103001064016404761550321158163
12017111609472015104432057815304251490276144132
12017111609482011104991052314303801300250125125
12017111609482012104923052414003841300254125129
12017111609482014100510068817305151780337172165
12017111609482014102930052414003841290255125130
12017111609482014109151052714203851270258123135
12017111609482015104490067918604931670326166160
12017111609492015101075069717305241720352176176
12017111609492015103642065815705011620339167172
12017111609492015104431064715804891520337166171
12017111609492015106197066715405131660347173174
12017111609492015110096064715804891550334163171
12017111609502013103738073018105491830366185181
12017111609502014105320067617205041740330172158
12017111609502015104582072318105421790363179184
12017111609512010101025064615404921590333166167
12017111609512014103000059818604121530259133126
12017111609512015100408065416804861620324160164
12017111609512015102583068018704931630330162168
12017111609512015104021067317804951660329164165
12017111609522015102823070818505231750348173175
12017111609522015109081070918105281720356182174
12017111609532015103106069017805121710341171170
12017111609552012103583054314903941400254128126
12017111609552012104423065016804821570325158167
12017111609552015106315067618304931650328164164
12017111609562012100243068317805051720333169164
12017111609572014103601070118005211780343176167
12017111609582012103494070318605171820335170165
12017111609582013104320052814903791380241122119
12017111609582013105917063316104721600312155157
12017111609582013110103064116704741610313154159
12017111609582014103399065116404871600327170157
12017111609592014103582070719405131800333165168
12017111609592015101364070319405091720337172165
12017111609592015102621055115403971390258133125
12017111609592015103197071119805131800333165168
12017111610002010100855052113703841290255126129
12017111610002012101502065217204801570323162161
12017111610052011102515067817505031670336168168
12017111610092015104975062616304631580305153152
12017111610182012105389069319005031700333166167
12017111610212011105995077321305601940366181185
12017111610282014100951069419205021700332166166
