12018071504002013104135056416004041480256132124
12018071504002013105526055516103941390255129126
12018071504002013105591055515703981400258131127
12018071504002013105956060020103991550244123121
12018071504002013106474056315404091400269135134
12018071504002014103690054815103971390258132126
12018071504002014104578055815804001480252130122
12018071504002015101753054215903831310252124128
12018071504002015102258056717103961420254131123
12018071504002015104366057915504241480276139137
12018071504002015104643056015104091460263134129
12018071504002015104753073520705281820346178168
12018071504002015105984055615104051430262136126
12018071504002015110074058716704201440276136140
12018071504002016101793056817103971430254130124
12018071504002016103216054615803881350253130123
12018071504002016110118056915404151440271140131
12018071504012011104306055215204001410259134125
12018071504012012101892051314803651280237118119
12018071504012012105305055014904011380263134129
12018071504012012106074059315704361510285141144
12018071504012013100636056615504111410270135135
12018071504012013101522054514903961420254128126
12018071504012013105316057415504191440275140135
12018071504012013105919055115403971390258132126
12018071504012014103215057015804121390273134139
12018071504012014104766055115203991420257132125
12018071504012015100622055814704111390272135137
12018071504012015101532058516304221410281139142
12018071504012015101627058515304321470285146139
12018071504012015101687062417704471640283146137
12018071504012015102820055015503951400255126129
12018071504012015103460060016104391470292147145
12018071504012015104401057815904191390280138142
12018071504012015104712057515604191450274137137
12018071504012015104864059116404271490278145133
12018071504012015110037053814603921380254128126
12018071504012015110059056115404071400267131136
12018071504012016105713055615404021400262132130
12018071504012016106074070617705291710358176182
12018071504022011103511061117604351540281143138
12018071504022011103722056414504191410278139139
12018071504022012100624054315603871330254126128
12018071504022013102575057416004141470267134133
12018071504022013104774059816704311520279142137
12018071504022014102897058316504181450273138135
12018071504022014103361055716103961380258132126
12018071504022014106038058315704261490277140137
12018071504022015101077057914904301510279142137
12018071504022015102810066717704901660324158166
12018071504022015102818056415804061440262135127
12018071504022015103053058616404221420280140140
12018071504022015104177058315204311460285143142
12018071504022015104649056615704091490260137123
12018071504022015104781059815404441470297154143
12018071504022015104941064917304761580318156162
12018071504022015105083075520105541860368186182
12018071504022015105247058315804251430282142140
12018071504022015105499057915704221440278141137
12018071504022015105614055715803991400259131128
12018071504022015106178058415604281410287144143
12018071504022016100213058416204221420280140140
12018071504022016102379066517004951630332174158
12018071504022016103095057416004141480266134132
12018071504022016103649062718004471520295150145
12018071504022016104694059416504291450284147137
12018071504022016104846059515604391450294143151
12018071504022016105166066618204841650319159160
12018071504022016105780059915904401550285144141
12018071504022016106483059516504301500280145135
12018071504022016109103060917404351530282144138
12018071504032010104680054915203971380259132127
12018071504032010106550059116304281440284140144
12018071504032012104167056415904051420263132131
12018071504032012105899059916104381540284143141
12018071504032012106232056816903991480251128123
12018071504032013103582068017905011690332171161
12018071504032013105977066219204701640306156150
12018071504032013106298068819804901640326167159
12018071504032014102556059916504341530281142139
12018071504032014105543056916604031460257132125
12018071504032015100996061515504601530307154153
12018071504032015101007057616504111430268135133
12018071504032015102081058715504321490283141142
12018071504032015102368066317404891700319161158
12018071504032015102380064218904531600293147146
12018071504032015103430054715003971380259133126
12018071504032015104190060416004441500294148146
12018071504032015105052057015904111450266133133
12018071504032015105634054814504031350268136132
12018071504032015106174069418705071700337171166
12018071504032015110040066218504771660311162149
12018071504032016101176058216404181470271137134
12018071504032016101585065917104881680320160160
12018071504032016104414062916404651590306154152
12018071504032016104832057416204121400272135137
12018071504032016105147062016504551540301152149
12018071504042013105948064818204661620304153151
12018071504042013105995060217804241530271137134
12018071504042013106025054315403891350254124130
12018071504042014102003057715504221440278136142
12018071504042014105513061416404501560294153141
12018071504042014106210068918305061720334171163
12018071504042015100545059715404431550288145143
12018071504042015101241063017104591540305153152
12018071504042015103006054414903951340261127134
12018071504042015103579057817204061480258134124
12018071504042015103988064117504661610305149156
12018071504042015104131060116204391520287147140
12018071504042016104789056315704061400266137129
12018071504042016106116062715804691560313153160
12018071504052010105786057315604171530264140124
12018071504052012104929076322105421870355177178
12018071504052013103403059915704421460296151145
12018071504052013105756078623305531940359185174
12018071504052013105969064716504821570325159166
12018071504052014105778067017904911700321159162
12018071504052015102067069019104991670332163169
12018071504052015102080067618204941650329161168
12018071504052016104210058915804311440287142145
12018071504062009105738058615304331410292144148
12018071504062013104461057716404131510262137125
12018071504062013105140058914804411440297150147
12018071504062013106218074922305261910335173162
12018071504062014104090056416104031450258135123
12018071504062014105662077222405481970351183168
12018071504062015101329077023805321920340171169
12018071504062015101402065016904811610320167153
12018071504062015101582073521905161860330179151
12018071504062015101671075021705331900343180163
12018071504062015101856056515804071480259127132
12018071504062015102411062916304661560310152158
12018071504062015102782056514804171380279143136
12018071504062015103015057815604221450277139138
12018071504062015103224076122705341880346181165
12018071504062015103980076522705381900348179169
12018071504062015104176056416104031450258135123
12018071504062015104184061315604571470310154156
12018071504062015104656078921905701970373187186
12018071504062015104942067418704871640323161162
12018071504062015104945060815504531580295150145
12018071504062015105038079022505651950370193177
12018071504062015105170072921405151840331180151
12018071504062015105558056915404151430272135137
12018071504062015105844079222905631960367188179
12018071504062016101143079722205751950380200180
12018071504062016104227059617104251480277142135
12018071504062016104613057716004171450272137135
12018071504062016104721077521705581940364186178
12018071504062016105176059016004301500280145135
12018071504062016105972069118105101710339172167
12018071504072013105937070519105141720342176166
12018071504072014101937060516604391540285145140
12018071504072014105471068120104801760304167137
12018071504072014105558057815604221430279145134
12018071504072015100531059515104441540290147143
12018071504072015100620071820105171750342169173
12018071504072015101327062417304511590292145147
12018071504072015101394056715104161460270143127
12018071504072015102390063417004641550309156153
12018071504072015102825065916604931560337168169
12018071504072015103360058915704321450287143144
12018071504072015103564069518305121760336173163
12018071504072015104883060816904391480291145146
12018071504072015104937065518804671680299151148
12018071504072015106089060316004431530290143147
12018071504072015106092065917504841710313161152
12018071504072015106387064118504561670289140149
12018071504072016100569070819505131820331167164
12018071504072016100618060716504421490293150143
12018071504072016101493059515604391520287145142
12018071504072016101733070118705141750339176163
12018071504072016104529055916103981460252133119
12018071504072016104590058815704311440287144143
12018071504072016106492072818705411840357177180
12018071504082011105889064417004741570317158159
12018071504082012104510070518305221700352170182
12018071504082013101874061516304521510301153148
12018071504082014103370067119504761660310156154
12018071504082015103177060915904501490301150151
12018071504082015104175068818105071770330168162
12018071504082015104199067218204901700320162158
12018071504082015110054066819304751650310156154
12018071504082016101286067318704861700316160156
12018071504082016104448060415404501510299148151
12018071504092012102006053015503751270248120128
12018071504092014103729068419404901710319164155
12018071504092015103249056015304071410266134132
12018071504092015104124068519604891710318161157
12018071504092016104531056015204081410267136131
12018071504102013105707057216204101410269131138
12018071504102015105026060415604481490299149150
12018071504102015105361069517205231660357173184
12018071504102016102410057216204101400270131139
12018071504112015101981069318205111630348168180
12018071504112015102817066117904821680314164150
12018071504112015102824070718705201740346171175
12018071504112016100854070921004991810318164154
12018071504112016101187056115004111400271138133
12018071504112016102305057016304071370270136134
12018071504112016106425057716604111500261135126
12018071504122011101479067519004851660319163156
12018071504122013102781070919405151800335169166
12018071504122014104304066918504841660318159159
12018071504122014106503074820405441840360183177
12018071504122015100188069015705331710362183179
12018071504122015100919068118005011640337166171
12018071504122015103772066817604921680324163161
12018071504122015105990065017404761590317160157
12018071504122016100414062617204541560298149149
12018071504122016101605070220005021730329162167
12018071504122016105303062719304341690265139126
12018071504132012103827058815904291480281143138
12018071504132013105192059716104361480288144144
12018071504132015100182065818604721730299158141
12018071504132015101665062716604611590302150152
12018071504132015104240065418904651560309153156
12018071504132015105639058316204211450276138138
12018071504132016100610079221105811930388198190
12018071504132016100615074020105391840355176179
12018071504142013100379056916204071430264134130
12018071504142013105631065218804641630301152149
12018071504142014102777056414604181400278138140
12018071504142015100443064918104681580310157153
12018071504142015100949060617104351500285143142
12018071504142015103160058216004221440278143135
12018071504142015103229066917104981680330166164
12018071504142015105561068818105071740333166167
12018071504142016100251068918405051720333167166
12018071504142016101430069618305131710342172170
12018071504142016102048063217704551600295150145
12018071504142016102143070319005131740339168171
12018071504142016102600063217504571580299151148
12018071504142016105878071418305311780353177176
12018071504152015104171063817804601550305149156
12018071504162014100160064117704641610303152151
12018071504162015100803060318504181610257133124
12018071504162015103981060818504231630260133127
12018071504162015105083057315804151410274139135
12018071504162016105875058815504331620271143128
12018071504172011101837056415604081400268133135
12018071504172012105612069618505111780333166167
12018071504172014100587058015904211460275137138
12018071504172014102625056015304071400267132135
12018071504172014103208067517904961560340165175
12018071504172014106210064417304711600311157154
12018071504172015100618059016304271450282140142
12018071504172015103216053815103871330254126128
12018071504172016102160064517404711610310151159
12018071504172016109099070118905121750337166171
12018071504182014105369057815404241430281144137
12018071504182014106037059615704391430296146150
12018071504182014106113057615604201370283136147
12018071504182014110010065017604741660308157151
12018071504182015100630057717004071420265136129
12018071504182015101871058215204301460284152132
12018071504182015102479056916604031430260133127
12018071504182015103767060717104361490287147140
12018071504182016100235061017204381500288147141
12018071504192007106312065918004791630316163153
12018071504192014105662057015204181490269142127
12018071504192015101329056415104131490264140124
12018071504192015102268064618504611610300158142
12018071504192015103224056415404101410269137132
12018071504192016102726059216604261490277139138
12018071504202012104929058117004111520259135124
12018071504202013106218059516604291590270142128
12018071504202014101062061717104461590287147140
12018071504202015101582055616303931400253127126
12018071504202015101671055616603901400250126124
12018071504202015103980058017004101510259135124
12018071504202015104656059217104211530268138130
12018071504202015105170058816304251610264140124
12018071504202016103464064919204571710286140146
12018071504202016103861064719104561710285140145
12018071504202016104721059117104201530267137130
12018071504212013105756058616504211550266141125
12018071504212015104739074619305531860367187180
12018071504212015105038057816704111500261137124
12018071504212015105565069217405181740344178166
12018071504212016101143057816704111500261136125
12018071504222012104510070317305301730357176181
12018071504222012105582068218504971720325160165
12018071504222014110089052914603831310252126126
12018071504222015100922062915904701580312155157
12018071504222016101260067717904981740324162162
12018071504232012102956068618704991730326165161
12018071504232013103443061417404401500290143147
12018071504232015102444063215404781580320162158
12018071504232015103625070218405181690349180169
12018071504232016104429058516904161480268140128
12018071504242012100936071320105121790333170163
12018071504242015102869072320705161830333169164
12018071504242015103368060415804461510295149146
12018071504242015105679067319004831660317161156
12018071504242016105414059315504381530285143142
12018071504242016106049060615704491520297147150
12018071504252012100849061216804441560288143145
12018071504252013104027065416104931560337164173
12018071504252014100591069017305171710346175171
12018071504252014100595068519204931800313157156
12018071504252014103866068817405141740340171169
12018071504252015100141058215804241480276138138
12018071504252015104492057516004151420273138135
12018071504252015105007057415204221500272141131
12018071504252015105384074319405491850364177187
12018071504252015106315058915704321450287140147
12018071504252015106375059516104341460288149139
12018071504252016100201060716004471560291150141
12018071504252016100586070819605121750337162175
12018071504252016106581070518905161720344172172
12018071504262011102525078122105601940366189177
12018071504262013102041060416904351540281143138
12018071504262014101392059017104191490270139131
12018071504262014102453060816204461540292145147
12018071504262015103563068819104971650332164168
12018071504262016100433067217105011680333173160
12018071504262016101147067817505031680335176159
12018071504262016104759066616904971690328162166
12018071504272011100296070718705201780342176166
12018071504272011101761070219305091790330166164
12018071504272011103348059217004221450277140137
12018071504272013105845071821405041810323164159
12018071504272015106187065920104581760282147135
12018071504272016103138064117704641660298157141
12018071504272016104587067017504951760319163156
12018071504282013100998076420805561950361185176
12018071504282015101364064517504701680302155147
12018071504282015101453064916804811590322163159
12018071504282015101829057415704171380279140139
12018071504282016101619053514803871290258125133
12018071504292015103610065816904891650324163161
12018071504302011100740057115504161490267135132
12018071504302014105681063617504611580303155148
12018071504302015101755061817204461560290151139
12018071504302015104560064816804801570323161162
12018071504302016103531061017304371590278145133
12018071504302016104298058615604301500280144136
12018071504302016104458061515404611490312157155
12018071504302016104834061415604581470311157154
12018071504312014100428072919105381800358181177
12018071504312014103833065617004861610325160165
12018071504312015101549058115104301440286144142
12018071504312016102731071618405321790353181172
12018071504312016104404065717604811630318161157
12018071504312016105579065417204821630319162157
12018071504322013104780057616204141430271139132
12018071504322014105720067318904841670317163154
12018071504322015104692058716204251470278134144
12018071504322015105032061315804551490306150156
12018071504322016100471066917804911590332163169
12018071504322016101207060017104291500279137142
12018071504322016101674059219004021520250128122
12018071504322016106230057416004141440270139131
12018071504332014104735067117804931750318165153
12018071504332014105641059117204191520267136131
12018071504332015100976059115504361480288144144
12018071504332015101663059616804281540274144130
12018071504332015102534063217504571630294151143
12018071504332015105666066917204971620335163172
12018071504332016103962067717705001720328167161
12018071504332016103971068018104991710328167161
12018071504342011100590062316504581540304150154
12018071504342016103296069518205131710342173169
12018071504342016104306068317205111730338168170
12018071504352012104882057215704151450270137133
12018071504352015104880059516504301500280142138
12018071504352015104901065617104851620323160163
12018071504352016102133064117504661560310155155
12018071504352016102449057015204181420276136140
12018071504352016102653064017904611660295149146
12018071504352016103892064117504661610305150155
12018071504352016109097058416004241460278140138
12018071504362015100315060117104301550275146129
12018071504362015104777055615404021380264131133
12018071504362015105282068917605131650348170178
12018071504362016104485068917605131730340171169
12018071504372016100410073319105421820360179181
12018071504372016104033072718705401790361179182
12018071504382014103981068018504951690326164162
12018071504402013103292059116804231520271141130
12018071504422012101723061117904321510281145136
12018071504442013105727066117904821630319162157
12018071504442015102505067317904941700324164160
12018071504442015104493067418704871710316154162
12018071504442016101402067217404981680330166164
12018071504442016102742066817004981680330167163
12018071504442016102866067518304921680324159165
12018071504442016104554068117305081690339169170
12018071504442016106429067219004821680314158156
12018071504452015103245079520205931950398198200
12018071504452016106400075419905551820373184189
12018071504452016106500063516904661600306158148
12018071504462012104696073118905421880354187167
12018071504462012105451060517104341550279142137
12018071504462013102825060417604281470281138143
12018071504462013104496059018404061530253128125
12018071504462014102698067018304871700317156161
12018071504462016105850068017805021710331168163
12018071504472015103046067817805001680332165167
12018071504482013105044058515704281460282139143
12018071504482016100677057115704141430271138133
12018071504482016104412066917904901710319166153
12018071504492014105172067418904851710314161153
12018071504492015104146063815904791620317158159
12018071504502014103040072622804981760322167155
12018071504502015104355061517104441480296147149
12018071504512014103732055614704091380271130141
12018071504512015105015059115704341450289147142
12018071504512016103043073118805431790364183181
12018071504522013101671060217804241640260127133
12018071504532012103663069819105071700337175162
12018071504532014101318059418204121550257130127
12018071504532015103124055116003911390252127125
12018071504532015104821059515704381490289148141
12018071504532015105141059416804261670259133126
12018071504532016101344059215804341480286144142
12018071504532016101718059116204291520277144133
12018071504532016109100067418404901720318161157
12018071504542014101342064218604561680288159129
12018071504542015103364063016304671540313154159
12018071504542015105721069320104921720320163157
12018071504552015100891082421406102030407203204
12018071504562014105048070919005191870332173159
12018071504562015103946068718405031750328163165
12018071504572012103076058415404301520278146132
12018071504572014100616067317804951650330167163
12018071504572015103221064217004721510321154167
12018071504572015104333065816804901590331165166
12018071504572015104989075019905511910360187173
12018071504572016100309062915804711580313158155
12018071504572016104606060915804511550296150146
12018071504592012104388065818004781640314157157
12018071504592012105503066017404861530333161172
12018071504592015105299061515504601500310152158
12018071504592016104455064817604721500322154168
12018071505002012106377057015304171370280138142
12018071505002015102094069217705151700345170175
12018071505002015102140055814904091430266133133
12018071505002016104838060416504391560283136147
12018071505002016105273060416504391550284138146
12018071505022015100978053415303811300251121130
12018071505022016102543060415604481500298143155
12018071505022016109117060415604481470301145156
12018071505032015101826067217704951670328167161
12018071505032015103116057015204181420276141135
12018071505042012103286056417503891370252127125
12018071505042012105506069319904941790315169146
12018071505042014103468061015504551450310156154
12018071505042015102840057916704121460266134132
12018071505042016103111057216004121460266135131
12018071505052013105748058115004311450286144142
12018071505052014103795067517305021670335168167
12018071505052016100435058216304191500269137132
12018071505062013100211061516804471530294146148
12018071505062015102499067017005001670333172161
12018071505062015103340060715404531510302152150
12018071505062015104483061115704541490305154151
12018071505072015100891070618305231750348173175
12018071505082013101042071118705241780346178168
12018071505092013104743070420005041710333167166
12018071505102013100511064617804681610307153154
12018071505112014100510057315804151440271144127
12018071505142015103011059416504291430286140146
12018071505142016103612060418004241670257132125
12018071505142016105368060015604441490295151144
12018071505152016100634059715304441500294148146
12018071505162012101282068218604961680328166162
12018071505162014106117064417304711560315155160
12018071505162015100651076119405671920375197178
12018071505162016100214067616305131610352169183
12018071505172014101919063917804611600301150151
12018071505172014106529058214704351460289144145
12018071505172015104658067618504911690322164158
12018071505172015104975058914604431430300153147
12018071505172015106167068718105061670339170169
12018071505172016101122068517905061690337168169
12018071505172016101214068118204991670332164168
12018071505182014100907072420005241740350177173
12018071505182014101148059514704481450303148155
12018071505182014104401059315204411480293145148
12018071505192015102236054715003971370260130130
12018071505192015103109062917104581600298145153
12018071505192015103309054615003961370259129130
12018071505192016100507068316705161610355169186
12018071505192016100817067816805101590351169182
12018071505202012100245068519204931660327165162
12018071505212016104514069219604961750321168153
12018071505212016106065067818304951750320166154
12018071505212016106240062716504621560306155151
12018071505222012102034057016404061490257131126
12018071505222013105554058316104221440278139139
12018071505222015100134057914304361530283142141
12018071505222015103101062317804451500295144151
12018071505222015105814065418004741660308154154
12018071505222015106166064216404781590319160159
12018071505232015105061061316004531510302156146
12018071505242015101518056215204101430267133134
12018071505242016101085056515404111440267133134
12018071505252012104463054615203941370257127130
12018071505252013102547061515504601590301156145
12018071505252013104161058615604301460284140144
12018071505262014105417055015603941430251128123
12018071505262015100616064117104701580312157155
12018071505262016101613064117004711590312158154
12018071505262016102763074019705431780365183182
12018071505272015105786059917204271550272144128
12018071505272016106496061017604341570277143134
12018071505282016100636057716504121520260129131
12018071505282016102872057616504111520259128131
12018071505292014105389067417704971630334164170
12018071505292015100602064516504801610319161158
12018071505302016106308072419105331810352174178
12018071505312011104243065020004501800270143127
12018071505312014100671059215504371550282143139
12018071505312015105395066017604841710313163150
12018071505322015103587054115403871330254126128
12018071505342015100125056214604161410275142133
12018071505342016106302069118205091680341171170
12018071505362016106138060116004411540287142145
12018071505382015103344058516104241490275140135
12018071505382015103584058616004261510275140135
12018071505392015101561059516304321440288142146
12018071505392015103339059315304401530287146141
12018071505392016100594059515204431510292147145
12018071505402012100912059916004391490290147143
12018071505402012101505059715404431530290145145
12018071505402012104423063117104601560304154150
12018071505402013105539059615904371500287149138
12018071505402013106235055014404061360270136134
12018071505402015100589058015604241360288141147
12018071505402015105458071819905191810338171167
12018071505402016100948069919205071730334172162
12018071505412013102515060116004411440297144153
12018071505412014105058057515504201430277138139
12018071505462014102155059415504391480291147144
12018071505472013104508076219205701930377188189
12018071505522015102355060018004201530267137130
12018071505532013105387055915104081410267134133
12018071505532015104469059518004151590256127129
12018071505532015105944070818805201870333175158
12018071505542014102092061216704451570288142146
12018071505542014103896069217305191740345174171
12018071505542014106049066618304831620321160161
12018071505542015105027065517404811650316158158
12018071505542016104785071018005301710359181178
12018071505542016105946069917905201770343176167
12018071505542016106504069917905201760344177167
12018071505552016106075063616604701550315155160
12018071505562015103026061614604701580312156156
12018071505572014101129063516804671590308154154
12018071505572015106156058815304351530282140142
12018071505592013104469070119205091730336164172
12018071505592015103151072119705241760348171177
12018071505592015104694071421105031730330171159
12018071505592016104745072719605311760355174181
12018071506012016102380061017304371480289150139
12018071506012016103316058115704241470277142135
12018071506012016104272061417304411490292152140
12018071506012016109023065918404751670308153155
12018071506012016110024058215804241470277142135
12018071506022016101244067516805071610346167179
12018071506042015100851067819004881700318160158
12018071506062012103486072919105381850353180173
12018071506062013106188056614204241380286140146
12018071506072014106049061517304421520290150140
12018071506072015103547060415404501480302153149
12018071506072016102605058715804291470282140142
12018071506072016104785065317304801610319159160
12018071506072016106122061616104551610294151143
12018071506082015106009060216204401580282143139
12018071506092015104655067918304961680328164164
12018071506092016100733058215304291470282140142
12018071506092016109131059415504391450294145149
12018071506092016109133059515604391460293145148
12018071506102012101393066018404761680308153155
12018071506112014104419057014804221440278135143
12018071506122013104469067718904881720316162154
12018071506122015103151056316104021470255133122
12018071506122015104694072320505181890329169160
12018071506122015110018063716504721550317155162
12018071506122016104745056416004041480256134122
12018071506142015100772069521004851690316159157
12018071506152015101012064016304771620315161154
12018071506152015104704059416104331460287145142
12018071506152015104967058915804311400291145146
12018071506152015106197064516604791580321158163
12018071506162015110106066817704911590332162170
12018071506172012101483059316204311470284143141
12018071506172016104797060016104391540285146139
12018071506182014101349063717604611640297154143
12018071506182015102186065917304861630323163160
12018071506182015102566056514904161350281143138
12018071506182015106298066917604931650328166162
12018071506182016101744056715004171350282142140
12018071506182016103542066219504671700297154143
12018071506192012100683064217304691640305156149
12018071506192012101461057115504161420274133141
12018071506192016103465065717604811630318164154
12018071506202014102088059415104431480295149146
12018071506202014102878060115604451500295145150
12018071506202014105221056414304211360285142143
12018071506202015101962064817104771610316158158
12018071506202015104689060015204481510297145152
12018071506202016104840060815704511530298151147
12018071506212011105439055115104001460254128126
12018071506212012101685060417104331520281140141
12018071506212014103000064316804751600315155160
12018071506212015104512065917504841690315165150
12018071506212015105752065617604801630317160157
12018071506212016100619060215504471490298147151
12018071506212016104413065917704821680314157157
12018071506212016104416060215504471490298147151
12018071506212016104637060315604471490298147151
12018071506222014100910057115604151400275135140
12018071506222014105472058415904251440281142139
12018071506222016104615073219205401800360179181
12018071506222016105522068718705001760324160164
12018071506232014104841057616204141430271137134
12018071506232016102668062217204501610289145144
12018071506232016106007062317204511610290144146
12018071506232016106038068216305191650354179175
12018071506242013104987060215404481490299148151
12018071506242014103601056714904181440274141133
12018071506242014104437059616004361540282142140
12018071506242015102076068218304991660333172161
12018071506242015103457068518505001740326172154
12018071506242016102633069118205091720337173164
12018071506242016106058059714904481470301154147
12018071506242016106132056116703941470247123124
12018071506242016109102060216604361510285146139
12018071506252015102604060017604241500274137137
12018071506262015100628056515604091370272139133
12018071506262015100908064917004791680311157154
12018071506262015110031056315904041420262135127
12018071506262016100511072617605501770373192181
12018071506272011103940057616304131440269135134
12018071506272014101563065318204711710300160140
12018071506272015100226064017004701660304152152
12018071506272015103790057215604161410275138137
12018071506272016104442058916604231490274140134
12018071506272016104629066917604931710322165157
12018071506272016104855067117704941710323165158
12018071506272016104995064117204691600309156153
12018071506292014102133073319705361790357176181
12018071506292014106179065518604691650304151153
12018071506292015101352072718805391890350177173
12018071506292016102163058314804351430292150142
12018071506302012101150065718004771700307153154
12018071506302013105898065018604641640300146154
12018071506302014103798067419004841730311159152
12018071506302015103057056715904081500258133125
12018071506302015103226057016004101470263139124
12018071506302015103298057715504221540268134134
12018071506302015103342057715404231550268135133
12018071506302016105026067117005011700331165166
12018071506312013104814057415704171430274136138
12018071506312013106245063917104681670301159142
12018071506312014101285056415404101470263134129
12018071506312014105598064519804471640283144139
12018071506312016101242070418405201700350173177
12018071506312016103214069519804971790318161157
12018071506312016104487066119604651700295150145
12018071506312016104787074319405491840365186179
12018071506312016104971074819805501840366186180
12018071506322014101161062216604561580298142156
12018071506322014104110062116104601370323151172
12018071506322015102137067118204891720317157160
12018071506492009106351067818904891730316160156
12018071506492015102187055916003991400259132127
12018071506492015104914055216403881360252125127
12018071506492015105830055115303981450253128125
12018071506492016100964052814103871370250128122
12018071506492016106420060215204501530297144153
12018071506492016106450054514404011300271133138
12018071506502011102236055914904101430267139128
12018071506502011105849055215104011400261130131
12018071506502012104926056615504111370274135139
12018071506502014101417067616205141710343174169
12018071506502015101862068917605131660347173174
12018071506502015103567061016304471440303146157
12018071506502015103678066617204941670327164163
12018071506502015106335054915403951330262126136
12018071506512014100820059117004211460275139136
12018071506512014104329059014504451520293147146
12018071506512014105897062917004591650294144150
12018071506512014106335056616404021420260131129
12018071506512015100519057815304251470278141137
12018071506512015102375065518004751620313159154
12018071506512015103865059515804371550282139143
12018071506512015105931059715904381490289142147
12018071506512016100097059215204401450295147148
12018071506512016100714057915204271480279143136
12018071506512016101374071618705291790350179171
12018071506512016103321055915504041410263132131
12018071506512016104424058315904241410283137146
12018071506512016106017059215204401470293145148
12018071506512016106119068217705051710334166168
12018071506522011103132050512803771250252122130
12018071506522013100731065518204731640309156153
12018071506522013105511058315404291470282143139
12018071506522014102249058316604171470270137133
12018071506522014102689050512803771250252124128
12018071506522014106289062816804601570303156147
12018071506522015101576066518404811690312160152
12018071506522015101836054314703961390257130127
12018071506522015104082060515304521530299145154
12018071506522015104168067218404881790309157152
12018071506522015104411062516804571560301151150
12018071506522015104530054614104051340271139132
12018071506522015104638067317904941800314164150
12018071506522015104788063716304741650309158151
12018071506522015104985063016304671570310152158
12018071506522015105464063516804671650302156146
12018071506522015105537057115004211430278139139
12018071506522015110006055615204041410263133130
12018071506522016101466063016504651540311153158
12018071506522016101771062017004501590291146145
12018071506522016105300056216104011390262131131
12018071506532013100591059815004481490299150149
12018071506532015100068067018704831620321160161
12018071506532015101631056415004141440270142128
12018071506532015102219056814504231510272137135
12018071506532015103048056015104091400269131138
12018071506532015103857056415004141430271144127
12018071506532015104875063316404691580311156155
12018071506532015105788064917704721650307158149
12018071506532016101400056115004111410270133137
12018071506532016102570058615404321490283142141
12018071506532016103085069918705121720340174166
12018071506532016103878057914804311470284142142
12018071506542013103153058415804261490277136141
12018071506542014103848058614604401570283143140
12018071506542014105848065517704781580320156164
12018071506542014106052065618604701600310156154
12018071506542015100218055814804101410269136133
12018071506542015100507062515704681430325166159
12018071506542015100603057214904231460277141136
12018071506542015100632054714604011330268134134
12018071506542015101813054814804001340266130136
12018071506552013106313065816204961630333168165
12018071506552014101924057016204081520256133123
12018071506552014103884065016804821590323152171
12018071506552015102281059016404261420284140144
12018071506552015104772058715204351410294144150
12018071506552015105460072218805341780356180176
12018071506552015105487064516704781590319158161
12018071506552015105715065517704781610317159158
12018071506552016102222059915704421440298149149
12018071506552016104591066017704831630320157163
12018071506552016105867067018004901650325163162
12018071506552016110119070420105031810322164158
12018071506562014104316056715704101440266139127
12018071506562015102996059115004411460295145150
12018071506572015100201057615804181470271136135
12018071506572015102856059516604291480281146135
12018071506572015103024057415304211370284138146
12018071506572015103524061116904421500292142150
12018071506572015103953056915004191400279138141
12018071506582013101667056215304091440265133132
12018071506582015101987059516304321470285142143
12018071506582016103460056914604231500273140133
12018071506582016104445057014604241520272139133
12018071506582016109019059716004371470290141149
12018071506592014104410059717904181620256134122
12018071506592015100597056416603981530245125120
12018071506592015105186055115403971390258131127
12018071506592015110016061416004541540300150150
12018071506592016100272062216604561540302151151
12018071506592016100510056714904181470271137134
12018071506592016101951057615704191470272139133
12018071506592016104207058015504251470278140138
12018071506592016106234063215804741610313159154
12018071506592016110001058015604241470277140137
12018071507002013100339058616104251460279142137
12018071507002013101400054114903921270265127138
12018071507002014100116057916004191460273133140
12018071507002015100515059916004391490290147143
12018071507002015101988059914804511490302149153
12018071507002015105261059315704361460290142148
12018071507012015104938058816204261430283140143
12018071507012015105357057615304231370286139147
12018071507012015105952073419205421860356183173
12018071507012016104221060516404411520289145144
12018071507012016105856059316804251440281146135
12018071507012016105873068518804971620335166169
12018071507012016106329074518705581900368185183
12018071507022009106351064817804701600310156154
12018071507022014103034058415404301480282147135
12018071507022015100566067616905071780329163166
12018071507022015103155055314104121350277137140
12018071507022016101646063016404661610305152153
12018071507022016101722062716404631620301151150
12018071507022016102214058915704321480284143141
12018071507022016104393058315104321470285142143
12018071507022016104708056015404061450261135126
12018071507022016104827055315004031430260136124
12018071507022016109098059015804321500282141141
12018071507032014105621057416204121370275135140
12018071507032015102095062817304551500305150155
12018071507042013100594058615904271440283142141
12018071507042014110041061116004511600291148143
12018071507052012104724057615204241460278141137
12018071507052013105487059714904481530295150145
12018071507052014100976057415104231530270142128
12018071507052015104588057715104261470279140139
12018071507052015105912063117004611600301151150
12018071507052015106421060415404501540296150146
12018071507052016101374071317905341800354176178
12018071507052016102972059816504331490284148136
12018071507062012101673060717104361500286146140
12018071507062015110096066916305061680338173165
12018071507062016105198063316204711630308150158
12018071507062016105202060515204531500303147156
12018071507062016105230063216204701620308151157
12018071507072016101279065816404941570337164173
12018071507072016104257068918405051720333167166
12018071507072016104767069818505131760337169168
12018071507102013104702061217404381530285142143
12018071507102016103459058215104311390292142150
12018071507122012102052066018004801640316157159
12018071507122016105885066216804941660328161167
12018071507142014102563057415404201470273137136
12018071507142014104021051813803801230257124133
12018071507152011101542055515903961460250124126
12018071507152012101890064116504761600316158158
12018071507152015102448066017904811650316159157
12018071507152015102929057915704221440278138140
12018071507152015103773058615504311410290142148
12018071507152016100546068417905051720333167166
12018071507152016105772068618105051720333167166
12018071507152016105785059516304321560276142134
12018071507152016106118063916204771640313161152
12018071507152016106131059616504311550276142134
12018071507212012103296058916404251460279137142
12018071507212015105667057617404021480254125129
12018071507222011103862058915604331490284147137
12018071507222015103279054514703981330265132133
12018071507222015105983058616104251470278141137
12018071507242014103977061916804511510300147153
12018071507272015105480063815104871570330161169
12018071507282014104332064917604731640309157152
12018071507282015101526058015504251460279139140
12018071507292013106011057016204081390269134135
12018071507292015106030059616304331490284143141
12018071507322015104507061016604441470297150147
12018071507322016102895064516904761570319158161
12018071507352013110017063019004401550285139146
12018071507362015106193071518605291770352174178
12018071507372015102165057415504191370282138144
12018071507382013106472067117304981740324167157
12018071507472014102122060115704441500294148146
12018071507502016100012057915004291450284140144
12018071507502016101746066615705091620347172175
12018071507542013110013055414704071400267135132
12018071507542015103336058116104201470273145128
12018071507562013106162059916904301530277134143
12018071507562015102498059615704391510288142146
12018071508292012103494057515404211460275136139
12018071508302015103354057415804161410275137138
