02007092005592003103615067415805161630353172181
02007092006002000100129078319505881900398193205
02007092006002001100473080419706071960411207204
02007092006002001101840060615804481470301148153
02007092006002002109421072418905351840351179172
02007092006002003110076081720906082050403201202
02007092006002004102236070417005341730361180181
02007092006002004103382070417305311700361180181
02007092006002004105811081220506071920415198217
02007092006002004106404069017805121620350166184
02007092006002005101006071117505361750361178183
02007092006002005103548071117705341720362177185
02007092006002005105522074018805521890363177186
02007092006002005105526074118505561920364183181
02007092006002005105941071718305341760358175183
02007092006012002102924079820605921940398196202
02007092006012002104665062700000000000317156161
02007092006012002110081076719805691890380192188
02007092006012002110198084221306292030426207219
02007092006012002110256073718205551830372182190
02007092006012003110122000000000000000000190000
02007092006012004103274066916505041660338170168
02007092006012004104602080921605931990394202192
02007092006012004105471070300000000000356177179
02007092006012004105638082921506142050409206203
02007092006012004106053080821605921960396202194
02007092006012004110203072918805411750366186180
02007092006012004110218071318205311730358178180
02007092006012005101798068618804981700328163165
02007092006012005104476068618804981700328162166
02007092006012005105154075220105511790372190182
02007092006012005105428073618105551770378187191
02007092006012005105570075119705541840370186184
02007092006012005105943074918705621830379185194
02007092006012005106519071717105461740372189183
02007092006012005109247074819805501810369179190
02007092006022001102352073418805461830363184179
02007092006022002101003071718805291730356170186
02007092006022003102358073719905381860352172180
02007092006022003102987076320305601870373183190
02007092006022004100376071719005271750352171181
02007092006022004100875069417605181690349175174
02007092006022004101480066917104981620336165171
02007092006022004103244069416905251750350176174
02007092006022004103829074220805341830351177174
02007092006022004104120069118405071670340169171
02007092006022004106786071918705321770355178177
02007092006022005100138071518105341780356178178
02007092006022005100744071718805291770352173179
02007092006022005101259070117305281730355175180
02007092006022005102236073819705411880353174179
02007092006022005104680000000005281680360176184
02007092006022005105006072718205451850360180180
02007092006032000101205094925106982340464232232
02007092006032002100534072218505371820355177178
02007092006032002101351080820506031970406202204
02007092006032002102863091725506622250437216221
02007092006032003102078083021306172030414208206
02007092006032003102847084622406222080414210204
02007092006032004100185094625206942340460000000
02007092006032004102915074420505391850354180174
02007092006032004105487082221206102050405205200
02007092006032005103538073718605511860365181184
02007092006032005105345073518905461800366185181
02007092006042002107086105126207892600529253276
02007092006042003103797069418105131680345170175
02007092006042004103458067016905011620339166173
02007092006042004103784090423906652230442220222
02007092006042005101671071719605211750346176170
02007092006042005103083070318305201690351178173
02007092006062004105501067617704991680331169162
02007092006062005104528076020405561800376189187
02007092006072002100488049711903781150263123140
02007092006072002104938066517104941670327165162
02007092006072003102486049311803751160259122137
02007092006072004109256068916705221690353175178
02007092006072005100165071916605531790374185189
02007092006072005100962068716905181650353176177
02007092006081999107518071519205231800343179164
02007092006082004100176073717805591800379192187
02007092006082004104022066717504921640328161167
02007092006082005100081068517005151670348172176
02007092006082005101177074319905441780366179187
02007092006082005101306073118405471860361180181
02007092006082005101743083521406212010420210210
02007092006082005103736071518805271790348182166
02007092006082005105112074419905451790366178188
02007092006082005105601071918505341820352179173
02007092006082005106862072919205371800357181176
02007092006092005106953066216804941670327163164
02007092006092005109315066616704991660333164169
02007092006102005101313073418705471840363185178
02007092006102005103647073418705471840363185178
02007092006112004101006052714003871270260125135
02007092006112005100611054014203981290269127142
02007092006122003101272072217605461750371181190
02007092006122003102622084520506401980442215227
02007092006122004103200085021406362010435211224
02007092006122005109074100426107432510492246246
02007092006132003102263081819606221980424204220
02007092006132004105811072518505401720368179189
02007092006132004110218053613903971330264131133
02007092006132005105522068117505061700336171165
02007092006132005105526069617805181680350173177
02007092006141999105351075919505641960368186182
02007092006142002102924071817705411780363182181
02007092006142004110203052114603751310244121123
02007092006142005106726079321205811970384192192
02007092006152002110081068217005121730339170169
02007092006152003102078000014000001280000119000
02007092006152003106793000000000000000445000000
02007092006152004101547054314603971370260129131
02007092006152004105487051013003801220258124134
02007092006152005100138051513103841220262124138
02007092006152005102378074318405591730386189197
02007092006152005104476070418205221750347178169
02007092006152005105943080320605972050392204188
02007092006162002104020069417405201690351177174
02007092006162004105638073318505481830365184181
02007092006162005100375084521006352080427216211
02007092006162005100528070417205321720360179181
02007092006162005100742068317605071680339166173
02007092006162005101310068417405101660344166178
02007092006162005102947068717605111700341164177
02007092006162005104799070917305361710365182183
02007092006162005105006068517805071710336171165
02007092006171998104034059115504361480288146142
02007092006172001102352054714604011320269131138
02007092006172002106491079120605852010384200184
02007092006172002107108074000000000000370186184
02007092006172003102987079219805942000394205189
02007092006172004101480064316204811570324168156
02007092006172004106503077820105771880389189200
02007092006172004106786053214903831380245124121
02007092006172005101303062400000000000000000154
02007092006172005102558082820906191980421207214
02007092006172005109247062016304571500307154153
02007092006182002100534052314703761250251124127
02007092006182002102863072220305191780341171170
02007092006182002103925071017505351740361172189
02007092006182003100567054314503981370261133128
02007092006182003101406070015805420000000000189
02007092006182003102847000020600002010000200000
02007092006182003103546066818504831540329140189
02007092006182003103797065416604881610327163164
02007092006182004103458065416804861620324160164
02007092006182004103829052513903861330253127126
02007092006182004104602058915804311470284144140
02007092006182005101062071317905341680366177189
02007092006182005101223117232808442890555286269
02007092006182005103967054414503991380261132129
02007092006192004102915069217905131730340170170
02007092006212005102013000018200000000000000000
02007092006212005103603064516604791580321156165
02007092006222001110257064917404751620313155158
02007092006222002109276062616104651510314150164
02007092006222003104568071116605451700375179196
02007092006222004105501053614003961320264132132
02007092006222005103619063016104691500319151168
02007092006222005104432062816304651500315154161
02007092006222005104528060915804511500301148153
02007092006222005110152063216304691510318152166
02007092006232004103438052515103741290245121124
02007092006241999107518067018104891660323164159
02007092006242000103165000020200002000000197000
02007092006242004109256066417404901650325162163
02007092006242004110242067717804991670332166166
02007092006242005100962000000000000000000000000
02007092006242005101177063216504671570310156154
02007092006242005103736065917504841660318160158
02007092006242005105112063116704641570307155152
02007092006242005106862066917604931680325162163
02007092006242005109054064317504681680300152148
02007092006252003102263060317704261470279141138
02007092006252003102622059516804271430284140144
02007092006252004102344081123405772100367189178
02007092006252004103200062019004301440286139147
02007092006272004101415083522006152080407203204
02007092006302005100136079019305971850412192220
02007092006302005100375081821106072050402202200
02007092006302005102558089721906782150463224239
02007092006322004100366067318404891720317162155
02007092006322004104679066418204821690313161152
02007092006322005102868066118704741610313159154
02007092006332003104568069316605271700357175182
02007092006332004106503069217405181660352170182
02007092006332005100903073019605341850349173176
02007092006332005101020072718705401780362178184
02007092006332005103785069817505231680355172183
02007092006332005104950072618705391770362179183
02007092006342003109431077420605681930375194181
02007092006342004109133077521305621910371192179
02007092006342005100823081821306051950410204206
02007092006342005106142076720705601920368190178
02007092006351999101671078620105851860399196203
02007092006352005102013055817603821340248128120
02007092006352005106755073218005521840368184184
02007092006362004110041082820506232000423212211
02007092006382003102263053016903611210240116124
02007092006382003102622054118003611200241116125
02007092006382004103200055519703581200238116122
02007092006382005100804067518004951660329165164
02007092006382005103684067618004961660330166164
02007092006392002100866064216204801550325157168
02007092006392002105517072518405411750366182184
02007092006392005102192063017504551520303150153
02007092006392005102631078222505571990358181177
02007092006412001102124065817504831670316158158
02007092006422004104317067916905101680342171171
02007092006442005100769072118805331760357179178
02007092006442005103055072218805341770357179178
02007092006452001106640074620505411850356179177
02007092006452003102167083321206212030418202216
02007092006452004106668069117905121790333167166
02007092006452005104354071017305371720365179186
02007092006462003102521061615704591510308155153
02007092006462003102656057516004151460269142127
02007092006462005100100067916805111670344170174
02007092006462005100358067716605111660345168177
02007092006462005102397074219505471820365182183
02007092006472004109133073117305581840374185189
02007092006472005103785055615504011370264133131
02007092006472005110078071817605421690373187186
02007092006481999101671076419005741870387187200
02007092006512005102631073521505201880332173159
02007092006522003102462074719405531900363186177
02007092006522005102192056016203981350263132131
02007092006532004107268069218605061730333169164
02007092006542002100255070819005181760342171171
02007092006542005103246072522505001770323163160
02007092006552001102124061616404521620290150140
02007092006552005104446080423105731920381189192
02007092006562002106023080520705981980400196204
02007092006562003103337078119305881940394197197
02007092006562004102813080519906061890417203214
02007092006562005104607065720104561470309152157
02007092006582003103635061516304521550297150147
02007092006582004105485066516405011580343169174
02007092007002004103636071618205341810353181172
02007092007002005100091081123305782090369183186
02007092007002005103462083723206052130392198194
02007092007002005103616084123306082130395198197
02007092007002005110078065217204801610319158161
02007092007012000100593079119705941840410201209
02007092007012003104108090221806842140470230240
02007092007012004106613065817004881680320163157
02007092007012005104949064816504831640319162157
02007092007022002109439072918205471780369181188
02007092007022003102488069518105141750339164175
02007092007022004107285071217705351730362178184
02007092007022004109228069617905171670350170180
02007092007032001104938066800000000000320155165
02007092007032004100456090823006782270451229222
02007092007032005102397057417503991410258131127
02007092007242001109335053514503901280262127135
02007092007242002101848052214303791260253122131
02007092007252002100931054514304021340268133135
02007092007252004101566052214303791340245121124
02007092007252004102813062119904221460276138138
02007092007252004103636064716004871570330163167
02007092007252005100737054415603881350253130123
02007092007252005102155060518604191390280142138
02007092007252005103927054415603881350253130123
02007092007262002100451064717604711600311160151
02007092007262002106023061517704381450293146147
02007092007262003103337061219304191340285141144
02007092007272005101235067517604991670332164168
02007092007282002100255050113603651260239118121
02007092007282004103083071818905291770352174178
02007092007342000104065051513603791240255120135
02007092007342000110062051613603801230257120137
02007092007342004104596050413503691230246120126
02007092007342004104739068617605101650345169176
02007092007342005106985073819305451830362177185
02007092007372003105839058118403970000000000129
02007092007372005103819058118403971390258129129
02007092007382003105545061500000000000000000162
02007092007402002106023054616403821310251131120
02007092007402003103337053116603651240241120121
02007092007402004102813053817203661240242120122
02007092007402005102155055316503881410247123124
02007092007412004101544072819305351800355179176
02007092007412005100235071018705231730350177173
02007092007412005102980066916305061650341165176
02007092007412005105706071118705241740350175175
02007092007412005107087069817405241700354178176
02007092007442003102440089523306622210441218223
02007092007452004104959051613803781290249126123
02007092007472002100260059814804501370313137176
02007092007472004102332061915104680000000000176
02007092007482005103689075817605821810401193208
02007092007482005107080065015604941490345166179
02007092007531999100207073019005401810359178181
02007092007532002103791094024206982330465237228
02007092007532005100211082520906161940422209213
02007092007532005101095066918704821570325153172
02007092007532005200004080820806001930407201206
02007092008002005100180096324007232340489242247
02007092008012005103689073218105511810370181189
02007092008012005107080058416204221410281140141
02007092008022002100260062315304701450325154171
02007092008032004102851071117905321700362176186
02007092008042005103252069717805191670352170182
02007092008042005105999070118105201680352170182
02007092008062002103791091623906772250452235217
02007092008072003102729064515604891570332162170
02007092008072005101096073417805561720384189195
02007092008072005103726067016905011620339167172
02007092008082002104173072217905431790364181183
02007092008091999100207063716204751580317152165
02007092008102004107177061215604561490307155152
02007092008132004106928071018605241740350181169
02007092008132005103289067017005001600340161179
02007092008142004103675064516304821610321159162
02007092008142005101592064816304851610324160164
02007092008152003106173070017605241700354169185
02007092008172004109283103827907592500509257252
02007092008172005103943056015804021350267129138
02007092008192005103252069218205101720338171167
02007092008192005105999069217805141730341169172
02007092008202005106785070618505211720349181168
02007092008212003101228066117404871640323157166
02007092008212005103405071018105291720357175182
02007092008212005103718070418105231620361172189
02007092008212005105103080419506091930416213203
02007092008222003106824068517705081670341171170
02007092008222004106965069619405021740328165163
02007092008222005106738068119204891730316163153
02007092008232003106382089523206632160447215232
02007092008242001110193072119005311790352177175
02007092008432003101228050513703681260242121121
02007092008442003106824052814903791340245121124
02007092008442004109374080520206032000403202201
02007092008452001106171061215504571520305154151
02007092008452002100160068817605121660346166180
02007092008452002102320067115805131590354165189
02007092008452003103458069117505161690347173174
02007092008452003104677082721606112050406199207
02007092008452004102272068717305141690345168177
02007092008452004104512076419705671890378187191
02007092008462001106169096624407222290493239254
02007092008462003105620069617105251690356174182
02007092008462004104625067615305231710352175177
02007092008462004110066075119705541880366180186
02007092008462005100290070217205301690361176185
02007092008462005102037068617005161630353173180
02007092008462005104037077619605801910389193196
02007092008462005106320068616605201660354177177
02007092008472001100583056014604141600254134120
02007092008472002107625075619805581870371186185
02007092008482005101352083221606162170399201198
02007092008492003102464053415403801300250123127
02007092008492005101894053415303811310250123127
02007092008512000100455052313903841280256126130
02007092008512003100625071318505281790349174175
02007092008512003100971069918705121790333173160
02007092008512004102767071117705341700364175189
02007092008512004102833072119105301800350177173
02007092008512004104782078622005662060360180180
02007092008512005100097063416504691480321155166
02007092008512005105854065818004781640314156158
02007092008522004101186053014003901310259130129
02007092008522005101914067017104991670332173159
02007092008522005105285067017104991670332173159
02007092008532000102693064918004691570312159153
02007092008532004103112067516905061670339170169
02007092008542005100237068117605051670338171167
02007092008542005105643068117505061650341167174
02007092008542005106779068017505051650340169171
02007092008542005109101068017605041660338173165
02007092008552001105542054715203951350260131129
02007092008552004101248070217605261640362177185
02007092008552004101941066317104921550337167170
02007092008562005101663085522306322140418206212
02007092008562005106407085422206322140418206212
02007092008572000101633071318805251760349174175
02007092008582004105044051813203861270259126133
02007092008592004110066074218905531880365177188
02007092008592005102314083021206182080410213197
02007092008592005102364081521605992000399200199
02007092009002002104515071419405201760344168176
02007092009002002107625071317705361750361183178
02007092009002003105475089223206602060454227227
02007092009002003107141061516604491530296144152
02007092009002004104725069817705211740347173174
02007092009002005106073070718405231770346172174
02007092009012002100160062115404671500317157160
02007092009012003103369000000000000000000000000
02007092009012003103458067017204981620336169167
02007092009022003100625070518205231740349173176
02007092009022004104625069517905161720344171173
02007092009052005105898071518705281790349175174
02007092009072003100971070318505181750343173170
02007092009072004104782068518405011680333167166
02007092009092005100913077021105592050354180174
02007092009132005102314074619505511870364185179
02007092009132005102364074719505521880364186178
02007092009142003107141088625206342310403206197
02007092009162000107190079721305841990385196189
02007092009162004100721082521506102020408203205
02007092009172003102913075018805621860376191185
02007092009172005110183075017405761840392195197
02007092009182005105898070317605271720355176179
02007092009192004106082086422206422150427212215
02007092009212004103139067118404871650322152170
02007092009222005100913070018105191660353172181
02007092009232004105046069017305170000000000170
02007092009232005102461064216204801600320158162
02007092009282001102114071918805310000000000182
02007092009282004101938069116805231730350173177
02007092009282004105647066317104921720320160160
02007092009312000107190075720505521880364191173
02007092009312005100105088021906612130448221227
02007092009312005102028089622006762210455218237
02007092009312005102150086621006562090447216231
02007092009322001103388075119205591860373185188
02007092009322003102913066216704951660329164165
02007092009322005102211071118805231810342173169
02007092009342004106082081619906172020415207208
02007092009372005102461067017005001660334167167
02007092009382004105046068117505061720334172162
02007092009402005100671072317605471760371178193
02007092009412003102875084121806232000423207216
02007092009412005103743070818205261750351177174
02007092009412005105131070918205271750352178174
02007092009432004102259080420605981880410194216
02007092009432004106716077321705561880368180188
02007092009472004104907076019905611820379187192
02007092009502005100105066120404571560301149152
02007092009502005102028000020600000000000000000
02007092009502005102150086321906442120432217215
02007092009532004102958075419305611810380186194
02007092009542004106082082521206132060407205202
02007092010072000101532083822006182050413202211
02007092010072004102658071117805331720361180181
02007092010202000101532078720805791830396203193
02007092010342000101532080020705931970396196200
