02010100105592005100599069817405241660358171187
02010100106002003100752072718005471740373181192
02010100106002004101192070317305301720358175183
02010100106002006101447072718405431820361185176
02010100106002006105701072819305351820353176177
02010100106002007101986068617405121740338178160
02010100106002007104264068717505121670345173172
02010100106002007105645068617605101700340000000
02010100106002007105780069618105151740341169172
02010100106002007106595066217004921580334164170
02010100106002008101396073119105401800360179181
02010100106002008101705069518105141640350170180
02010100106002008102435070117405271700357180177
02010100106002008102556075119605551800375194181
02010100106002008103159069018005101680342170172
02010100106002008103848070519205131750338168170
02010100106002008104134068516305221730349176173
02010100106002008104378069517905161740342170172
02010100106002008105512074819005581880370190180
02010100106002008106461074819405541860368188180
02010100106002008200004070517805271730354182172
02010100106012005102441065216704851590326161165
02010100106012006103038070418105231720351175176
02010100106012006104461070818205261800346171175
02010100106012006105514074219905431790364184180
02010100106012007100285069517205231770346171175
02010100106012007101909070618005261720354176178
02010100106012007104884071518505301750355178177
02010100106012008100547072018105391750364181183
02010100106012008100676099424607482330515255260
02010100106012008100695075719905581810377186191
02010100106012008100778070617105351720363180183
02010100106012008100939070318005231740349175174
02010100106012008102730072018805321740358180178
02010100106012008103677071418005341800354178176
02010100106012008104965074318905541810373188185
02010100106012008105516074418805561790377186191
02010100106012008105919066617304931660327162165
02010100106012008110027070518005251770348176172
02010100106022005102615072518505401780362176186
02010100106022006100167079620505911950396194202
02010100106022007100534071918805311800351181170
02010100106022008100193074218705551840371185186
02010100106022008100286069317105221650357177180
02010100106022008101448069817905191730346174172
02010100106022008106143071318105321770355180175
02010100106022008106405066517204931640329162167
02010100106022008109126071617905371780359180179
02010100106022008110003066717104961620334162172
02010100106032005101404080920206071960411205206
02010100106032005101917074918405651830382187195
02010100106032005105372079420205921990393201192
02010100106032005107044078220105811960385194191
02010100106032006102238069717505221760346175171
02010100106032007100029068917205171730344174170
02010100106032007104403080621105951980397199198
02010100106032007104730073618005561800376188188
02010100106032007105054077519905761930383191192
02010100106032007105657080320905942030391201190
02010100106032008100344071518105341690365183182
02010100106032008100603076519405711870384194190
02010100106032008101012071918505341750359180179
02010100106032008101323071718305341790355177178
02010100106032008101714067616905071670340175165
02010100106032008102464068517405111650346170176
02010100106032008102469068215805241590365177188
02010100106032008102706070617505311740357176181
02010100106032008102969069517205231720351175176
02010100106032008103014067816605121700342170172
02010100106032008103274069717905181710347174173
02010100106032008103670075919705621890373187186
02010100106032008104899070217505271750352178174
02010100106032008105815077019505751830392192200
02010100106032008105857075419405601860374188186
02010100106032008106631081621506012020399204195
02010100106032008109142082021906012050396203193
02010100106042005103459067817105071680339168171
02010100106042006101285079220205901890401200201
02010100106042006102986000000000000000000000000
02010100106042006103559071718105361770359179180
02010100106042006104235069417105231680355172183
02010100106042007101163069517905161730343171172
02010100106042007101171070117305281740354174180
02010100106042007103031070017505251710354171183
02010100106042007105028065616304931580335166169
02010100106042007105939065500000000000330162168
02010100106042007106112079619606001920408199209
02010100106042008102460067117005011640337169168
02010100106042008102887067417305011640337167170
02010100106042008103057070717305341690365178187
02010100106042008104689072218005421780364185179
02010100106042008105364071918205371730364180184
02010100106042008106200067517005051640341169172
02010100106042008106394065316204911600331164167
02010100106052006105735073118405471810366183183
02010100106052007100903067818104971710326161165
02010100106052007102891070318305201700350173177
02010100106052007104114068300000000000337171166
02010100106052007106223068917905101680342171171
02010100106052007110053070317905241720352174178
02010100106052008101876070318705161660350182168
02010100106052008102098080621405922070385184201
02010100106052008102536073219105411810360183177
02010100106052008103920073119205391850354180174
02010100106052008104606080121105901990391195196
02010100106052008105561074119105501800370186184
02010100106052008106029081121905922040388190198
02010100106052008106209064517904661670299150149
02010100106052008106541069616205341690365179186
02010100106052008110098074919905500000000000185
02010100106062004103296070118805131720341168173
02010100106062005103797069917605231720351176175
02010100106062006100541070218005221720350177173
02010100106062007104573064900000000000321157164
02010100106062007106152070718305241770347174173
02010100106062007106743070818405241750349173176
02010100106062008102105070418905151720343173170
02010100106062008102925070418005241680356178178
02010100106062008103917072919405351800355179176
02010100106062008104636075119505561840372185187
02010100106062008104684075819505631950368182186
02010100106062008105181071919305261780348175173
02010100106062008105231076120305581870371181190
02010100106062008105717062616604601570303153150
02010100106062008106016073819205461810365187178
02010100106062008106205071018305271750352175177
02010100106062008106206070218105211730348177171
02010100106072004100520073117805531760377182195
02010100106072004103671073520105341840350175175
02010100106072005105526074619305531860367183184
02010100106072006103004059714504521490303149154
02010100106072006104399075317705761850391184207
02010100106072007100332072518305421750367181186
02010100106072007105252074118305581780380186194
02010100106072008100342074019305471870360182178
02010100106072008100929068817205161740342170172
02010100106072008102309072417905451730372179193
02010100106072008104256074019405461850361184177
02010100106072008104294069317505181720346171175
02010100106072008105520066717704901670323167156
02010100106072008105827075918605731830390189201
02010100106072008106324073218205501770373183190
02010100106082005103246067418304911640327165162
02010100106082005105514070218105211680353172181
02010100106082006100187074819405541860368187181
02010100106082006101109071518005351790356177179
02010100106082006102300065216504871620325162163
02010100106082008100377068517105141680346173173
02010100106082008100544066817304951670328165163
02010100106082008101709068017405061660340169171
02010100106082008102888064716504821570325161164
02010100106082008104298066517904861660320166154
02010100106082008105658067417205021670335170165
02010100106082008106101067717605011720329000000
02010100106092007102768075819005681890379192187
02010100106092007103697065416404901570333166167
02010100106092008100504066516505001670333168165
02010100106092008101208066516405011650336169167
02010100106102004106662078620105851950390197193
02010100106102007101772080619806082000408202206
02010100106102007103846079020805821940388197191
02010100106102007104814072018605341730361178183
02010100106102008106513072317805451780367183184
02010100106112006102822084621406322070425212213
02010100106122004101192063915004891450344163181
02010100106122004102813080620705992020397200197
02010100106122005100599067017504951630332164168
02010100106122005100667080719906081970411203208
02010100106122005102109000017700001640000163000
02010100106122006101615071517605391690370179191
02010100106122006103249082820706212000421208213
02010100106122007101779079121405771940383189194
02010100106122008109090072618605401830357182175
02010100106132006101447065415704971590338165173
02010100106132006102829084022606142010413201212
02010100106132006104082064717604711570314154160
02010100106132006104233066516604991640335168167
02010100106132006104462067618504911700321156165
02010100106132007100036069818605121740338170168
02010100106132007100550061716204551520303147156
02010100106132007101986066016604941600334163171
02010100106132007106488070618805181750343171172
02010100106132008101457067818604921710321160161
02010100106132008102297068818305051670338172166
02010100106132008104988000019100001800000179000
02010100106132008106284067918304961700326164162
02010100106142006104461067516705081690339166173
02010100106142007105950074020205381820356180176
02010100106142007105966062816604621540308153155
02010100106142007106595067916305161700346175171
02010100106142008100547074918705621810381193188
02010100106142008100778069416505291700359176183
02010100106142008101396070117805231710352174178
02010100106142008101508068516605191660353172181
02010100106142008101807068416505191670352170182
02010100106142008102435070017805221720350173177
02010100106142008104614069817305251690356175181
02010100106142008104965066815505131710342173169
02010100106142008105604068917105181630355175180
02010100106142008105631071919005291790350179171
02010100106142008106126069616705291640365174191
02010100106142008200004067316005131700343174169
02010100106152004103454070117805231760347178169
02010100106152006106411070518105241780346176170
02010100106152007100587070318405191700349170179
02010100106152007102864071918505341770357179178
02010100106152007103062072518405411780363183180
02010100106152007104884070018305171750342171171
02010100106152008100286068117605051680337174163
02010100106152008101323069118205091750334170164
02010100106152008102130068618505011610340163177
02010100106162005110005065216304891570332163169
02010100106162006104909069417605181630355168187
02010100106162006105155067917505041640340164176
02010100106162008102110067317305001630337167170
02010100106162008104283066116604951620333165168
02010100106162008105224067117204991680331166165
02010100106162008106267071819505231820341170171
02010100106162008110118071719505221800342170172
02010100106172003105067063517004651490316158158
02010100106172005103685066918104881640324163161
02010100106172006101489069918205171650352177175
02010100106172008100440072218305391810358179179
02010100106172008103274067817105071670340173167
02010100106172008104069074019205481880360182178
02010100106172008105151068517705081740334169165
02010100106172008105161070618205241780346176170
02010100106182006102238062116104601530307151156
02010100106182006105514065217004821580324156168
02010100106182007109172068017805021700332169163
02010100106182008101477071819005281760352175177
02010100106182008104276071919005291760353176177
02010100106192005107044073418705471810366183183
02010100106192007100850076019805621860376185191
02010100106192007101844071319005231820341177164
02010100106192007103394078421005741940380196184
02010100106192007105028065517204831660317163154
02010100106192007105054073318605471810366184182
02010100106192007105939065617204841650319162157
02010100106192008100603072618305431800363183180
02010100106192008103670071617705391780361181180
02010100106192008105857070717605311680363184179
02010100106192008106200066716305041640340168172
02010100106202005103459066717404931680325161164
02010100106202006106360068617805081720336169167
02010100106202007101163065716804891670322162160
02010100106202007101171064516704781610317157160
02010100106202007103031067100000000000338165173
02010100106202007104573056614704191390280138142
02010100106202007105252067316805051600345166179
02010100106202008104689067517305021650337171166
02010100106212005101057068517405111690342177165
02010100106212006105172057014804221370285140145
02010100106212007100903065917204871640323163160
02010100106212007101401068618305031730330167163
02010100106212007102237069117705141680346170176
02010100106212007106223066417304911670324163161
02010100106212008100924071119105201730347172175
02010100106212008101467065617304831630320158162
02010100106212008101859072017405461730373187186
02010100106212008102098070818605221720350172178
02010100106212008102536067817705011680333167166
02010100106212008102585070618305231760347171176
02010100106212008102655072519405311790352175177
02010100106212008103920066517004951650330166164
02010100106212008103924071619105251760349172177
02010100106212008104606071019605141790335167168
02010100106212008105561069517805171720345171174
02010100106212008106029074418305611800381193188
02010100106212008106497070518505201710349173176
02010100106212008106541067016205081640344165179
02010100106222006101224069118005111690342172170
02010100106222006103574072617405521800372185187
02010100106222007101122066817404941710323160163
02010100106222008102105062215204701540316159157
02010100106222008103917066917704921690323162161
02010100106222008105181067017304971660331166165
02010100106222008106016067917305061700336173163
02010100106222008106499068217105111670344166178
02010100106222008109033068117105101680342166176
02010100106232007105456061617404421500292143149
02010100106232008100090078620605801930387188199
02010100106232008106355066914905201610359170189
02010100106232008106561064417504691620307154153
02010100106242007101013068617705091680341171170
02010100106242007104109071918705321790353177176
02010100106252004102813072718605411780363184179
02010100106252006102822078719505921940398199199
02010100106252006102829070118305181720346173173
02010100106252006103124068118105001750325162163
02010100106252006103249076119105701860384190194
02010100106262005100667074918705621820380188192
02010100106272006104336080420206022020400202198
02010100106292004103299068918705021740328165163
02010100106292004103454071918605331810352175177
02010100106292006106411069218105111700341173168
02010100106292007102864072918505441820362186176
02010100106292007103062072118605351820353181172
02010100106292007106593067516805071690338169169
02010100106292008102880068217105111700341169172
02010100106292008103279066616704991670332166166
02010100106302004106168059014504451420303148155
02010100106302006101820064115704841520332158174
02010100106302006104909069617605201690351171180
02010100106302006105155061116004511510300144156
02010100106312005110070067918004991720327168159
02010100106312008102763069218805041760328163165
02010100106322007102911080019306071880419206213
02010100106322008100759070517405311730358180178
02010100106322008104069072418505391770362185177
02010100106322008105972069317305201740346177169
02010100106332007105079066316804951640331165166
02010100106332008101171067316905041670337166171
02010100106332008101850072919505341860348176172
02010100106332008104068068417605081680340166174
02010100106332008105295071418305311830348177171
02010100106332008106101066917304961630333167166
02010100106362004105494067217304991660333164169
02010100106362006106360065217104811670314161153
02010100106362007101401067817705011700331167164
02010100106362008100768072118005411770364179185
02010100106362008101012070117005311780353180173
02010100106362008102726072018005401770363179184
02010100106362008104899070017005301780352180172
02010100106372004102813072217805441870357183174
02010100106372006102822075219405581850373188185
02010100106372006103249074518305621810381189192
02010100106372008102585068616705191690350178172
02010100106382005100667072318205411750366182184
02010100106382005105765000018900001820000191000
02010100106382006102829075519605591860373186187
02010100106392005102326066116304981600338165173
02010100106392006104854067317604971670330169161
02010100106392007103172067617505011650336166170
02010100106392007104132067817105071650342169173
02010100106392007106314071617905371730364175189
02010100106392008101183069818005181690349173176
02010100106392008101982071818405341790355176179
02010100106402005105505065816204961600336166170
02010100106402006104336070818105271810346175171
02010100106402008102364072919905301880342177165
02010100106402008103753068017505051630342171171
02010100106402008104268072920205271850342174168
02010100106402008104679068217605061640342171171
02010100106402008105155068117405071650342168174
02010100106402008105633073019605341880346183163
02010100106402008105961068317305101680342169173
02010100106412002110080073920305361860350176174
02010100106412008101039071418005341730361176185
02010100106412008102519071618105351730362176186
02010100106422005100031075820305551870368181187
02010100106422006106377074119405471870360184176
02010100106422008100127075619205641860378189189
02010100106422008102765072418005441840360178182
02010100106422008104627070218405181640354174180
02010100106422008105378066216604961630333168165
02010100106432006101250065117904721590313152161
02010100106432007104722075320405491900359179180
02010100106432008103279054914304061330273134139
02010100106432008104071077519605791910388190198
02010100106432008104793072118005411810360184176
02010100106432008106332072517705481820366184182
02010100106442007106593056414704171380279135144
02010100106442008102880055415004041310273131142
02010100106442008104724070517505301730357177180
02010100106442008105881070117305280000000000180
02010100106452007105079062916604631520311155156
02010100106462004100047067917405051710334166168
02010100106462005102716063516904661560310155155
02010100106472005102301069818005181680350172178
02010100106472005102965069418305111750336169167
02010100106472006104275066917304961660330166164
02010100106472006105912070417605281740354176178
02010100106472007102690068418005041700334170164
02010100106472008100692066717204951660329165164
02010100106472008101475072820105271730354180174
02010100106472008102456067317704961590337164173
02010100106472008105234067217304991530346168178
02010100106482006109273066700000000000000000000
02010100106482007106140073818805501820368186182
02010100106492007104483066717604911620329160169
02010100106492008109155068118005011640337165172
02010100106502004100380071319105221870335173162
02010100106502005106324068718605011720329166163
02010100106502007103287065116404871580329162167
02010100106502008105667069518405111740337169168
02010100106512004103274066116704941610333167166
02010100106512006102790066916605031620341167174
02010100106512006103064065417104831660317163154
02010100106512007102475065717504821650317164153
02010100106512007102956055000000000000278131147
02010100106512008100542067017804921660326158168
02010100106522008100359076019805621880374187187
02010100106522008102524074119105501850365183182
02010100106522008106742075319605571860371185186
02010100106532002107301074418605581870371187184
02010100106542008100960066416504991590340172168
02010100106542008102471068617805081660342168174
02010100106542008104284067317504981640334166168
02010100106552005102326065316604871610326163163
02010100106552007103172069617805181700348176172
02010100106552007110039068219204901740316154162
02010100106552008101982073019005401760364179185
02010100106552008102364071018805221810341178163
02010100106552008104268071219205201810339172167
02010100106552008105633071218905231830340176164
02010100106562005105261070217905231710352174178
02010100106562006103043072619405321780354177177
02010100106562006105353068517905061680338168170
02010100106562007100936073219605361770359179180
02010100106562007102928072518905361800356179177
02010100106562007103963069017505151730342175167
02010100106562008100127069317205211670354173181
02010100106562008100763074719905481840364182182
02010100106562008102116073319705361790357176181
02010100106562008102782073319505381790359178181
02010100106572007105687063916104781560322160162
02010100106572007106500000000000000000000192000
02010100106572008100845078620805781880390191199
02010100106572008102166078820405841930391192199
02010100106572008102758078020405761910385191194
02010100106572008105501063916104781560322160162
02010100106572008105739080520705981950403196207
02010100106582005100031072219405281790349173176
02010100106582005102030078520305821940388195193
02010100106582005102716064616504811550326161165
02010100106582007102601077318905841890395196199
02010100106582008101129073318805451790366182184
02010100106582008103541077719005871900397196201
02010100106582008103678073618605501820368184184
02010100106582008104627063415904751530322159163
02010100106592004100047000015400000000000000000
02010100106592008102057072218205401800360180180
02010100106592008105104069517105241710353176177
02010100107002006104904075920705521900362186176
02010100107002007100858070618005261800346177169
02010100107012004103300059816004381500288142146
02010100107012006103704066116005011620339168171
02010100107012008101475070319605071760331170161
02010100107012008105667068417905051670338169169
02010100107022008101593074018105591740385185200
02010100107042008104558090423006742230451226225
02010100107052006100830101026907412540487248239
02010100107052007109332000019000002000000193000
02010100107272005102030071717505421710371183188
02010100107272007100858069218605061690337170167
02010100107272007102601072617805481760372183189
02010100107272008100851077319005831880395188207
02010100107272008100942085823406241920432207225
02010100107282005102482065119204591590300153147
02010100107282006100770071818505331770356176180
02010100107282007105477063616004761540322157165
02010100107282008101025000000005181720346000000
02010100107282008102664069616905271660361177184
02010100107282008104571000018200000000000000000
02010100107282008104611079019505951870408197211
02010100107282008105967074419305511830368185183
02010100107282008106204077019605741860388194194
02010100107282008109153067118204891620327161166
02010100107302005102102082221906032040399200199
02010100107312007105267071918505341770357182175
02010100107322004109406066616405021600342163179
02010100107322005103931000000000000000000000000
02010100107322006102452059015604341510283143140
02010100107322007100981065916804911630328164164
02010100107322007105817064816304851600325161164
02010100107322008100801059715604411490292148144
02010100107322008102079059915804411500291147144
02010100107332006100830000000000000000325162163
02010100107372008105817069916905301710359177182
02010100107392004101577066117404871660321162159
02010100107392006102778071319005231750348177171
02010100107392008103096072918205471800367183184
02010100107392008104212064416604781570321158163
02010100107402005102030070517705281730355179176
02010100107402007102601071317505381740364178186
02010100107402008100851070117905221740348173175
02010100107402008100942078921205771870390191199
02010100107432007105756068317905041670337162175
02010100107432008102357060216904331480285145140
02010100107432008104571070318205211750346176170
02010100107442005102482053014603841350249126123
02010100107442006110147053914903901380252128124
02010100107452007101496060216104411430298145153
02010100107452008104449071818805301780352180172
02010100107562006101813061015804521500302148154
02010100107562008100944059615004461440302148154
02010100107562008101411059414804461450301148153
02010100107562008104513062215604661480318153165
02010100108012007100745068316905141700344172172
02010100108012007102127068016805121670345173172
02010100108022003106213079520305921980394198196
02010100108022007102829069617505211730348176172
02010100108032005103521074822105271970330171159
02010100108052008100644076520605591810378185193
02010100108052008102036077020805621870375186189
02010100108052008104380078320105821910391196195
02010100108052008105839076120905521860366185181
02010100108052008106373077419905751950380193187
02010100108062008101481079321805751950380193187
02010100108082008100837072918205471770370181189
02010100108082008103270068117905021700332165167
02010100108082008103381068818105071700337169168
02010100108082008104918074918405651860379187192
02010100108132008100997074419005541810373188185
02010100108132008101118076919805711850386192194
02010100108132008106039071718405331750358177181
02010100108132008106046076719505721870385192193
02010100108142005104786075320905441990345182163
02010100108142008103580060412504791340345162183
02010100108152004101768067717205051630342165177
02010100108152007100642067617904971710326165161
02010100108152007101400075519205631860377188189
02010100108152007102829066317004931630330167163
02010100108152008101897067918004991660333163170
02010100108152008109076068318205011610340165175
02010100108162003106213072418805361790357177180
02010100108162005103521069719405031750328173155
02010100108162006100275071318905241790345176169
02010100108162007106048073819205461840362184178
02010100108162008102080066718004871660321160161
02010100108162008106725066718004871660321160161
02010100108172005101533070417805261750351174177
02010100108172007105629075419405601870373199174
02010100108182007100255065016304871570330161169
02010100108182007104849069217305191660353170183
02010100108182008103604066016604941670327162165
02010100108182008104881068617505111710340172168
02010100108192006104773084321906242130411209202
02010100108192006105442068318205011740327166161
02010100108192008100771071518605291760353173180
02010100108192008100847092223706852250460237223
02010100108192008102578084922506242170407205202
02010100108192008103992070218305191710348167181
02010100108202005106738067317305001710329165164
02010100108202008101590067517604991670332167165
02010100108202008105789069218105111640347169178
02010100108202008106526069118205091680341168173
02010100108212005100629066417104931660327160167
02010100108212007100092073718405531830370185185
02010100108212007106639066316404991610338164174
02010100108212008100869065616604901640326163163
02010100108212008102882064816304851600325163162
02010100108222006101576070418205221730349171178
02010100108222008102132070418405201750345177168
02010100108222008102708070618405221760346179167
02010100108222008103886068817205161660350171179
02010100108232004109030068217505071660341171170
02010100108232008100196073218305491820367179188
02010100108232008104387071018205281760352176176
02010100108252004103311064417004741610313156157
02010100108252007101676075419105631830380191189
02010100108262004110116063017104591620297154143
02010100108462006104157082122205992040395198197
02010100108462007104901064117404671580309155154
02010100108472004103282071918305361750361179182
02010100108472005100022066318004831580325161164
02010100108472005100309066516704981630335165170
02010100108472006103738072620405221840338170168
02010100108472007101826063015804721580314161153
02010100108472007102689067517405011630338168170
02010100108472007102846062115404671580309159150
02010100108472008101503064116504761580318159159
02010100108472008102454065616904871620325163162
02010100108472008104947067016805021650337167170
02010100108472008105755063215904731570316157159
02010100108482004105306070017305271670360172188
02010100108482004110168062415404701470323157166
02010100108482006101977069117105201690351176175
02010100108482006106442064916804811570324163161
02010100108482007102496066116904921650327164163
02010100108482007102862069017905111730338171167
02010100108482007106214067317404991660333171162
02010100108482008100020072718405431790364180184
02010100108482008100375070018005201750345174171
02010100108482008100847080920706021950407203204
02010100108482008101326070517605291720357179178
02010100108482008101355067817205061670339170169
02010100108482008101494069017805121710341170171
02010100108482008102014066816705011600341164177
02010100108482008102708066817704911680323166157
02010100108482008103043066917004991660333165168
02010100108482008103214065216004921550337162175
02010100108482008103886067217404981650333170163
02010100108482008104503066917204971600337166171
02010100108482008104691065116604851580327159168
02010100108482008105691068517405111680343174169
02010100108482008105933068617305131680345175170
02010100108482008106210068117605051680337171166
02010100108492003110074069517805171710346173173
02010100108492004102548066117504861620324159165
02010100108492004109224072018305371750362182180
02010100108492006101741074419005541830371184187
02010100108492006101999070718505221730349170179
02010100108492006102734068117505061670339167172
02010100108492006102956066117104901620328163165
02010100108492007104468071118305281710357176181
02010100108492007105206073820105371870350176174
02010100108492008100312068817805101690341172169
02010100108492008100800067517305021680334167167
02010100108492008101358069017205181710347173174
02010100108492008101420064717404731570316160156
02010100108492008102477065917004891580331165166
02010100108492008102850073718605511780373189184
02010100108492008104058067917805011690332166166
02010100108492008104253069317005231710352177175
02010100108492008104995071718605311720359177182
02010100108492008105626071018605241770347171176
02010100108492008105709064816904791580321161160
02010100108502004103789068318005031560347172175
02010100108502005102705075522705281870341176165
02010100108502006104516067517205031670336169167
02010100108502006106562062916504641560308153155
02010100108502006109259064116404771580319156163
02010100108502007103830067116605051620343174169
02010100108502007104013067917105081650343172171
02010100108502007106494076220305591870372184188
02010100108502008100473070717305341690365178187
02010100108502008100788063916604731560317154163
02010100108502008102485070418705171720345172173
02010100108502008102768062516504601550305151154
02010100108502008105337067217005021650337172165
02010100108502008105668069517105241680356174182
02010100108512006103799074219105511830368184184
02010100108512007100542065516404911600331163168
02010100108512007105827069117405171680349174175
02010100108512008100569068216805141600354178176
02010100108512008101782067116405071610346166180
02010100108512008103246069817505231740349174175
02010100108512008104384000017600001780000182000
02010100108512008104687075619505611870374184190
02010100108512008105412066317404891600329160169
02010100108512008106515067316805051610344173171
02010100108512008106666067016905011660335168167
02010100108522004110236067216805041710333167166
02010100108522005101000068817505131700343170173
02010100108522005105254077219805741910383190193
02010100108522005110087066116204991630336167169
02010100108522006101293072618405421780364181183
02010100108522006102086067316605071640343166177
02010100108522006104721067017904911660325163162
02010100108522006106132069417705171620355170185
02010100108522007106449067817605021660336164172
02010100108522008100614066716705001680332169163
02010100108522008102401066317304901610329161168
02010100108522008103093065616104951610334167167
02010100108522008103756068317305101660344169175
02010100108522008103993072818305451780367183184
02010100108522008104265072317905441780366182184
02010100108522008104846070317705261660360178182
02010100108522008104991068017005101640346171175
02010100108522008105083000017100001600000160000
02010100108522008105900069617005261680358176182
02010100108532006100295071019505151780337162175
02010100108532006100474077920105781960382194188
02010100108532007101676078321305701980372194178
02010100108532008100032070219305091730336166170
02010100108542003105475072918605431800363182181
02010100108542005100375071218005321730359180179
02010100108542006100903074919605531840369187182
02010100108542006103330072217705451790366183183
02010100108542008100691072818305451770368183185
02010100108542008102965074319005531820371186185
02010100108542008104067068017405061630343170173
02010100108542008110020071118405271740353172181
02010100108552004102282076119905621880374190184
02010100108552005105544067618404921680324166158
02010100108552005106739071517805371770360181179
02010100108552007104928065517204831630320159161
02010100108552008101512075118705641830381191190
02010100108552008104245070118405171760341172169
02010100108552008106454074918805611820379190189
02010100108562005100098068417105131670346170176
02010100108562006105456055015803921340258128130
02010100108562006106886072818805401820358186172
02010100108562008100833065617404821660316160156
02010100108562008101814074719705501890361184177
02010100108562008103640074619605501920358183175
02010100108562008104247065517404811630318160158
02010100108562008104936069118005111730338170168
02010100108562008106156064017304671530314155159
02010100108572007101473068118604951690326165161
02010100108582005101373070118305181690349172177
02010100108582006101080068118005011750326163163
02010100108582006106692068317905041790325164161
02010100108582007101852067317604971680329169160
02010100108582007104960067718004971730324168156
02010100108582008100346071518505301690361185176
02010100108582008103021069318005131760337169168
02010100108592005100309063116004711530318157161
02010100108592008101036075720405531820371179192
02010100108592008101503064616104851580327162165
02010100108592008101661075820505531830370179191
02010100108592008101663075620405521830369178191
02010100108592008104947064016604741550319156163
02010100108592008105488071118405271730354174180
02010100108592008105755063415604781520326158168
02010100108592008106044072218605361760360175185
02010100108592008109094072418505391750364177187
02010100109002004105306064016804721600312156156
02010100109002006101434063216804641530311151160
02010100109002008103359066217004921620330162168
02010100109012004102548064417004741600314156158
02010100109022005102705071221205001770323171152
02010100109032006101977068716905181690349172177
02010100109032006104157084422806162080408205203
02010100109032007102496063416104731580315158157
02010100109032007106214071418505291790350181169
02010100109032008101494070217905231730350172178
02010100109032008103214067316205111630348175173
02010100109032008104253069317205211690352177175
02010100109032008106210064916704821620320161159
02010100109042004109224071218905231810342174168
02010100109042006101999071019205181750343176167
02010100109042007104468070218405181730345177168
02010100109052003110074069718905081700338167171
02010100109052005100588078519305921910401199202
02010100109052006104516068917005191710348176172
02010100109052006109259068316605171690348175173
02010100109052008100767076819105771880389195194
02010100109052008101700078319305901920398197201
02010100109052008101925073718805491820367182185
02010100109052008102458078619405921920400198202
02010100109052008104995071217805341760358177181
02010100109052008105023074018905511800371183188
02010100109052008105337068316705161660350176174
02010100109062003105475072318105421810361183178
02010100109072005100375069717505221710351174177
02010100109072005105254067417305011640337166171
02010100109072006101293065916304961660330168162
02010100109072006103330071517705381770361181180
02010100109072007106494066617404921580334166168
02010100109072008100032064816104871530334167167
02010100109072008102965070418005241700354175179
02010100109072008103993066016204981680330167163
02010100109072008104265065516404911620329167162
02010100109072008104384065716404931610332168164
02010100109072008104846065616304931590334170164
02010100109072008105900064915804911580333170163
02010100109082005105544060316304401490291147144
02010100109092005100098061316504481570291147144
02010100109092007104928062016504551520303153150
02010100109102008102482067017204981660332162170
02010100109102008104928068018704931640329162167
02010100109112005104158061017704331540279140139
02010100109112006103053060916004491480301150151
02010100109112007101473055415703971350262133129
02010100109112008106407062915404751550320159161
02010100109112008109254061615904571510306150156
02010100109132008106279076419805661860380188192
02010100109162008104574083323605972070390194196
02010100109172005102666066116304981640334170164
02010100109172006101287068719004971720325166159
02010100109182006101303080820706011990402202200
02010100109192003105155083521106242030421210211
02010100109192007102591081621406022030399201198
02010100109192008104813072219405281800348178170
02010100109202003104374066717704901610329163166
02010100109202006103546071718105361750361179182
02010100109212006101987072219605261830343174169
02010100109222005103930073918905501770373188185
02010100109222005110113064916604831590324161163
02010100109222006100777073719105461760370183187
02010100109222007101541072319105321750357177180
02010100109222008100526073419105431790364179185
02010100109222008101314073318805451770368187181
02010100109232005109322079120105901990391195196
02010100109232008102482066917204971620335165170
02010100109232008104928066817304951630332162170
02010100109252008110059067916805111630348173175
02010100109262005102452075218505671840383195188
02010100109262007106145070118105201700350172178
02010100109272005104290068417105131730340172168
02010100109272006101220068617305131710342174168
02010100109292003100560067116705041620342170172
02010100109292006106267067317005031650338168170
02010100109292006106607073120805231760347169178
02010100109292008103617067116805031620341170171
02010100109312007100134066917304961610335162173
02010100109312008102592071018105291770352178174
02010100109312008106279071418305311690362178184
02010100109322006101303075219405581830375189186
02010100109322006110014058014604341410293140153
02010100109322007102035083424005942050389203186
02010100109322007102810056114304181380280140140
02010100109322007103916056314504181370281135146
02010100109322008101950085523006252090416213203
02010100109322008102528086323206312170414213201
02010100109322008103075087323706362170419214205
02010100109332003105155079020705831900393197196
02010100109332007102591080320605972010396199197
02010100109342002104116070017305271780349169180
02010100109352005109322062715704701530317156161
02010100109352006101987062816104671520315152163
02010100109352008100923076720105661920374192182
02010100109372006100777070717805291780351176175
02010100109372007101541068517005151690346176170
02010100109372008100526069417005241750349174175
02010100109372008101314067917505041710333168165
02010100109412007102772071619105251920333179154
02010100109422007103006069418505091740335171164
02010100109442003100560065416704871620325164161
02010100109442008102592070417505291730356176180
02010100109442008103617064716204851610324162162
02010100109452006101303072919705321810351178173
02010100109452007102035074221105311840347182165
02010100109462003105155074319105521790373186187
02010100109462007102591068218404981680330164166
02010100109482008100923074918505641830381189192
02010100109492008101950075820805501900360179181
02010100109492008102528074719905481870361181180
02010100109492008103075076120605551890366181185
02010100109492008103382077919805811910390196194
02010100109502008101393078419705871890398197201
02010100109532008100739070618505211780343175168
02010100109532008103639070218205201710349176173
02010100109552004102198072218405381820356180176
02010100110042005102640059014504451440301147154
02010100110052008102909060514704581410317152165
02010100110082005102027090623506712300441225216
02010100110132006110007073320205311810350179171
02010100110142007100115076619005761840392199193
02010100110162004103107075418605681870381190191
02010100110282004103107072118305381800358182176
02010100110282007100115072117405471840363183180
