12010101405582003101859053714703901350255130125
12010101405582004105612054514404011360265133132
12010101405582005100782069718705101700340170170
12010101405582006100797089224506472210426218208
12010101405582006104918055215004021370265132133
12010101405582007100559055615104051400265136129
12010101405582007104255053115003811340247122125
12010101405582008100335068418005041630341171170
12010101405582008100445055616503911310260128132
12010101405582008101764055915604031370266133133
12010101405582008103273052914303861330253126127
12010101405582008103289053314403891320257128129
12010101405592005100139074817905691850384193191
12010101405592005102216053615403821390243000000
12010101405592006103045052914503841350249122127
12010101405592006103098054415003941380256128128
12010101405592007101836075319005631830380194186
12010101405592007102967055815604021430259130129
12010101405592007103049076420505591850374190184
12010101405592008100136073518305521820370193177
12010101405592008102594058816304250000000000133
12010101405592008103192056616004061440262131131
12010101405592008103281058216404181460272137135
12010101405592008103548078322705561960360202158
12010101405592008103895053315003831360247126121
12010101405592008105524055614904071410266134132
12010101405592008105528055714904081420266133133
12010101405592008110045071620405121750337170167
12010101406002005105258054816203860000000000131
12010101406002005106276070218405180000000000168
12010101406002006105845082622506012130388192196
12010101406002007104802065417004841560328156172
12010101406002007104894065119304581630295150145
12010101406002008100552056716004071450262134128
12010101406002008100946053314403891330256127129
12010101406002008102921056515904061450261134127
12010101406002008103225055115503961400256129127
12010101406002008104474073819305451770368181187
12010101406002008105495054114803931350258128130
12010101406012003102452079820505931960397203194
12010101406012006101297070818205261830343177166
12010101406012006104716089423806562240432215217
12010101406012006110017069217405181760342169173
12010101406012007103259056115504061410265136129
12010101406012008100913068717305141750339167172
12010101406012008101017079421205821980384197187
12010101406012008101344056715004171430274140134
12010101406012008102980066017904811690312155157
12010101406012008103146065217204801690311155156
12010101406012008103198068917905101730337170167
12010101406012008103226056615004161430273139134
12010101406012008103324065317404791670312155157
12010101406012008104840078620505811980383197186
12010101406022004101367070819805101770333170163
12010101406022005102632053800000000000253124129
12010101406022006102254053400000000000259124135
12010101406022006103105086922906402180422224198
12010101406022006103138078220605761980378193185
12010101406022007100156081721805992080391203188
12010101406022007101789052513503901290261131130
12010101406022007102748054113904021410261135126
12010101406022007103116053415303811330248124124
12010101406022007103305072319005331880345180165
12010101406022007110121053714403931370256129127
12010101406022008102257065517604791550324163161
12010101406022008102746079420705872030384195189
12010101406022008102881079120505862010385198187
12010101406022008103217076220005621860376190186
12010101406022008103948068717005171670350177173
12010101406022008104699000020000001740000180000
12010101406022008104992072519305321790353180173
12010101406022008105826075019205581890369191178
12010101406022008110095069718405131720341178163
12010101406032004101052064000000000000000000000
12010101406032007103000071218605261760350179171
12010101406032007103392064218104611600301153148
12010101406032008101736066617804881610327161166
12010101406032008102991075719105661900376191185
12010101406032008103254068218205001720328165163
12010101406032008103718073819405441860358176182
12010101406032008104831075719105661900376191185
12010101406032008105100077520505701870383193190
12010101406032008106150083921906202020418201217
12010101406042003102977070018805121740338174164
12010101406042005106388072319805251790346171175
12010101406042005109177069517905161720344175169
12010101406042006100700078820605821900392198194
12010101406042006103319068618405021730329167162
12010101406042007100569075720505521870365183182
12010101406042007101565072819605321730359178181
12010101406042007103594078620205841850399201198
12010101406042007104981092124306782260452225227
12010101406042008100159072719605311790352175177
12010101406042008100218068617905071720335167168
12010101406042008100471073119505361800356180176
12010101406042008101224073119405371800357180177
12010101406042008102561077320005731980375185190
12010101406042008103095070217805241760348175173
12010101406042008103568083422306112120399203196
12010101406042008104034072218605361830353177176
12010101406042008104869073219405381780360180180
12010101406042008105096073719205451830362180182
12010101406042008105218071318405291730356177179
12010101406042008109190072319405291780351177174
12010101406042008109191073719305441780366184182
12010101406042008110035069018105091730336170166
12010101406052005102430066917804911670324166158
12010101406052005109205067318304901660324167157
12010101406052006103340067317105021670335167168
12010101406052006105134065017304771580319158161
12010101406052007104692077821005681910377196181
12010101406052008101151063116204691580311152159
12010101406052008101519074919805511840367186181
12010101406052008103374077020005701900380196184
12010101406052008104161069018005101750335167168
12010101406052008105190071319005231780345174171
12010101406052008109145071219505171700347169178
12010101406062004100932054714304041330271129142
12010101406062005101710065516804871590328164164
12010101406062006105867065817604821650317161156
12010101406062007100813067917905001700330167163
12010101406062007101398086323206312130418218200
12010101406062007102863052913803910000000000131
12010101406062007103852071919505241840340172168
12010101406062007104399056314704161370279137142
12010101406062008100530069320404891750314161153
12010101406062008100685073421505191850334171163
12010101406062008101312067017704931680325164161
12010101406062008103004073821605221870335171164
12010101406062008103317073121305181870331170161
12010101406062008104581053314103921340258127131
12010101406072004106804057415304210000000000000
12010101406072004109291068316905141720342170172
12010101406072005105525073421105231800343172171
12010101406072006103963074519705481830365184181
12010101406072007100653056014704131430270137133
12010101406072007101432069417605181750343173170
12010101406072007101720000000000000000000000000
12010101406072007105072069318105121700342171171
12010101406072008100013068017805021640338173165
12010101406072008100069073619005461750371188183
12010101406072008101261070419505091740335171164
12010101406072008101294058316204211440277145132
12010101406072008101723067717605011620339167172
12010101406072008102046071420405101700340172168
12010101406072008102190069217705151720343168175
12010101406072008102447071520405111720339171168
12010101406072008104735067817605021630339168171
12010101406082002102515057716904081470261130131
12010101406082004101045069618705091800329166163
12010101406082004106141054115303881330255126129
12010101406082005100937071719905181770341174167
12010101406082005106172055216403881370251126125
12010101406082006100111053114503861320254126128
12010101406082006102322056816204061440262132130
12010101406082006102717072119105301750355174181
12010101406082006102768068718505021680334166168
12010101406082006103394058318403991450254130124
12010101406082006104312065917104881630325166159
12010101406082007100899053114003911370254129125
12010101406082008101304068117905021670335171164
12010101406082008101552071818905291740355173182
12010101406082008101789056816204061430263128135
12010101406082008103881056316004031410262128134
12010101406082008105586065417304811590322161161
12010101406082008105843066717304941680326164162
12010101406092003102985070718205251750350178172
12010101406092004103648083021906112040407207200
12010101406092005105102000016000001470000140000
12010101406092006102819058716404231480275000000
12010101406092006103706065600000000000327166161
12010101406092007101421000014200001400000139000
12010101406092007102985067817705011740327168159
12010101406092008100363072919405351800355173182
12010101406092008103255079822305751930382190192
12010101406092008103836060715504521450307152155
12010101406092008104749055215104011390262130132
12010101406092008105592054814604021390263136127
12010101406092008105887055815004081390269131138
12010101406092008105903085622106352160419211208
12010101406092008106510079822105771910386187199
12010101406102004102812069018705031680335167168
12010101406102005102588058514404411420299148151
12010101406102005110011054514703981370261129132
12010101406102006101207068718505021670335168167
12010101406102007101798054315303901390251127124
12010101406102007103161066117104901620328161167
12010101406102008100468057815704211420279137142
12010101406102008101143060815304551490306152154
12010101406102008101394072117405471820365193172
12010101406102008102632067117504961680328166162
12010101406102008104427066416704971640333171162
12010101406102008105338058015604241450279138141
12010101406102008105388071317705361730363180183
12010101406102008105417072419705271840343174169
12010101406112005105410066416704971610336164172
12010101406112005105913069018805021710331164167
12010101406112007101286071817905391770362181181
12010101406112007104883059716004371500287149138
12010101406122005105386075818905691880381189192
12010101406122008101987066817204961620334163171
12010101406122008103524075219305591800379190189
12010101406122008104622072018105391810358176182
12010101406122008104880072018005401810359177182
12010101406132004110234075519805571920365185180
12010101406132006100790055715504021420260138122
12010101406132006104703053414003941340260128132
12010101406132006106794055515004051400265135130
12010101406132006110090066317204911620329163166
12010101406132007103402083322606072110396211185
12010101406132007104579065416504891620327170157
12010101406142005102307069017205181760342171171
12010101406142005103381073619405421900352178174
12010101406142006102684057715704201420278140138
12010101406142007102817069618405121720340170170
12010101406142007103404074919205571840373187186
12010101406142008101293067616405121650347169178
12010101406142008104474069818905091670342176166
12010101406152007100644056415304111420269139130
12010101406152008100415080021305871920395196199
12010101406152008100957072719105361850351181170
12010101406152008101894068017305071670340170170
12010101406152008103066078021205681930375190185
12010101406152008105269068119604851610324159165
12010101406162005105184000000005391810358182176
12010101406162005106388068316605171750342173169
12010101406162006104087089222306692130456223233
12010101406162006104509066316804951630332167165
12010101406172005102596064917004791640315155160
12010101406172008101658074118505561890367186181
12010101406172008102716056015804021400262131131
12010101406172008103070071618605301770353178175
12010101406172008103116077419605782000378189189
12010101406172008103887075819005681920376187189
12010101406172008104516075520105541880366188178
12010101406182005101405060018604141610253128125
12010101406182008101519056115504061420264134130
12010101406182008102344069218905031760327170157
12010101406182008103568056315404091420267134133
12010101406182008106605069519005051760329169160
12010101406192005102143058515104341470287143144
12010101406192007101410069818505131740339173166
12010101406192008102231070618505211820339183156
12010101406192008104426067616105151680347173174
12010101406192008106375071418705271850342168174
12010101406202006101915066218404781720306154152
12010101406202006104241067719204851710314160154
12010101406202006105164062717604511480303147156
12010101406202006106678067917505041640340167173
12010101406202007102212069719405031700333168165
12010101406202008100105077900000000000371186185
12010101406202008102829068318704961690327167160
12010101406212005100401072018405361830353182171
12010101406212005103317074619905471830364186178
12010101406212008105159080920906001960404202202
12010101406222003110189055900000000000000000135
12010101406222005100937057016604041410263132131
12010101406222006105669078221105711990372196176
12010101406222007100208068217505071720335170165
12010101406222008100949053314803851310254126128
12010101406222008104491053614803881300258126132
12010101406232006101413068417605081710337176161
12010101406232006106745069819105071660341166175
12010101406232008104637069918605131730340169171
12010101406242004110044063516204731480325159166
12010101406242008102861070318105221650357172185
12010101406242008104213068117505061630343168175
12010101406252005101194068117005111670344000000
12010101406252005105410051413903751270248120128
12010101406252005110115065617504811580323164159
12010101406262007100723068018404961730323163160
12010101406262008105145071818605321740358177181
12010101406272006104009059215704351400295149146
12010101406272008100863068717605111660345171174
12010101406272008102985067217604961620334165169
12010101406272008103340066917504941640330164166
12010101406272008104013057915604231510272145127
12010101406272008105422070117605251770348179169
12010101406282004102702071418105331700363192171
12010101406282005106582071018805221700352175177
12010101406282008100161087622906472210426222204
12010101406292004102874067518004951650330162168
12010101406292008103235065216904831580325161164
12010101406292008105641063015804721500322160162
12010101406302007101489068517105140000000000167
12010101406302007103256069918905101760334169165
12010101406302007106571053914903901300260123137
12010101406302008102767071619405221780344171173
12010101406302008103054070819105171780339171168
12010101406302008105276068718505021700332166166
12010101406302008106261071519405211770344172172
12010101406312005106612083222506072100397200197
12010101406312008102686073718705501870363183180
12010101406322008105567053014103891360253127126
12010101406322008110036052814003881350253127126
12010101406332008102424074719605511820369188181
12010101406342005105819056514704181420276141135
12010101406342007103265077519705781870391196195
12010101406352008105092064216904731540319157162
12010101406362004105020074123205091870322163159
12010101406362008102875062216504571560301150151
12010101406362008105756061816504531500303152151
12010101406362008106379054315003931350258129129
12010101406372005106266066216904931630330164166
12010101406372007102676080921005992120387194193
12010101406372008100709079420905851990386195191
12010101406372008101689079420905851990386195191
12010101406372008103247072519305321800352178174
12010101406372008106220075121605351870348176172
12010101406382005106501000000005772010376189187
12010101406382006105408072619105351780357179178
12010101406412008101336077220805641950369186183
12010101406412008104997077120705641960368185183
12010101406412008105699076819705711950376192184
12010101406412008105703076919705721960376191185
12010101406422007101960067716805091720337169168
12010101406432007104787070718305241760348172176
12010101406432007105604073118705441800364184180
12010101406432008100541072319305301760354175179
12010101406432008100864071717105461800366180186
12010101406432008101035058915604331460287145142
12010101406432008101444070517905261730353178175
12010101406432008102665066716405031640339167172
12010101406432008105920072318705361780358182176
12010101406442006102055071918705321790353173180
12010101406442007105671066917604931560337170167
12010101406442008104027066416804961610335165170
12010101406442008104778073918605531800373185188
12010101406442008105965073019205381830355180175
12010101406442008106124070418105231770346174172
12010101406452006104724071319405191790340171169
12010101406452008100832070318305201810339175164
12010101406452008110051068418305011710330174156
12010101406452008110061070719005171810336174162
12010101406462007101538076019505651870378189189
12010101406462008101088082421306111970414206208
12010101406462008104415075021805321810351177174
12010101406462008106127077318505881870401201200
12010101406472008100838071918405351720363178185
12010101406472008105954071918405351720363178185
12010101406482005101309081121705942070387197190
12010101406482008100119072818305451820363180183
12010101406482008101062072517205531820371187184
12010101406482008105340073117705541830371188183
12010101406482008105801072718305441800364182182
12010101406512008101376072119405271770350174176
12010101406512008102370071518805271770350173177
12010101406512008104545072119405271760351175176
12010101406522006101416074019005501880362181181
12010101406522006103187067118404871700317159158
12010101406522007100468052913603930000000000137
12010101406522007101070058815704311470284138146
12010101406522007106604065916604931680325167158
12010101406522008105085073519605391830356182174
12010101406522008105803071316605471810366184182
12010101406532006102147064917004791610318158160
12010101406532008100690068818305051730332164168
12010101406542008101097060817304351500285146139
12010101406542008103794084021606242050419209210
12010101406542008105735080720406032010402202200
12010101406552008101443070717305341820352174178
12010101406562002110059064718404631550308152156
12010101406562008102354070019005101690341171170
12010101406562008103457075820305551830372187185
12010101406572008102639069619205041730331166165
12010101406572008104060070119405071760331166165
12010101406582008100903074719505521890363190173
12010101406582008101348078220805741960378191187
12010101406582008106017077820405741950379191188
12010101407002004103752058815004381460292151141
12010101407002004103991070217605261710355174181
12010101407002008102757066317604871690318160158
12010101407002008104488066818004881660322161161
12010101407012004103104067618104951720323165158
12010101407012004106983070519205131740339174165
12010101407012005101309067417904951690326164162
12010101407012008102812071519805171790338172166
12010101407012008103182068217205101750335170165
12010101407022007103717072919905301690361175186
12010101407022007104207068817205161670349176173
12010101407032006103253074220705351810354176178
12010101407192004102206000000000000000254125129
12010101407192006101009069919105080000000000167
12010101407202006103602053314903841370247128119
12010101407212005102911074918105681790389189200
12010101407212006101262069218505071750332163169
12010101407212008101214051413103831250258123135
12010101407222005104961051813803801310249126123
12010101407222006101281056215104111370274136138
12010101407222007105541069318105121730339170169
12010101407232006110135063816904691440325166159
12010101407232007106416057214404280000000000000
12010101407232007110101060017704231460277137140
12010101407252004104616051913903801290251123128
12010101407272005104018052514703781310247121126
12010101407272008101818059215704351480287144143
12010101407272008103065059115304381480290147143
12010101407282008101779056316104021420260129131
12010101407282008105775056015404061410265129136
12010101407302007102275059616704291560273149124
12010101407322006102975071419205221730349176173
12010101407322008106269071117605351760359178181
12010101407332008104619055215004021370265133132
12010101407332008105154055215104011370264133131
12010101407342005100813053814403941350259131128
12010101407392008104822068417605081710337168169
12010101407402008100261068217105111630348169179
12010101407472004100194072519005351790356178178
12010101407492007105543079620105951970398201197
12010101407492008101368076521505501810369184185
12010101407502005102095068816405241730351000000
12010101407502008100331070117805231740349176173
12010101407522006105850072419605281760352177175
12010101407532006104932076919605731860387193194
12010101407542008101332076619505711880383192191
12010101407542008102315076119105701880382192190
12010101407552008101672071018805221770345171174
12010101407582007101271067317105021650337170167
12010101407582008101251076219505671890378187191
12010101407582008106421072819905291780351174177
12010101407582008106472067117105001630337167170
12010101407592008105929074118705541850369185184
12010101408002001103413101230307092520457232225
12010101408002005100291094428606582360422219203
12010101408002007105709100730007072530454234220
12010101408002007110048101030207082530455235220
12010101408002008100589101730807092500459232227
12010101408002008103186101330207112540457233224
12010101408002008105467065715804991650334162172
12010101408012002107441000000004940000000000158
12010101408012008104012068818005081700338172166
12010101408032007103835066117804831620321160161
12010101408032008102431068516305221720350173177
12010101408042007105909077122905421890353176177
12010101408042008100056071118105301760354178176
12010101408042008100142085021606342180416210206
12010101408042008100163068716705201700350181169
12010101408042008104328085522706282140414212202
12010101408052008101815068016505151640351172179
12010101408052008103605064717604711600311155156
12010101408062006102243065317904741680306157149
12010101408062007106006056015504051450260131129
12010101408072004105766081121805932040389195194
12010101408122006100745000000000000000000000118
12010101408122008100906068218105011680333168165
12010101408132008101753066117004911600331162169
12010101408132008104223067816705111670344172172
12010101408142007102790053113503961270269129140
12010101408142008101549068317605071660341169172
12010101408142008103259073619105451860359183176
12010101408142008103380074019705431880355182173
12010101408142008104411069518905061660340169171
12010101408142008106018070818305251730352176176
12010101408162008101718062316004631550308152156
12010101408162008101953066817704911620329162167
12010101408162008104849061115404571540303153150
12010101408162008106517071318405291760353179174
12010101408172006104744074620705391830356183173
12010101408172008102530057015504151430272139133
12010101408172008103607057115604151430272138134
12010101408182005102432064716504821570325163162
12010101408182006100013077020605641860378188190
12010101408182007100110074221605261760350171179
12010101408182007105909070819105171800337172165
12010101408182008103012069617005261740352181171
12010101408182008105866069017805121720340173167
12010101408192007102995114234407982900508279229
12010101408192008103854072517805471850362182180
12010101408202008100871082322405992100389200189
12010101408202008101528068318105021700332167165
12010101408202008101969068617605101740336168168
12010101408202008102292072819005381800358177181
12010101408202008104237071819005281720356178178
12010101408212005106385069217605161730343174169
12010101408212006110132066919004791650314162152
12010101408222005104006069019404961730323161162
12010101408222006105549000000000000000000000000
12010101408222008100546065117204791680311161150
12010101408222008101644068219004921700322169153
12010101408222008102294073519905361830353178175
12010101408222008104680071318205311810350176174
12010101408222008105618074020305371830354179175
12010101408222008105620071618505311820349176173
12010101408222008106118067917005091730336168168
12010101408232007100396080019606041890415202213
12010101408232007103142076320405591840375188187
12010101408232007103624089222706652210444221223
12010101408232008102289068117505061730333170163
12010101408232008102651078721105762000376192184
12010101408232008105025078821005781990379193186
12010101408242005105928066917704921680324163161
12010101408242007100763079721105862010385193192
12010101408242008101611072018905311800351175176
12010101408242008102584078720605811970384196188
12010101408242008105976072019005301800350175175
12010101408252008101093076821205561900366182184
12010101408392004100879053814703911350256124132
12010101408392005106116052200000000000260128132
12010101408392006100504053214303891360253130123
12010101408392006110054052714403831320251123128
12010101408402005109202074321505281880340175165
12010101408402006106067066517904861640322161161
12010101408402008100483053713903981370261131130
12010101408402008101710053013703931330260128132
12010101408402008102160053113803931330260128132
12010101408402008110077075720005571910366184182
12010101408412004104139076320605571860371188183
12010101408412007101071070319405091710338169169
12010101408412007103010077921705621940368186182
12010101408412008100150060517104341590275140135
12010101408412008100477052814303851290256124132
12010101408412008101267053314103921340258132126
12010101408412008104610058715104361490287151136
12010101408412008110093052314503781290249123126
12010101408422002100604070919305161700346179167
12010101408422002102876063018204481640284142142
12010101408422008103240064017204681630305157148
12010101408422008103659054314703961410255130125
12010101408422008104814053614403921400252129123
12010101408422008110022063917104681630305157148
12010101408432003103121070018305171740343181162
12010101408432005104738067817005081650343171172
12010101408432005105912056315204111370274137137
12010101408432006106016070818405241770347176171
12010101408432008103363068119304881700318163155
12010101408432008104904062815704711540317157160
12010101408432008106177061316604471500297150147
12010101408442005103964064016804721560316158158
12010101408442007101298065017804721540318159159
12010101408442007105646079820305951950400202198
12010101408442007106175060115304481430305151154
12010101408442008100267063716804691550314155159
12010101408442008104890063816904691540315155160
12010101408452006104918064716604811610320162158
12010101408452007102887064817404741610313159154
12010101408452007103122063016904611540307152155
12010101408452007103130062816604621580304155149
12010101408452008100175080021805821970385194191
12010101408452008100550070218405181740344175169
12010101408452008100994079921805811960385195190
12010101408452008102627060715004571540303153150
12010101408452008103232062116904521500302150152
12010101408452008105700077920505741960378194184
12010101408462007104746052114403771300247123124
12010101408462007105594067717405031720331167164
12010101408462007110004067416905051700335170165
12010101408472004104528057516204131540259130129
12010101408472006103147070018205181790339000000
12010101408472008101451074518305621870375189186
12010101408472008101612056815704111420269138131
12010101408472008102838070617905271810346175171
12010101408472008103271073717405631870376190186
12010101408472008105139063418304511550296148148
12010101408482005102557068319104921700322000000
12010101408482005106166058417004141410273136137
12010101408482006103402067717005071690338169169
12010101408482008105211072519405311780353177176
12010101408492007104577060916104481490299147152
12010101408492007109071069918005191730346171175
12010101408492008100386069317805151690346171175
12010101408492008100443066415905051540351170181
12010101408492008102321069518205131680345171174
12010101408492008102375066216804941600334167167
12010101408492008103128074420405401890351174177
12010101408492008103425073100000000000000000182
12010101408502005102294064115404871580329162167
12010101408502006100476056916004091350274131143
12010101408502008101990071618505311740357179178
12010101408502008106444067117504961660330165165
12010101408512008101645066516105041670337172165
12010101408512008105998067217904931600333166167
12010101408532004103249063016104690000000000000
12010101408532005102113063917304660000000000000
12010101408532006102948064916504841550329165164
12010101408532008102093069518405111770334170164
12010101408532008102952064815404941630331167164
12010101408532008104467065916904901630327161166
12010101408542004104139070719205151700345171174
12010101408542008100255062515604691510318156162
12010101408542008102742064116104801600320163157
12010101408552007100864053514703881360252125127
12010101408552008102195053114703841360248125123
12010101408552008103143070819705111780333171162
12010101408552008103196071218805241780346177169
12010101408552008103256071220005121780334171163
12010101408552008105270066416604981710327165162
12010101408552008110028072118705341890345175170
12010101408552008110099071118605251780347177170
12010101408562006104700077419705771990378193185
12010101408572007106724060915704521470305149156
12010101408572008101908070517505301730357175182
12010101408572008105714066716904981710327166161
12010101408582007100825071518405311670364177187
12010101408592003105450061016004501520298152146
12010101408592008103163061316104521530299152147
12010101409002003105367072418705371800357182175
12010101409012006101507077021705531960357184173
12010101409012006105649070018305171750342170172
12010101409012007100567075819805601880372186186
12010101409012008101246060015704431450298149149
12010101409012008200013069717805191750344176168
12010101409022006103023072219405281790349177172
12010101409022007103937068318404991680331163168
12010101409032005102557065717804791650314159155
12010101409032006103166071119005211810340174166
12010101409032008104461069317205211710350178172
12010101409032008106237069417105231730350178172
12010101409042005105617069217905131730340171169
12010101409052005102260057516304121390273133140
12010101409052006103160061217204401420298147151
12010101409052006106206073421005241790345172173
12010101409102007104922065717604811660315158157
12010101409102008103091055714204151380277136141
12010101409102008103133055714304141360278137141
12010101409112008104641081521206032020401198203
12010101409122008102286067017504951670328164164
12010101409132007103151073920005391830356179177
12010101409132008103462077320805651910374186188
12010101409132008104217077320705661910375186189
12010101409142006103023064016104791580321156165
12010101409142007102821060217404281340294136158
12010101409152006100405074119605451850360182178
12010101409152007105730062417504491540295145150
12010101409172008100405057916004191460273138135
12010101409172008102269070818705211790342173169
12010101409172008103125058116804131390274137137
12010101409172008103165058316204211470274137137
12010101409172008105759070918905201780342173169
12010101409172008106609057316104121400272136136
12010101409182003102466070817805301780352177175
12010101409182006102988073919805411880353181172
12010101409202006103166073920305361890347178169
12010101409222008102037072718905381830355176179
12010101409222008104888073218905431830360179181
12010101409252008100358076720605611910370188182
12010101409252008105874075719605611910370188182
12010101409322007101663064918504641620302153149
12010101409322007103056056315504081410267000000
12010101409412001100686069917805211730348178170
12010101409412006103174070118705141750339173166
12010101409412007103400070119005111740337170167
12010101409412007110012072718805391800359175184
12010101409422008104752074820605421800362184178
12010101409432006103987078322305602010359187172
