12010101604272006103691080421705872020385193192
12010101604272008102565079322005731960377194183
12010101604282005100139069617505211710350178172
12010101604282005100910068818105071670340167173
12010101604282006101009075220205501890361192169
12010101604282006104975054715703901390251128123
12010101604282007101058054415603881380250127123
12010101604282007101290052114003811280253125128
12010101604282007105024052814203861310255125130
12010101604282008102431071018005301840346187159
12010101604282008105924068818505031710332168164
12010101604282008110122067416905051690336171165
12010101604282008110123070019405061730333166167
12010101604292006102130000000005341810353178175
12010101604292006103234000016700000000000000000
12010101604292006103602066217704851600325161164
12010101604292006106794068518405011750326166160
12010101604292007103572065117004811660315160155
12010101604292008100595056115004111370274137137
12010101604292008100913070618305231730350176174
12010101604292008101770068618005061690337170167
12010101604292008103375070218005221790343175168
12010101604292008104618084022406162120404199205
12010101604292008105775068519704881720316162154
12010101604292008106421000000005511890362179183
12010101604292008110037056215104111370274138136
12010101604302006102894065718404731670306153153
12010101604302007102721067118804831650318163155
12010101604302007103594071818505331740359179180
12010101604302008100215064116904721610311154157
12010101604302008100218071117805331710362179183
12010101604302008100283067118704841640320166154
12010101604302008102980065217804741620312154158
12010101604302008105595067519104841640320168152
12010101604302008110045064016904711580313156157
12010101604312003102452077920505741880386192194
12010101604312004102404067720504721700302150152
12010101604312004110096074418005641880376188188
12010101604312005102470078421605681910377192185
12010101604312005104006065217604761590317156161
12010101604312006100700073719305441810363181182
12010101604312006104736068017305071740333168165
12010101604312007100203066700000000000322159163
12010101604312007100345074319405491910358178180
12010101604312007100517066817704911710320160160
12010101604312007103848066017904811660315162153
12010101604312007104981080520905961970399200199
12010101604312008100285069819105071730334172162
12010101604312008102479069418705071710336172164
12010101604312008102665065317204811570324161163
12010101604312008102671068418704971660331168163
12010101604312008103121063917404651570308153155
12010101604312008103136065017704731640309157152
12010101604312008103548082122505962040392202190
12010101604312008105993069418405101690341173168
12010101604322005103586000000004771690308000000
12010101604322005105386073419305411750366184182
12010101604322006100598072619905271730354181173
12010101604322006103499077821405641890375192183
12010101604322007101565071418205321710361181180
12010101604322007103049074119905421810361180181
12010101604322007104802073818905491740375184191
12010101604322008100791073918705521850367184183
12010101604322008101017076519705681920376189187
12010101604322008101430073818705511860365183182
12010101604322008102584083421206222020420210210
12010101604322008102602081821206061970409206203
12010101604322008103426070617305331780355178177
12010101604322008103551068817005181700348180168
12010101604322008104840080021005902020388188200
12010101604322008106150076319605671910376191185
12010101604332005106572070619105151780337173164
12010101604332005109177070217505271680359177182
12010101604332006100979071318905241820342171171
12010101604332007105064087424606282150413212201
12010101604332008100159072618105451780367182185
12010101604332008100364072718205451780367182185
12010101604332008100471074120205391770362185177
12010101604332008101224074220305391770362185177
12010101604332008104904065616704891640325160165
12010101604332008105190075419705571840373185188
12010101604342003101046065316904841660318160158
12010101604342008101990073519105441840360183177
12010101604342008102348070618105251730352178174
12010101604342008102354067116805031650338167171
12010101604342008103254069719105061700336166170
12010101604342008103344070820305051690336165171
12010101604342008105241075618605701870383193190
12010101604352006104918072319505281820346172174
12010101604352007104099082221806042060398206192
12010101604352007104579067218004921700322161161
12010101604352008103031075118305681890379188191
12010101604352008103890071718805291860343170173
12010101604362006103203072618905371800357180177
12010101604362007102503069518705081660342171171
12010101604362008104085065418204721660306153153
12010101604372001103413087926706122350377208169
12010101604372004103327080022005802060374205169
12010101604372005100291089227606162390377206171
12010101604372006100867079721905782060372205167
12010101604372006102231060615504511500301150151
12010101604372006103277079021305772060371202169
12010101604372007103065074920205471890358185173
12010101604372008100921072119605251740351178173
12010101604372008100927070517905261710355176179
12010101604372008101330069917405251730352177175
12010101604372008103111088627206142370377206171
12010101604372008103119088427206122360376207169
12010101604372008103854071017305371720365186179
12010101604372008104065079521705782080370205165
12010101604382001106201073619405421850357182175
12010101604382004101045074920405451840361180181
12010101604382005106388077119905722000372188184
12010101604382006101650079221105811940387194193
12010101604382006103706072118505361750361181180
12010101604382006104312067515905161680348175173
12010101604382006105845057615304231430280139141
12010101604382007100156076320805551880367187180
12010101604382007101798069019005001720328162166
12010101604382007105651066116904921620330165165
12010101604382007106613068218205001730327168159
12010101604382007109150072920605231880335174161
12010101604382008101789069519105041730331166165
12010101604382008101973055114704041370267139128
12010101604382008103530070918605231780345182163
12010101604382008104034066317304901610329164165
12010101604382008104060070118105201720348174174
12010101604382008104252070918805211760345180165
12010101604382008106477071918405351760359181178
12010101604382008109195070218205201720348175173
12010101604392002107254065016104891610328166162
12010101604392003105021069017505151820333170163
12010101604392004100194075720905481830365183182
12010101604392004103249065717204851620323161162
12010101604392006105131066417804861680318162156
12010101604392007101795070218305191720347174173
12010101604392007101815068717805091720337166171
12010101604392007102779067919804811670314160154
12010101604392007102901074020705331820351176175
12010101604392007102985066117704841580326158168
12010101604392008101304067917505041730331167164
12010101604392008105592068816905191700349175174
12010101604402002105263067218404881650323158165
12010101604402008100546066117504861660320159161
12010101604402008101644067318304900000000000162
12010101604402008103079069318405091710338171167
12010101604402008103255078821005782000378190188
12010101604402008105443078020305771930384189195
12010101604412007101286076820205661970369190179
12010101604412007104577086223506272090418206212
12010101604412007109232081823505832010382000000
12010101604412008100363079820405941950399199200
12010101604412008101281072918505441780366183183
12010101604412008101288074318805551840371189182
12010101604412008102652077620805681820386192194
12010101604412008104012073418505491820367183184
12010101604412008104957066217904831580325159166
12010101604412008106421072500000000000362183179
12010101604412008106510084523306122070405201204
12010101604422005101655065115604951570338161177
12010101604422006101413072019305271750352175177
12010101604422006103023073518605491820367182185
12010101604422006103470073520605291830346177169
12010101604422008101143072218505371800357173184
12010101604422008101458078123605451880357179178
12010101604422008104088076722305441870357177180
12010101604422008106517072118705341820352174178
12010101604432005101750079020205882010387202185
12010101604432005104706066517804871700317000000
12010101604432006100106065317804751610314160154
12010101604432006105480072719605311850346179167
12010101604432006110090069918505141690345171174
12010101604432007105215065617104851610324165159
12010101604432008101293077219205801840396204192
12010101604432008104622073418905451840361179182
12010101604442004101890071818105371750362182180
12010101604442006106608074219805441820362180182
12010101604442007101226080919506142010413209204
12010101604442008100541074419805461810365183182
12010101604442008101612071717605411890352181171
12010101604442008102424075920505541930361184177
12010101604442008105183074619105551730382189193
12010101604452004100693070918605231770346175171
12010101604452005102470069419105031730330168162
12010101604452006100598067118804831550328167161
12010101604452008100791072118905321800352175177
12010101604452008101430072018905311790352176176
12010101604452008104835072919505341850349175174
12010101604452008104916071818805301760354180174
12010101604462005105386072118605351820353181172
12010101604462006100504071719805191750344175169
12010101604462006102264075120405471910356183173
12010101604462007105440073617705591870372188184
12010101604462008101021072517905461800366182184
12010101604462008104459071219105211680353175178
12010101604472005105333067316805051720333171162
12010101604472005109177069618705091720337171166
12010101604472007110018070217905231740349172177
12010101604472008100159069217805141740340172168
12010101604472008100364069317805151740341172169
12010101604472008100471067317604971710326166160
12010101604472008101224067217604961700326166160
12010101604472008102716076320205611890372187185
12010101604472008104891066717404931600333166167
12010101604482005102143078720305841990385196189
12010101604482005106166078520105841990385190195
12010101604482006102311069019604941720322161161
12010101604482006105164072218705351750360181179
12010101604482007101434078920905801950385195190
12010101604482008100957074619705491830366184182
12010101604482008101265066517304921630329166163
12010101604482008101594069316705261750351176175
12010101604482008102075077021305571930364182182
12010101604482008105276070718605211720349176173
12010101604492005102596070216805341760358176182
12010101604492005105184070518505201730347177170
12010101604492005105606072318505381770361179182
12010101604492008101306070417105331800353177176
12010101604492008101432074219105511840367185182
12010101604492008102678065117504761580318157161
12010101604492008104829073319705361810355176179
12010101604492008105597067317105021670335168167
12010101604492008106081073119105401750365180185
12010101604502008100693072819405341830351178173
12010101604502008103874070318505181770341175166
12010101604502008104161068617205141740340171169
12010101604502008104619071919405251810344176168
12010101604512008100163070918705221740348172176
12010101604512008100415075518805671890378184194
12010101604512008104328071118905221740348172176
12010101604522001103413068621004761790297155142
12010101604522005100291069021404761780298155143
12010101604522005106334074119705441880356179177
12010101604522006103277069221604761780298154144
12010101604522007100566065916604931610332166166
12010101604522007102267078924605432060337178159
12010101604522008100949076620405621890373185188
12010101604532006103196064216604761570319161158
12010101604532007100174071218905231760347173174
12010101604532007101073060118104201520268139129
12010101604532007104803068620004861810305159146
12010101604532008102635063917104681640304157147
12010101604532008110036067019104791730306157149
12010101604542004110044071318505281730355177178
12010101604542006100349074319405491810368183185
12010101604542006104339088322406592230436223213
12010101604542006106091078818905992180381199182
12010101604542007100962074719405531910362184178
12010101604542007101765073921505241930331177154
12010101604542007103839073919505441780366182184
12010101604542007103853071319805151830332170162
12010101604542008100488071018405261820344173171
12010101604542008104474078122105601940366181185
12010101604552005110225077920805711940377189188
12010101604552006103023067717005071720335165170
12010101604552007104260071218505271780349172177
12010101604552007104281075218805641880376192184
12010101604552007106706073420405301750355183172
12010101604552008100861074619305531840369185184
12010101604552008102084079920805911990392196196
12010101604552008105723073019705331790354174180
12010101604562005106501068318904941700324164160
12010101604562006103386066817304951610334161173
12010101604562007100050071118005310000000000178
12010101604562007101489070017805221770345172173
12010101604562007105128077721405631850378190188
12010101604562008102049069318205111730338170168
12010101604562008102756073620105351870348173175
12010101604562008103462069218105111730338170168
12010101604562008103794074320105421900352186166
12010101604562008106170078320805751990376188188
12010101604562008106472073818505531790374184190
12010101604582007100723072320405191870332170162
12010101604582007101755070219705051750330168162
12010101604582008100489074620205441870357181176
12010101604582008100863072718805391780361182179
12010101604582008101736066217404881620326162164
12010101604582008102223064517204731600313158155
12010101604582008104427072618805381770361182179
12010101604592002106778071419205221720350177173
12010101604592007100811072921405151780337170167
12010101604592008105008073620605301860344171173
12010101605002006105230061116604451570288146142
12010101605002007100235075719505621970365188177
12010101605002008101335073518705481830365188177
12010101605012006104087073718405531820371183188
12010101605012007102448077420005741840390191199
12010101605032008104213068917805111690342170172
12010101605032008109145078119705841920392193199
12010101605042005104957070818605221650357175182
12010101605042007102913071319705161770339172167
12010101605042008103145071119705141760338173165
12010101605042008105591071019805121760336171165
12010101605052004105982069317705161720344171173
12010101605052006103317065917704821640318161157
12010101605052008100267070619505111710340171169
12010101605052008100284072920105281810347175172
12010101605052008101634073119005411740367181186
12010101605052008103363069620104951720323164159
12010101605052008104890070320504981720326165161
12010101605062005102525000019900001830000000000
12010101605062007102676073319705361770359178181
12010101605062008103247068416605181680350172178
12010101605072005110170070019605041730331169162
12010101605072006103352068417205121700342171171
12010101605072007106620071519505201770343173170
12010101605072008100394071018505251760349169180
12010101605072008101453069919205071760331168163
12010101605082005102095070718705201840336000000
12010101605082006102988073418905451870358186172
12010101605082006105462067118304881660322160162
12010101605082008100445069919505041780326174152
12010101605082008101364067517005051610344166178
12010101605082008101723068617105151710344172172
12010101605082008104735068617105151710344171173
12010101605082008106472071618005361750361180181
12010101605092005102348069721404831610322154168
12010101605092006103422000018400001710000000000
12010101605092007110004066717004971610336169167
12010101605092008102746068417705071660341175166
12010101605092008102833068317705061650341175166
12010101605092008104474070319005131720341171170
12010101605102008100832068117905021700332164168
12010101605102008103425000019900001920000191000
12010101605112005104961072819805301820348177171
12010101605112006105928069918205171750342174168
12010101605112007104621075519205631900373189184
12010101605122002107303069918305161770339173166
12010101605122008102190076419405701810389195194
12010101605132006102237073719705401830357181176
12010101605132007103161066616105051600345167178
12010101605132007106006076519105741790395194201
12010101605142003100996070217605261680358175183
12010101605142008102870067116505061650341171170
12010101605142008105965068717905081720336168168
12010101605152005105912070318905141730341173168
12010101605152008104610073819105471840363185178
12010101605152008105269073219905331770356179177
12010101605162008101368076519605691950374188186
12010101605172008104426071716605511740377188189
12010101605182007102183074519305521840368187181
12010101605182008100175078220505771980379193186
12010101605182008103116076219405681860382192190
12010101605182008103887076319405691870382191191
12010101605182008105467066316504981630335164171
12010101605182008105699079020805822010381191190
12010101605182008105703079020805822010381191190
12010101605192006103147060814804601510309152157
12010101605192008101444068317605071650342169173
12010101605202004101367073119505361880348173175
12010101605202006100529053100000000000000000123
12010101605202006104724057716704101540256132124
12010101605202008101969070616505411780363184179
12010101605202008104880074519905461900356182174
12010101605202008105139073819105471830364184180
12010101605202008110051055716903881390249128121
12010101605212006106140067116605051680337167170
12010101605212007101822069118905021670335167168
12010101605222006103166071518605291800349175174
12010101605222007100899076020905511900361183178
12010101605222007102316068818505031810322168154
12010101605222007102912074418705571780379183196
12010101605222007104671065016704831620321161160
12010101605222007106571067718204951690326160166
12010101605222008101380070818605221810341171170
12010101605232005110214076722105461900356175181
12010101605232006101416079421205821970385189196
12010101605232007100727080420705972040393201192
12010101605232007104457081522005952010394197197
12010101605232008103226071419505191800339169170
12010101605232008104798075920905501790371183188
12010101605232008105100078420905751950380194186
12010101605232008105665075019605541860368186182
12010101605242005104961073019505351760359180179
12010101605242006106566072620905171780339178161
12010101605242007102955065518304721690303162141
12010101605242007105165072818405441770367182185
12010101605242008100623074018505551850370180190
12010101605242008101658069217105211680353174179
12010101605242008101920071118305281730355176179
12010101605242008105261072418505391760363177186
12010101605252004103991059617204241550269133136
12010101605252008101687072518505401820358181177
12010101605252008103836071317805351780357180177
12010101605252008104089064716004871560331163168
12010101605252008104488065217404781570321159162
12010101605252008105417071317905341780356180176
12010101605262008100050072120205191800339172167
12010101605262008101936074200000000000355182173
12010101605262008102421068018504951730322162160
12010101605262008102639068018504951730322162160
12010101605262008104264067916705121710341175166
12010101605272008101125066318004831550328156172
12010101605282007103169066516804971630334167167
12010101605282008101344081822305952050390201189
12010101605282008101894070918705221800342170172
12010101605282008105998067317804951650330165165
12010101605292007102817066619104751660309155154
12010101605292008103066068117805031690334165169
12010101605302008102418071419205221740348176172
12010101605312008101720071318505281770351176175
12010101605312008102942067919004891830306160146
12010101605312008103717072318905341820352176176
12010101605312008104892071218405280000000000175
12010101605322006103731074520705381890349174175
12010101605322007101834074619505511870364186178
12010101605322007105120069718805091640345169176
12010101605322008100161090123906622290433215218
12010101605322008100350090024806522250427216211
12010101605322008105192072619505311780353179174
12010101605322008105624073319205411880353179174
12010101605322008105826073519205431890354179175
12010101605332004102702075420205521890363184179
12010101605332006102332076520505601840376189187
12010101605332007101269076600000000000377191186
12010101605332008100175075219405581870371185186
12010101605332008105699077220205701930377191186
12010101605332008105703077120205691930376190186
12010101605332008105969070618905171650352171181
12010101605342005105240070618205241730351174177
12010101605342007100644076022005401920348180168
12010101605342008101177070417805261660360181179
12010101605342008101359075619505611840377190187
12010101605342008102037076719905681930375192183
12010101605352006103166066617804881700318161157
12010101605352007102912066817104971660331162169
12010101605362006110049068517505101710339170169
12010101605362008101755069419105031730330169161
12010101605362008104594071419305211820339174165
12010101605372008101253067016905011660335171164
12010101605372008105880072919505341780356179177
12010101605382008102530074719205551860369186183
12010101605382008103607069918605131730340000000
12010101605392008100690073220405281770351179172
12010101605402008109232066418204821700312156156
12010101605412005105913075020205481890359180179
12010101605422006100797087521106642000464215249
12010101605432007105072070618805181740344171173
12010101605452006101297066817104971610336162174
12010101605452008110095069120404871690318158160
12010101605462007104787070419105131770336170166
12010101605462008103160070318505181740344175169
12010101605472005105013066417304911610330165165
12010101605482006101531073218905431850358178180
12010101605482008101359070018005201810339171168
12010101605482008101947074419205521880364182182
12010101605482008102065073619405421840358183175
12010101605492008101519073118905421780364181183
12010101605502008105387090322206812290452222230
12010101605512005102879061116504461540292146146
12010101605512005105410071719005271770350176174
12010101605512006101515073720105361780358183175
12010101605512008103070068417905051670338159179
12010101605522007101663072218005421780364184180
12010101605542004101256071318305301730357176181
12010101605542005110136065118304681630305157148
12010101605552005106463065720704501820268142126
12010101605552006102147000000005081720336000000
12010101605552007105728074419905451850360183177
12010101605562006100111085123306182380380193187
12010101605562006103963081821106072030404204200
12010101605562008100468072520605191660353166187
12010101605562008104038080221705852060379194185
12010101605562008104443065317704761610315151164
12010101605562008105759078421805662010365187178
12010101605572006100797068217105111580353175178
12010101605572008101672071919005291840345180165
12010101605572008102895062017604441570287141146
12010101605572008102958065818204761680308162146
12010101605572008103818072119005311770354178176
12010101605572008105549061316104521520300148152
12010101605582003103034071420205121790333170163
12010101605582006109274074819505531890364185179
12010101605582007103402068617005161710345174171
12010101605582007104207074519505501820368186182
12010101605582008101151067116205091680341167174
12010101605582008109190071318705261790347176171
12010101605592005102216067018104891650324164160
12010101605592005102294068316705160000000000179
12010101605592006100012066017004901640326161165
12010101605592006105444056114904121420270140130
12010101605592006110054062817104571550302151151
12010101605592007103404066717204951650330161169
12010101605592007105730054914304061390267135132
12010101605592007105949065417304811640317157160
12010101605592008100162074218905531850368185183
12010101605592008104381072219505271780349171178
12010101605592008105524066417804861620324162162
12010101605592008105528000016900001630000162000
12010101606002005102430066218004821680314160154
12010101606002005109205065718204751630312163149
12010101606002006103316071219205201840336179157
12010101606002007102887059014604441440300146154
12010101606002007103018061615604601550305152153
12010101606002007103327066318104821610321161160
12010101606002008102594066618104851710314160154
12010101606002008103293065018504651630302152150
12010101606002008104027068017605041670337169168
12010101606002008104862072018605341830351180171
12010101606012005100097064016604741590315157158
12010101606012005102685080322605771950382195187
12010101606012005110055064016704731580315158157
12010101606012006103084068219204901680322163159
12010101606012008100519071918205371790358180178
12010101606012008103163079121905722070365184181
12010101606012008103539081622605902080382189193
12010101606022006105798070019205081690339170169
12010101606022007106606067717904981760322164158
12010101606022008104699068318105021670335169166
12010101606032004101775067818304951680327164163
12010101606032008102742069117705141730341174167
12010101606032008103842067618204941690325164161
12010101606042004104433068618704991730326166160
12010101606042007101270073919905401870353179174
12010101606042007102058065317304801500330162168
12010101606052007102863068518804971710326169157
12010101606052008101233065417104831600323161162
12010101606052008106269072418405401830357180177
12010101606062004102812070018705131710342175167
12010101606062006100292064017904610000000000150
12010101606062006101207000000004831690314156158
12010101606062006106206076920205671940373189184
12010101606062007102758066218004821630319158161
12010101606062008102669068318005031800323169154
12010101606072004101052000000000000000000000000
12010101606072006103026067517704981680330163167
12010101606072006103340067717705001660334164170
12010101606072007102010066516604991630336168168
12010101606072007103000070918705221690353177176
12010101606072007104509066917304961660330170160
12010101606072008101394069316905241670357177180
12010101606082005110107068418305011730328166162
12010101606082006102768065317104821640318160158
12010101606082007109071067818104971670330170160
12010101606082007110099070418805161750341172169
12010101606082008100503066616605001630337163174
12010101606082008102321071720505121740338171167
12010101606082008103128071920405151750340171169
12010101606082008106379071219905131670346169177
12010101606092005105617067215405181590359173186
12010101606092007106392065517704781600318163155
12010101606102006110131069718605111720339167172
12010101606112005105377070119305081750333167166
12010101606112006109274065417404800000000000144
12010101606112007103247066617304931700323165158
12010101606112007103395065016804821600322160162
12010101606112008104160075619705591850374184190
12010101606112008104869069918805111720339173166
12010101606132006103045070719205151750340170170
12010101606142007105543073318705461840362181181
12010101606152008100069067417804961690327165162
12010101606162006102925065017704731600313157156
12010101606162007101410056915404151390276134142
12010101606162008100076070618605201780342174168
12010101606162008100107068516205231720351175176
12010101606162008102119066616804981710327166161
12010101606162008102931070618605201780342174168
12010101606172006103160063617004661630303156147
12010101606172008104301068718405031770326161165
12010101606182007104804071418405301770353179174
12010101606182008103524072721005171780339170169
12010101606182008104014071620005161840332170162
12010101606182008105720070618605201760344172172
12010101606182008105813072618605401790361177184
12010101606192006103268054615103951350260128132
12010101606192007100537056615404121450267132135
12010101606192008100479069617705191740345174171
12010101606192008100865078122005611980363184179
12010101606192008110094070717805291770352182170
12010101606202005100401073218705451780367188179
12010101606202005103317075019905511880363186177
12010101606202007101390074620905371720365180185
12010101606202008100335073118705441830361175186
12010101606202008103060073118605451810364182182
12010101606202008103408074518805571810376187189
12010101606202008104545071419005241720352171181
12010101606212007103000069218305091680341167174
12010101606222006105408073018905411800361179182
12010101606232008100056069817905191770342173169
12010101606232008100105067917805011650336162174
12010101606232008100136069117605151710344180164
12010101606232008100142069518505101760334170164
12010101606232008101507068617805081770331166165
12010101606242006100024075521505401860354183171
12010101606242006105867063016504651530312157155
12010101606242008101267073717405631820381191190
12010101606242008103681074719005571900367186181
12010101606252005106040069318605071770330170160
12010101606252008100013067517704981700328168160
12010101606252008105475066517604891680321162159
12010101606262005102307064716304841610323164159
12010101606262008103386068616805181680350177173
12010101606272006102582064314804950000000000177
12010101606272007102754070717805291820347178169
12010101606272008100877077020605641940370191179
12010101606272008101336075220905431950348181167
12010101606272008104822068617605101750335171164
12010101606272008104997075120705441960348180168
12010101606272008105021073719505421790363183180
12010101606272008105145069718005171690348171177
12010101606282005102233083125905722130359191168
12010101606282006103372082521406112110400205195
12010101606282007100107070819205161770339170169
12010101606282007105709082021506052090396202194
12010101606282007110048083326005732120361192169
12010101606282008105609083025705732130360192168
12010101606292004104321080423805662010365188177
12010101606292008103271067116905021680334164170
12010101606292008104992079823505632000363185178
12010101606292008105422074319905441820362184178
12010101606292008105495075418705671890378190188
12010101606292008106261067417105031690334164170
12010101606292008106717079020805821920390191199
12010101606302004102874068818405041710333167166
12010101606302008102838069517605191770342172170
12010101606302008102966077719405831910392194198
12010101606302008104753078819905892080381194187
12010101606312004109291063216604661550311154157
12010101606312007101419064617104751550320158162
12010101606312008103054068917705121690343171172
12010101606312008104581068317205111670344173171
12010101606312008105567068917705121690343171172
12010101606322005102113075119905521930359187172
12010101606342008101332067217304991700329167162
12010101606342008102315067217304991710328165163
12010101606342008105929076719605711920379195184
12010101606352004105074073319905341830351181170
12010101606362003102985067018104891670322161161
12010101606372007102748063915804811550326159167
12010101606382005110115067717605011630338166172
12010101606392004105766058114104401410299148151
12010101606392004110234070617305331770356179177
12010101606392008106465068916905201760344182162
12010101606402008106124075320705461820364182182
12010101606422008105495064216504771600317159158
12010101606422008106717064116804731560317158159
12010101606432006103473073518605491820367180187
12010101606462005100937072719105361760360180180
12010101606462006102180076718805791880391195196
12010101606462008102276073319105421820360181179
12010101606472007100110070018905111760335164171
12010101606472008100628068718405031690334167167
12010101606472008100906071418805261750351173178
12010101606472008102700068718505021690333167166
12010101606482004105074069718805091760333173160
12010101606482004110047065418804660000000000148
12010101606482007102524068617205141700344177167
12010101606482007104925070618605201770343173170
12010101606482008100366067517804971620335166169
12010101606482008100946070220005021720330166164
12010101606492005105928067619004861700316161155
12010101606492006100790067617804981750323160163
12010101606492006102975070319005131700343168175
12010101606502007104255073020105291800349175174
12010101606502008100386072418705371830354174180
12010101606512005102012084323506082080400199201
12010101606512005106459079521305822000382193189
12010101606512007100396084022406162030413202211
12010101606512007103142083923606032020401192209
12010101606512008100871083522506102080402201201
12010101606512008102651076820405641910373191182
12010101606512008105025082422306012070394199195
12010101606522005103240071818205361770359179180
12010101606522008104263075219605561960360184176
12010101606522008105096076020005601890371185186
12010101606522008106549073918505541830371188183
12010101606532008100477069618905071730334166168
12010101606552005101597071720405131810332171161
12010101606552008103012068016505151660349171178
12010101606552008109191068117205091680341173168
12010101606562006103138069618205140000000000169
12010101606562006105549000020600001870000179000
12010101606562007106121070418605181790339171168
12010101606562008101251067116405071640343171172
12010101606562008101441066116304981570341168173
12010101606562008104031072418605381910347179168
12010101606562008104865068818705011890312173139
12010101606562008105641072018805321880344182162
12010101606572007101538073719205451860359181178
12010101606572008100878073218505471800367185182
12010101606572008101348076019705631920371187184
12010101606572008101712073118405471840363181182
12010101606572008105480068617705091580351175176
12010101606572008105816069318205111620349176173
12010101606572008106017076019605641920372188184
12010101606572008106591073318605471800367185182
12010101606582005103581063517104641500314156158
12010101606582006103105072819205361770359179180
12010101606582006103241077620405721970375192183
12010101606582007100764070319205111790332172160
12010101606582007103838064617004761600316159157
12010101606582008101020066016704931610332167165
12010101606592007100567076620305631930370182188
12010101606592008102340070117805231800343169174
12010101606592008104516071119505161750341172169
12010101607002005100937068919004991660333170163
12010101607002005106266068417805061610345169176
12010101607002008101117064416204821540328153175
12010101607002008101908072919805311700361178183
12010101607012003106208081723305842120372187185
12010101607012006110025072318105421750367182185
12010101607012007103405072118905321830349000000
12010101607012008100677069516705281740354176178
12010101607022004103104061015704530000000000149
12010101607022005101222064318104621570305153152
12010101607022006101240067116705041670337170167
12010101607022006102975066317404891660323158165
12010101607022006104932070718205251710354177177
12010101607022007100019062416704571590298149149
12010101607022007105909069419704971810316000000
12010101607022008105843065918104781610317159158
12010101607032004101724080221705852040381196185
12010101607032005105196064717704700000000000148
12010101607032006100818066817904891710318163155
12010101607032006104509065916804911640327166161
12010101607032008103813067818104971690328164164
12010101607032008105154071819105271720355177178
12010101607032008106365068718705001750325168157
12010101607192005105525054614803981390259132127
12010101607202005101597062317004531510302000000
12010101607202006109260067918104981680330164166
12010101607202007100208070518305221780344176168
12010101607202007101012058814504431470296146150
12010101607202007102079061400000000000000000154
12010101607202007104883068018704931690324162162
12010101607202007105909076320205611890372184188
12010101607202008101764065016804821620320152168
12010101607202008102313064616604801580322160162
12010101607202008103785064217004721630309153156
12010101607202008103879067717904981670331163168
12010101607202008105388059414804461470299146153
12010101607202008105792064016904711600311157154
12010101607202008106413062716504621550307151156
12010101607212005105102066316704961650331164167
12010101607212005106473072120205191690350179171
12010101607212006101490069418305111670344172172
12010101607212006106075067617704991700329166163
12010101607212007100355067717804991710328167161
12010101607212007101370066917504941660328164164
12010101607212008100715068518505001690331170161
12010101607212008101815065717704801620318159159
12010101607212008101953066016404961620334168166
12010101607212008102292074319505481770371183188
12010101607212008103605066717904881620326161165
12010101607212008104237073018205481750373184189
12010101607212008104749067718104961690327167160
12010101607212008105887067718204951690326166160
12010101607212008200008066015405061610345172173
12010101607222005101541063617204641590305160145
12010101607222007100044064816604821610321156165
12010101607222007100559074518905561840372187185
12010101607222007101432065815005081640344171173
12010101607222007101867065017004801620318156162
12010101607222007103148068118404971750322163159
12010101607222007103199061516104541620292159133
12010101607222007104889070218905131750338168170
12010101607222008100398068117805031650338168170
12010101607222008101653068817505131660347172175
12010101607222008101746068117405071690338169169
12010101607222008102654068117705041670337167170
12010101607222008102812068817405141670347171176
12010101607222008103420067818604921650327161166
12010101607222008106018070018605140000000000174
12010101607232006106892067217804941670327163164
12010101607232007100468075019705531930360178182
12010101607232007101515064916804811580323161162
12010101607232007105646078621005761940382190192
12010101607232007106724084121906222010421210211
12010101607232008100994079021105791930386200186
12010101607232008101718066218204801640316161155
12010101607232008102738064016204781590319158161
12010101607232008104849066218104811670314158156
12010101607232008105700075619705591820377193184
12010101607232008110066058415104331380295141154
12010101607242003107130068419004941730321165156
12010101607242006102055073019505351810354177177
12010101607242006103222058816004281480280142138
12010101607242006110132066719204751720303159144
12010101607242007102275068717805091720337172165
12010101607242007104894066618704791680311159152
12010101607242007105594067316605071680339169170
12010101607242007105604071418705271730354177177
12010101607242007105671069616705290000000000000
12010101607242008101035073519705381800358182176
12010101607242008101301069418005141680346169177
12010101607242008101529067418504891710318165153
12010101607242008102167071719105261780348177171
12010101607242008103948065316804851610324162162
12010101607242008104578074620805381740364178186
12010101607242008104952066718104861650321162159
12010101607242008105960072518405411780363181182
12010101607242008106177070018205181740344175169
12010101607252007103234000000000000000000000132
12010101607252007103295062116604551570298149149
12010101607252008102257067818804901680322158164
12010101607252008102596064017304671490318155163
12010101607252008103549065517304821620320161159
12010101607252008106118064617204741590315158157
12010101607262005102286061517104440000000000149
12010101607262006102322067718004971690328165163
12010101607262006102954066517904861690317163154
12010101607262007103255066416904951690326163163
12010101607262007104434054014103991390260134126
12010101607262008100150071018605241750349175174
12010101607262008103833071318005331770356173183
12010101607262008103881063200000000000310154156
12010101607262008104430067018304871630324162162
12010101607272005110064052713803891280261126135
12010101607272006102843066917804911630328169159
12010101607272008102776068218504971670330168162
12010101607282005105011071119105201830337176161
12010101607282008101818066817304951680327163164
12010101607282008103065063616104751530322159163
12010101607282008103718060316204411450296146150
12010101607282008104460070318505181830335171164
12010101607292005106172070718505221730349173176
12010101607292007106416073919505441830361179182
12010101607292008102563068516905161590357177180
12010101607302002102876075719705601840376186190
12010101607302008101753073919805411890352179173
12010101607312007100337074020505350000000000173
12010101607322005102911077918705921990393199194
12010101607322007101271066016504951620333168165
12010101607322007101272067617305031700333000000
12010101607322008102293066717004971640333168165
12010101607322008103458075318305701920378193185
12010101607322008106475066816805001670333169164
12010101607332006101490067918104981640334167167
12010101607332008100715068017605041750329168161
12010101607332008101764062716504621580304154150
12010101607332008103879064417004741620312161151
12010101607342004105640070518905161730343170173
12010101607342008102292072118705341780356175181
12010101607342008102562059214304491470302150152
12010101607342008104237070617405321760356176180
12010101607342008110049059115404371460291146145
12010101607352004104994062517104541580296000000
12010101607352008102566063416104731560317159158
12010101607362004100467061616104551550300153147
12010101607362006110017068618205041740330162168
12010101607362008100903071717705401860354182172
12010101607362008102351064116604751580317154163
12010101607362008102861067715905181690349178171
12010101607362008110018065417704771630314155159
12010101607372002106785068500000000000344173171
12010101607372005100948071018405261840342177165
12010101607372006101507065819204661640302159143
12010101607372006106024059715204451440301145156
12010101607372007101370065416304911680323164159
12010101607372007105646076619105752020373191182
12010101607372008100994080722605812060375188187
12010101607372008101647068117805031750328168160
12010101607372008101651068117705041760328169159
12010101607372008105700076519905661960370191179
12010101607382005106276067618004961660330166164
12010101607382006104518065317104821570325160165
12010101607392005106484066118704740000000000151
12010101607392007102275070018205181790339172167
12010101607392007103116064518104641490315156159
12010101607392007110121068520104841640320159161
12010101607392008102296071217605361730363179184
12010101607392008103151071820405141730341167174
12010101607392008110035067118704841570327160167
12010101607402005102632070619205141750339173166
12010101607402006102243067717205051720333170163
12010101607402006103037069117005211710350178172
12010101607402008103105069517405211700351174177
12010101607412004104528072520105241840340174166
12010101607412006101921068016905111680343174169
12010101607412008100584067117704941610333160173
12010101607422005106342067416505091600349169180
12010101607422007102794068518105041670337174163
12010101607432004101438069018805021690333166167
12010101607432007102358000000000000000000000000
12010101607432007106387064516304821600322160162
12010101607432008102289068917505141750339176163
12010101607442007101271065516204931610332166166
12010101607442007101272065716204951640331165166
12010101607442008101779063716004771530324159165
12010101607452006104744064718004671640303151152
12010101607452007103841073019105391830356179177
12010101607452008102832069118905021730329164165
12010101607462004103125059815504431470296144152
12010101607462005102392068918705021680334168166
12010101607462006103590068417905051720333167166
12010101607462008106573074219105511840367181186
12010101607472005100956073421105231830340176164
12010101607472005101405072217905431770366187179
12010101607472005101912076120505561930363185178
12010101607472006100405067917905001710329163166
12010101607472007109058064516504801640316161155
12010101607472008101273069218605061710335171164
12010101607472008101581069218405081720336171165
12010101607472008101633065216504871650322157165
12010101607472008101977074320805351820353175178
12010101607472008104217075321005431880355176179
12010101607472008105714066717704901710319160159
12010101607482004105640061716904481500298146152
12010101607482006102447068217605060000000000000
12010101607482006104700080119806032050398202196
12010101607482008101522069419005041720332167165
12010101607482008101645066416305011600341170171
12010101607482008101801064716304841570327160167
12010101607482008105461067618404921610331165166
12010101607492007103882000019300001700000155000
12010101607502005102432069517705181690349176173
12010101607502005106229066816805001720328166162
12010101607512003101875070916305461770369180189
12010101607512005102178053713504021320270130140
12010101607512008103125063616104751570318158160
12010101607512008103165068817205161790337167170
12010101607512008103371069017405161760340169171
12010101607512008106609066316504981660332164168
12010101607522004106000067517205031700333169164
12010101607522005105641063516904661640302160142
12010101607522005106184068617605100000000000175
12010101607522007105057076319605671900377193184
12010101607522008100331074619105551850370188182
12010101607522008100405069318105121680344172172
12010101607522008101493069618505111660345174171
12010101607522008103076069818005181710347176171
12010101607522008105728067816705111660345172173
12010101607522008105950075319305601860374189185
12010101607532006102794063517404611640297154143
12010101607532007103272069018305071750332169163
12010101607532008105085073018705431790364184180
12010101607542008101691072918305461800366183183
12010101607542008105340072818205461790367184183
12010101607542008105450072618305431740369183186
12010101607562008100303068318005031660337171166
12010101607562008101076065217404781640314157157
12010101607562008103457068117305081700338170168
12010101607562008105554067018704831710312156156
12010101607572004101731069117605151750340178162
12010101607572006102738076119005711850386190196
12010101607572006103062069717605211770344178166
12010101607582005102682061916004591540305161144
12010101607582005104155067717505021620340166174
12010101607582005106612072418605381800358000000
12010101607582007101070079221705751910384192192
12010101607582007103056075120905421780364177187
12010101607582007103151073119205391800359179180
12010101607582008100358077820305751920383191192
12010101607582008103380066417304911640327160167
12010101607582008105874073519505401750365183182
12010101607582008106542073919205471810366185181
12010101607592006105850070519405111730338171167
12010101607592008101875067818804901670323168155
12010101607592008104419067718704901680322168154
12010101608002004105676074918205671880379186193
12010101608002008102277074618005661850381188193
12010101608002008104888075819305651840381186195
12010101608002008105735071717905381730365183182
12010101608012005101309078120205791990380197183
12010101608032005107062065517704781620316162154
12010101608032006102584064316604771560321159162
12010101608032007104724072018905311850346178168
12010101608032008100216067917005091640345170175
12010101608042006102684066618504811630318160158
12010101608042006106430075019105591870372188184
12010101608052008100219070718505221730349176173
12010101608052008100709073419805361820354181173
12010101608072006102036070418205221730349173176
12010101608072007104922063216204701520318160158
12010101608072008102757070317805251770348175173
12010101608112006101262070519205131860327164163
12010101608112007101071067117404971710326168158
12010101608112007104334060115904421390303145158
12010101608112008100227068318504981760322165157
12010101608112008106438070217505271740353176177
12010101608122008102826069417705171690348172176
12010101608142005102199063516104741500324162162
12010101608142006104670055213604161340282132150
12010101608142008104834069017905111670344171173
12010101608142008109211067117704941520342167175
12010101608142008110061065416404901520338161177
12010101608142008110114067918304961730323163160
12010101608152005110204064717704701640306156150
12010101608162002104208078020105791990380198182
12010101608162003100386070319205111740337171166
12010101608172003105367070918705221800342172170
12010101608172008101643068518105041700334168166
12010101608172008102601068518105041700334168166
12010101608182005101309065117404771640313156157
12010101608202002100604077421205621880374192182
12010101608232004104345069219005021710331167164
12010101608232007103338066517404911640327164163
12010101608232008105866068918605031680335167168
12010101608242007103522067218604861660320159161
12010101608242007103717067616805081700338165173
12010101608242008106437073017305571880369181188
12010101608262005110171075621205441930351181170
12010101608262007105508065916304961670329163166
12010101608262008102269077120905621940368191177
12010101608272005103964068217805041680336167169
12010101608272006101511073120205291950334170164
12010101608282008103340060816304451510294148146
12010101608282008105773072120405171850332167165
12010101608292007103679065018604641620302150152
12010101608302008100068068816105271680359174185
12010101608302008105338061315204611560305152153
12010101608312002100604070118605151710344172172
12010101608322006105649067418404901620328162166
12010101608322008100119067917105081640344167177
12010101608322008105801071818405341750359179180
12010101608322008106695071718305341750359179180
12010101608322008200013071217905331750358180178
12010101608352007101398070018305171740343170173
12010101608362005109202071821305051820323165158
12010101608362008103523077719905781920386190196
12010101608362008110077079520305922030389195194
12010101608372004104139073519905361790357175182
12010101608372008103568071118305281720356173183
12010101608382005100782067818004981710327162165
12010101608402005101710061915504641510313153160
12010101608412006103428065616304931670326165161
12010101608412008103259065816404941680326165161
12010101608422005100206067518804871660321162159
12010101608432004100879063217004621560306154152
12010101608432006106016072118805331790354177177
12010101608432007103637068917605131690344170174
12010101608432008100953071318405291770352176176
12010101608432008102702061017404361510285142143
12010101608432008103192060617004361510285143142
12010101608432008106237069217805141680346171175
12010101608442007102967064316804751620313158155
12010101608442007104788063817704611620299151148
12010101608442008100552063416104731590314158156
12010101608442008103273064316904741600314155159
12010101608442008103281064700000000000319160159
12010101608452006103391063616604701590311155156
12010101608452007103320069517905161780338171167
12010101608452007105619069219005021760326166160
12010101608452008103235065317904741550319159160
12010101608462007101829066517504901640326160166
12010101608472006103219073320105321820350176174
12010101608472008101237072418505391860353182171
12010101608472008101451072418505391860353182171
12010101608472008103862068817205161770339175164
12010101608482003102466069318905041770327166161
12010101608482005106406068618804981660332166166
12010101608482008103808068819004981710327166161
12010101608492004105612066317304901640326163163
12010101608502004104139069819305051730332164168
12010101608502005106424072118905321760356175181
12010101608502007101514069819005081740334172162
12010101608502007105166079020905811970384196188
12010101608502008110077071218505271740353178175
12010101608512001107391070518805171790338171167
12010101608522005102557068118304981750323162161
12010101608522005105352056715904081440264131133
12010101608522008102814076320005631880375187188
12010101608532005101764068918305061720334169165
12010101608532006103402068717605111710340175165
12010101608532007100825062016104591490310151159
12010101608532007106385069119005011670334162172
12010101608532008101984069018105091720337169168
12010101608532008103568071318005331790354176178
12010101608532008106444069618705091700339171168
12010101608582004110158061515904561520304151153
12010101608582008105527077418605881950393195198
12010101608582008110032078519105941980396196200
12010101608592005102260063117804531560297149148
12010101608592007103130062316704561560300149151
12010101609002004103182052413203921260266126140
12010101609002008100724056514904161460270133137
12010101609042006106413055014604041390265132133
12010101609042007102760066017904811590322156166
12010101609062006103402069017905111700341171170
12010101609062008105542070518005251740351175176
12010101609062008106613070718105261750351175176
12010101609072005102557065817804801690311160151
12010101609072006102944062817204561620294150144
12010101609072007104302068117905021640338174164
12010101609082005102578067517704981640334169165
12010101609082007103256065718304741680306155151
12010101609082008103091074519205531930360182178
12010101609082008103133074819405541930361183178
12010101609082008104223067017204981630335167168
12010101609092008105211070619705091730336170166
12010101609102008105655065918704721630309157152
12010101609112006102540066217604861600326163163
12010101609112008102322090728806192280391202189
12010101609112008102734091228906232300393202191
12010101609112008105218068917005191700349176173
12010101609122005106385065817204861650321165156
12010101609132008101276071818305351740361182179
12010101609142008110093071417205421720370182188
12010101609222002104783068916905201720348171177
12010101609352005100154060415104531490304153151
12010101609352007100206064616804781610317166151
12010101609352007101197063817604621590303152151
12010101609352008101470065117004811600321163158
12010101609352008103182064416504791560323161162
12010101609352008105562063715904781570321162159
12010101609422007110012069118105101740336165171
12010101609432001100686071718305341820352174178
12010101609432008100481072618905371850352180172
12010101609432008103812069918305161770339170169
12010101609452008104461071516905461730373188185
12010101609502005106611055215004021430259135124
12010101609562002107516068317605071710336170166
12010101609562007106213068817905091740335168167
12010101609562008103662070518405211640357177180
12010101609572007102890067617904971680329171158
