02003121906561996107240000000006352120423217206
02003121906561998101711000000006092040405202203
02003121906561999101839000000005281600368171197
02003121906561999104837000000005001680332167165
02003121906561999106629000000005901900400201199
02003121906561999110204000000005381750363180183
02003121906562000100319000000005611800381186195
02003121906562000101367000000005841890395192203
02003121906562000101636000000005481790369182187
02003121906562000102820000000005942020392195197
02003121906562000104308000000000000000000000192
02003121906562000110024000000005241770347172175
02003121906562000110239000000005101570353172181
02003121906562001100966000000005451720373180193
02003121906562001101871000000005851940391194197
02003121906562001101969000000005281720356179177
02003121906562001102688000000005901880402200202
02003121906562001103151000000005141710343169174
02003121906562001103318000000005351670368181187
02003121906562001103534000000005451660379185194
02003121906562001105232000000005421720370179191
02003121906562001107582000000005871980389191198
02003121906562001107651000000006052060399199200
02003121906572000102401000000005221730349179170
02003121906572000106315000000006031930410202208
02003121906572000107224000000005171710346170176
02003121906572000107620000000005411760365183182
02003121906572001101149000000005471840363181182
02003121906572001101544000000005781930385192193
02003121906572001102096000000000000000351177174
02003121906572001102374000000005501850365185180
02003121906572001102865000000005671870380191189
02003121906572001102944000000006222020420208212
02003121906572001103011000000005941960398196202
02003121906572001103252000000005971970400199201
02003121906572001103834000000005201690351173178
02003121906572001104238000000005061670339168171
02003121906572001104713000000005691920377191186
02003121906572001104800000000005351720363178185
02003121906572001104825000000005571820375188187
02003121906572001104830000000005511680383187196
02003121906572001105731000000005831870396195201
02003121906572001107726000000005291740355172183
02003121906572001109341000000005862040382192190
02003121906572001109444000000005191740345170175
02003121906572001110234000000005441710373182191
02003121906581997110263000000005672000367186181
02003121906581999102544000000005721940378187191
02003121906581999107403000000000000000386194192
02003121906582000101641000000006532350418210208
02003121906582000107406000000006152000415203212
02003121906582000109222000000005791930386195191
02003121906582001100163000000005041690335162173
02003121906582001100677000000004941700324164160
02003121906582001102066000000005811980383191192
02003121906582001105605000000005972030394199195
02003121906582001106317000000005051720333164169
02003121906582001106868000000005681950373182191
02003121906582001107711000000005731880385191194
02003121906582001109385000000005261820344174170
02003121906582001110104000000006402180422210212
02003121906591999104512000000005831990384190194
02003121906592000100128000000005621990363185178
02003121906592000101041000000006812200461224237
02003121906592000101386000000005231680355175180
02003121906592000103375000000005721900382190192
02003121906592000105041000000004971690328160168
02003121906592001103399000000005350000000000000
02003121906592001105362000000006632200443216227
02003121907001995101825000000005831850398193205
02003121907001998103994000000005291840345174171
02003121907001999100555000000004851670318158160
02003121907001999101046000000005071670340171169
02003121907001999104244000000005001640336165171
02003121907001999110122000000005111670344171173
02003121907002000100335000000005371770360178182
02003121907002000100664000000004820000000000171
02003121907002000110062000000005882090379187192
02003121907002000110254000000000000000000000000
02003121907002001100574000000005331860347174173
02003121907002001102307000000005331890344176168
02003121907002001104568000000005281870341173168
02003121907002001106296000000005291860343175168
02003121907011997106580000000005641780386192194
02003121907011999102732000000004971620335172163
02003121907011999110013000000005832000383195188
02003121907012000110034000000005101860324156168
02003121907012001100167000000005101600350175175
02003121907012001100856000000005001720328162166
02003121907012001101976000000005211810340167173
02003121907012001102583000000005531900363183180
02003121907012001103373000000004951690326161165
02003121907012001103748000000005261820344172172
02003121907012001104527000000005761950381191190
02003121907012001105063000000004781760302153149
02003121907012001109366000000005351720363178185
02003121907012001110179000000005121680344167177
02003121907021998101123000000004871620325156169
02003121907021998106182000000000000000382189193
02003121907022000101462000000004791610318155163
02003121907022000104556000000005441750369187182
02003121907022000110161000000005811860395189206
02003121907022001101000000000005902030387197190
02003121907022001101809000000005391700369181188
02003121907022001103912000000005811880393202191
02003121907022001106074000000005861970389000000
02003121907022001106479000000004821580324160164
02003121907022001106498000000005591860373184189
02003121907022001109241000000005501770373187186
02003121907022001110008000000004871610326159167
02003121907022001110149000000005651810384189195
02003121907031999105543000000006522200432214218
02003121907032000105257000000005171710346173173
02003121907032001102520000000005591850374188186
02003121907032001103132000000005791840395199196
02003121907032001103168000000005301750355177178
02003121907032001106508000000005771840393195198
02003121907041996110186000000005101680342173169
02003121907041997102023000000005731940379187192
02003121907041998100955000000005531840369181188
02003121907041999100592000000006102010409204205
02003121907041999103314000000004971690328168160
02003121907041999104121000000005151720343171172
02003121907041999105729000000006252140411207204
02003121907042000100957000000005191740345175170
02003121907042000101367000000005621760386188198
02003121907042000101606000000005341800354174180
02003121907042000102699000000006051990406199207
02003121907042000110237000000005321650367176191
02003121907042001100059000000005091680341167174
02003121907042001100350000000005401730367181186
02003121907042001104419000000005291770352170182
02003121907042001105669000000005411740367182185
02003121907042001106117000000006041940410205205
02003121907042001109132000000006041940410205205
02003121907042001109462000000005521840368183185
02003121907051998102510000000006292180411208203
02003121907051999100878000000005061590347168179
02003121907051999110204000000004451460299150149
02003121907052000101088000000005692010368182186
02003121907052000101636000000005231770346173173
02003121907052000102820000000000000000412196216
02003121907052000104965000000005241740350175175
02003121907052000106324000000006052120393199194
02003121907052001102908000000005791990380188192
02003121907052001103545000000005941870407206201
02003121907052001105475000000005281840344179165
02003121907052001107651000000006242170407209198
02003121907052001107741000000005721930379191188
02003121907061996107240000000005511890362183179
02003121907061999101104000000005361700366177189
02003121907061999102239000000005571940363176187
02003121907061999102950000000005652160349176173
02003121907061999104837000000004711600311157154
02003121907061999110269000000005832020381194187
02003121907062000103034000000005511860365181184
02003121907062000104308000000004371450292147145
02003121907062000107332000000005741880386194192
02003121907062000110209000000005331700363177186
02003121907062001100468000000005151720343171172
02003121907062001101449000000005822010381198183
02003121907062001102692000000006012120389192197
02003121907062001103457000000005341740360178182
02003121907062001103534000000004881570331168163
02003121907062001103883000000005541820372185187
02003121907062001104261000000005311830348176172
02003121907062001104263000000005351800355180175
02003121907062001104406000000005691810388191197
02003121907062001104708000000006002190381194187
02003121907062001105372000000005751910384191193
02003121907062001105542000000005591890370188182
02003121907062001105812000000005511800371189182
02003121907062001106054000000005601890371185186
02003121907062001106312000000005771920385190195
02003121907062001106753000000005781920386191195
02003121907062001107110000000005431790364181183
02003121907062001107685000000005141800334171163
02003121907062001200006000000005581890369189180
02003121907071997107053000000005902010389194195
02003121907071998101143000000000001760000162000
02003121907071998101610000000004911630328161167
02003121907071998105994000000005031620341167174
02003121907071999100825000000005311940337167170
02003121907071999102544000000004781610317160157
02003121907071999104425000000004601440316151165
02003121907071999110099000000004591540305150155
02003121907072000101517000000005001670333165168
02003121907072000106315000000005551850370186184
02003121907072000107224000000004691630306152154
02003121907072000110024000000005001720328167161
02003121907072000110239000000004901540336160176
02003121907072001101969000000004951690326164162
02003121907072001102096000000004961630333167166
02003121907072001103133000000004911600331161170
02003121907072001103318000000004571450312144168
02003121907072001103546000000005281850343172171
02003121907072001103834000000004681560312154158
02003121907072001104238000000004711630308154154
02003121907072001105731000000004721490323151172
02003121907072001107649000000005001660334165169
02003121907081999106772000000005101780332164168
02003121907081999110018000000005041710333164169
02003121907082000101332000000004521480304151153
02003121907082000101450000000005231690354171183
02003121907082000102257000000004941690325163162
02003121907082000110258000000005081670341166175
02003121907082001101149000000005161750341171170
02003121907082001102944000000005541810373182191
02003121907082001103151000000004731440329155174
02003121907082001104800000000005201530367177190
02003121907082001105486000000005311720359174185
02003121907082001106317000000004971720325160165
02003121907082001107040000000005521850367183184
02003121907082001107105000000005111680343169174
02003121907082001107711000000004911650326163163
02003121907082001107726000000004871580329159170
02003121907082001109385000000004811650316158158
02003121907082001110233000000005241680356170186
02003121907092000100128000000004591620297149148
02003121907092000101041000000005421820360178182
02003121907092000103375000000005201690351182169
02003121907092000105041000000004731550318163155
02003121907092001103011000000005631880375186189
02003121907092001103070000000005611830378187191
02003121907092001103252000000005501810369182187
02003121907092001103399000000000001780000167000
02003121907092001104830000000005251650360177183
02003121907092001105362000000005961930403198205
02003121907101995101825000000005441780366181185
02003121907102000101641000000006712320439231208
02003121907102000110062000000006111960415208207
02003121907102001101642000000005822050377194183
02003121907102001106237000000005571900367185182
02003121907102001106323000000005982120386197189
02003121907111999104244000000004791540325159166
02003121907112000102266000000005571920365182183
02003121907112000104556000000005041650339168171
02003121907112001104349000000005141700344170174
02003121907112001104397000000005301850345174171
02003121907112001104527000000005001690331165166
02003121907112001110179000000004881590329162167
02003121907121998103218000000005401790361180181
02003121907121998103994000000004811660315158157
02003121907121999110013000000005041660338166172
02003121907121999110191000000005501960354187167
02003121907122000100664000000000000000306147159
02003121907122000102282000000005521750377178199
02003121907122001100258000000005331770356177179
02003121907122001101381000000005161690347172175
02003121907122001102091000000005201730347175172
02003121907122001104268000000005031660337172165
02003121907122001104568000000004841670317159158
02003121907122001105548000000005531790374184190
02003121907122001106066000000003851290256128128
02003121907122001106314000000005111690342172170
02003121907122001107606000000004961580338164174
02003121907122001107728000000005211720349175174
02003121907131997106580000000000000000322159163
02003121907131998110239000000005120000000000168
02003121907131999101046000000004791600319162157
02003121907131999104512000000005131790334166168
02003121907132000101462000000004641590305153152
02003121907132001100059000000005001590341168173
02003121907132001102583000000004931660327161166
02003121907132001104718000000005131720341170171
02003121907132001110008000000004881620326159167
02003121907141998110041000000005191630356173183
02003121907141999100555000000004851580327161166
02003121907141999102732000000004451400305148157
02003121907141999103716000000005071660341167174
02003121907141999110008000000005882190369185184
02003121907142000104965000000005081690339168171
02003121907142000110205000000005251690356173183
02003121907142001100167000000004561460310153157
02003121907142001100182000000005251870338168170
02003121907142001100856000000004881640324167157
02003121907142001101685000000005341790355178177
02003121907142001101809000000005191630356171185
02003121907142001104555000000004991680331160171
02003121907142001107645000000005201730347177170
02003121907142001110046000000005231860337164173
02003121907151996110213000000006382220416208208
02003121907151997102023000000004871600327163164
02003121907151998101734000000005201800340164176
02003121907151999102239000000005101660344167177
02003121907151999105543000000005501810369169200
02003121907152001102690000000006422130429210219
02003121907152001106182000000005311860345176169
02003121907161998101532000000006031970406202204
02003121907161998101616000000006902380452232220
02003121907161998102510000000005691930376191185
02003121907161998106923000000004981690329164165
02003121907161998110164000000004781570321156165
02003121907161999100878000000000000000000000000
02003121907161999104741000000006142260388200188
02003121907161999110160000000005290000000000181
02003121907162000101088000000004631500313154159
02003121907162000110209000000005160000000000176
02003121907162001102908000000005021670335166169
02003121907162001103132000000004131400273146127
02003121907162001104261000000004981650333166167
02003121907162001104406000000005321600372189183
02003121907162001107741000000005021670335167168
02003121907171996107240000000005471830364185179
02003121907171996110186000000004971640333172161
02003121907171998101469000000004621490313158155
02003121907171998102400000000000000000000000000
02003121907171999102950000000005381930345175170
02003121907171999104121000000004771540323158165
02003121907171999106292000000004771590318159159
02003121907171999110269000000003811280253126127
02003121907172000100921000000005371840353175178
02003121907172000101606000000004751580317156161
02003121907172000106324000000005211860335000000
02003121907172001101886000000006872440443215228
02003121907172001102692000000003821290253124129
02003121907172001103168000000004851620323161162
02003121907172001103457000000005261750351177174
02003121907172001103607000000005751840391195196
02003121907172001104174000000006552150440219221
02003121907172001104263000000005361770359183176
02003121907172001104708000000003821280254126128
02003121907172001105372000000005081680340172168
02003121907172001105542000000005081670341172169
02003121907172001105705000000006972520445234211
02003121907172001106266000000006572170440215225
02003121907172001106753000000005511880363178185
02003121907172001107110000000005221780344176168
02003121907172001107460000000006772330444234210
02003121907181998105459000000004651580307149158
02003121907181999100825000000005191830336175161
02003121907181999103314000000004821570325159166
02003121907181999110030000000005681930375189186
02003121907182000103453000000005411860355178177
02003121907182000105257000000004871600327166161
02003121907182001103393000000005501710379186193
02003121907182001109124000000005471940353184169
02003121907182001110269000000005281720356176180
02003121907191997107053000000004451510294148146
02003121907191998101610000000004631480315140175
02003121907191999107058000000005941960398199199
02003121907191999110018000000003811340247126121
02003121907192000101332000000005101590351174177
02003121907192000102257000000004291560273140133
02003121907192000110258000000004841610323153170
02003121907192001103070000000005391770362179183
02003121907192001103133000000003941300264128136
02003121907192001105486000000004821500332160172
02003121907192001106984000000005011730328167161
02003121907192001107040000000005411790362180182
02003121907192001107105000000005381670371178193
02003121907192001107568000000004991690330164166
02003121907201996110340000000006162140402204198
02003121907201998102365000000005240000000000164
02003121907201998103145000000006220000000000210
02003121907201998103218000000005251700355177178
02003121907201999101086000000005081600348166182
02003121907202000101450000000005221740348170178
02003121907202000107249000000004961600336166170
02003121907202001104419000000004811580323155168
02003121907202001104633000000004551560299149150
02003121907202001106776000000005812020379188191
02003121907202001109462000000005141700344177167
02003121907211999102022000000004711540317158159
02003121907211999106772000000004811600321159162
02003121907212001100258000000005151750340175165
02003121907212001102021000000006022050397202195
02003121907212001103323000000005741960378185193
02003121907212001105051000000005231700353173180
02003121907212001105357000000005751970378183195
02003121907212001110209000000005751920383195188
02003121907222001107259000000005111680343168175
02003121907232000105295000000005571980359183176
02003121907241998110239000000005001730327163164
02003121907241999103716000000004851580327160167
02003121907241999110218000000000001940000181000
02003121907242000101112000000005031630340167173
02003121907242000103551000000004841600324156168
02003121907242000110205000000005081660342168174
02003121907242001101685000000004941630331164167
02003121907242001102160000000005271730354173181
02003121907242001102690000000005181870331168163
02003121907242001104555000000004811540327160167
02003121907242001105264000000005430000000000178
02003121907242001107606000000004841580326157169
02003121907242001107645000000004941650329162167
02003121907251998101532000000006862320454233221
02003121907251998101616000000006462250421215206
02003121907251998110067000000006201840436206230
02003121907252001101013000000004881600328167161
02003121907252001102033000000005321730359179180
02003121907252001104108000000005651960369185184
02003121907252001109349000000005151640351172179
02003121907261996110213000000006012040397199198
02003121907261998101734000000000001640000155000
02003121907261998102510000000005171740343170173
02003121907261999106849000000005351830352178174
02003121907262000101088000000004631370326154172
02003121907262000105676000000005161750341170171
02003121907262001101727000000005171680349173176
02003121907262001102626000000005211640357175182
02003121907262001103607000000005471900357171186
02003121907271999104741000000006142010413212201
02003121907271999110160000000005041680336165171
02003121907272000100921000000005211730348176172
02003121907272001103393000000000001690000187000
02003121907272001110269000000005231690354175179
02003121907281998102400000000005102120298000000
02003121907281999110030000000004701560314160154
02003121907282000101807000000004721570315157158
02003121907282000103453000000005001650335167168
02003121907282000106324000000004591630296000000
02003121907291999107058000000005471790368184184
02003121907301996110340000000005581930365184181
02003121907301998103145000000005471790368189179
02003121907301998104872000000005321820350176174
02003121907302000100129000000005131790334167167
02003121907302000101471000000005341690365176189
02003121907302001101886000000005841940390198192
02003121907302001104174000000005781860392195197
02003121907302001105705000000000000000387195192
02003121907302001106266000000005681770391194197
02003121907302001106906000000005731930380190190
02003121907302001107460000000005781890389195194
02003121907302001110209000000005301850345174171
02003121907311999100685000000005101840326165161
02003121907311999103635000000005341870347176171
02003121907311999106165000000005641850379188191
02003121907312000101448000000005221830339173166
02003121907312000101526000000004971750322159163
02003121907312001101903000000006032090394200194
02003121907312001103031000000005081830325164161
02003121907312001104446000000005391850354176178
02003121907312001105162000000005511820369183186
02003121907321998101616000000006702190451228223
02003121907321998102365000000000001810000148000
02003121907321999109265000000005041570347162185
02003121907321999110008000000005461900356181175
02003121907322000102722000000005091690340171169
02003121907322001100761000000005451930352178174
02003121907322001102021000000005301720358177181
02003121907322001105357000000005491960353000000
02003121907322001110046000000005201750345178167
02003121907331995108982000000005281720356177179
02003121907331997104890000000005391750364184180
02003121907331998101532000000005791970382193189
02003121907332000101112000000005151710344182162
02003121907332000104613000000005441740370181189
02003121907332000107688000000006192120407203204
02003121907332001102588000000005401780362180182
02003121907332001102690000000005041690335174161
02003121907332001104883000000005541860368183185
02003121907332001105051000000004911520339162177
02003121907332001106428000000005291800349175174
02003121907332001106776000000006362100426213213
02003121907332001107259000000005001640336166170
02003121907332001109134000000005421840358183175
02003121907341999104772000000006281990429214215
02003121907342000101407000000006101980412205207
02003121907342001100034000000005011640337162175
02003121907351999100701000000006031990404203201
02003121907351999106849000000004721640308152156
02003121907352000100961000000005771930384190194
02003121907352000105676000000004961640332165167
02003121907361996105112000000005191860333163170
02003121907361998101734000000004721560316154162
02003121907361998107013000000005421820360180180
02003121907361998110067000000004791610318162156
02003121907361999110208000000004901590331163168
02003121907362001106268000000005251760349172177
02003121907371998104504000000005051640341166175
02003121907371999106757000000004961590337162175
02003121907371999110160000000004891570332161171
02003121907372001103438000000005341620372183189
02003121907372001104260000000004961580338163175
02003121907372001106098000000005051630342161181
02003121907372001106262000000005301760354178176
02003121907372001107120000000006342060428209219
02003121907372001110265000000005171680349172177
02003121907381997110118000000005091760333170163
02003121907381999102404000000004691590310154156
02003121907381999104741000000004501620288147141
02003121907381999107307000000005011620339166173
02003121907381999107641000000005101620348171177
02003121907382000101381000000004941630331166165
02003121907382001101885000000005131700343162181
02003121907382001103596000000004871570330162168
02003121907382001104232000000004911620329164165
02003121907391996104200000000005561890367183184
02003121907391998104300000000006112160395201194
02003121907391999100824000000005591980361186175
02003121907391999103635000000004361490287142145
02003121907391999107058000000005401690371182189
02003121907401998101862000000005371810356176180
02003121907401998101863000000004721550317157160
02003121907401998103145000000000000000000179000
02003121907401999100642000000005241730351180171
02003121907401999100685000000003591180241117124
02003121907402000100129000000005151740341168173
02003121907402000102393000000005421790363188175
02003121907402001100213000000005141690345174171
02003121907402001101851000000005522010351175176
02003121907402001102857000000004971590338167171
02003121907402001103439000000004951600335161174
02003121907402001103901000000005541870367188179
02003121907402001104446000000005351860349176173
02003121907402001105389000000005762090367185182
02003121907402001105432000000005481780370185185
02003121907402001105567000000005411820359173186
02003121907402001106171000000005091670342167175
02003121907402001106906000000005431820361179182
02003121907402001107394000000005251760349179170
02003121907411996110340000000005201830337167170
02003121907412000101448000000005061660340175165
02003121907412000101471000000004981570341168173
02003121907412000105923000000005781910387191196
02003121907412001105162000000005201710349174175
02003121907412001106838000000005201880332164168
02003121907421995108982000000000000000344171173
02003121907422001101742000000005291870342169173
02003121907422001101886000000004751610314153161
02003121907422001102431000000005051750330165165
02003121907422001104143000000005811980383191192
02003121907422001104174000000004861630323158165
02003121907422001104562000000005361810355180175
02003121907431999101671000000005611820379185194
02003121907432000100384000000005641870377184193
02003121907432000101369000000005951950400199201
02003121907432000101516000000005831820401199202
02003121907432000102722000000005141800334168166
02003121907432000104400000000005221800342178164
02003121907432000104559000000006122040408202206
02003121907432001100761000000005491900359182177
02003121907432001102782000000005521880364183181
02003121907432001104883000000004801670313156157
02003121907432001110272000000005501820368183185
02003121907441997104890000000005271760351175176
02003121907441999102814000000004911680323165158
02003121907442000101599000000005501830367185182
02003121907442000107688000000005551860369180189
02003121907442001102530000000004961700326165161
02003121907442001103323000000005481710377185192
02003121907442001105928000000005511840367188179
02003121907451999102404000000004091430266135131
02003121907462001100769000000005291660363181182
02003121907462001102249000000005331740359181178
02003121907462001104033000000005351740361182179
02003121907462001105185000000004601550305152153
02003121907462001105525000000005391860353181172
02003121907462001107497000000004771540323161162
02003121907471996105112000000004781590319160159
02003121907471998101142000000005051760329168161
02003121907471998107013000000004971660331164167
02003121907471999110208000000004751560319159160
02003121907472001101885000000005031620341173168
02003121907472001106268000000004931630330163167
02003121907481999100824000000004501530297149148
02003121907481999107641000000004421350307157150
02003121907482001102857000000004951600335167168
02003121907482001106373000000005311790352177175
02003121907482001110202000000005001660334169165
02003121907491999102199000000004721630309154155
02003121907491999107307000000004971740323162161
02003121907492000101381000000004771580319164155
02003121907492001103061000000004581510307153154
02003121907492001103596000000004791600319163156
02003121907492001104232000000004811570324164160
02003121907492001106838000000004780000000000158
02003121907502000101664000000005841970387193194
02003121907502001101851000000005461980348178170
02003121907502001102431000000004891680321162159
02003121907511998101862000000004881630325162163
02003121907511998101863000000004531510302151151
02003121907512001105567000000005011600341168173
02003121907512001106171000000004951620333166167
02003121908071999100662000000005001760324163161
02003121908071999100869000000005521830369185184
02003121908071999101860000000005411760365181184
02003121908072000104375000000005051690336168168
02003121908072001106269000000005131600353171182
02003121908072001106773000000005081630345164181
02003121908081999106551000000004881640324161163
02003121908081999110282000000006022050397198199
02003121908082001100639000000005241740350178172
02003121908082001104471000000004921670325160165
02003121908082001105339000000005221740348175173
02003121908082001110083000000005791880391193198
02003121908082001110172000000005331790354179175
02003121908092000101323000000005161710345165180
02003121908092000104950000000006242170407205202
02003121908092000105145000000005131690344168176
02003121908092000107080000000005291800349177172
02003121908092000110221000000005081730335167168
02003121908092001101373000000005411850356182174
02003121908092001104436000000005131720341172169
02003121908092001105378000000005421850357182175
02003121908101996104207000000000001860000198000
02003121908102000106439000000005411730368185183
02003121908102000110165000000005601960364179185
02003121908102001106340000000005521750377189188
02003121908112000104120000000005251710354176178
02003121908112001100392000000004941560338168170
02003121908112001100871000000004931610332159173
02003121908112001101225000000005151640351175176
02003121908112001102192000000004971580339166173
02003121908112001105807000000004811610320159161
02003121908112001106207000000005001670333162171
02003121908112001107556000000005061680338165173
02003121908121998101777000000006292110418205213
02003121908121999100604000000004911640327164163
02003121908121999107160000000005031710332169163
02003121908122000103792000000004901700320161159
02003121908122001101463000000004660000000000160
02003121908122001101657000000006232120411210201
02003121908122001102005000000000001710000168000
02003121908122001103445000000005051720333167166
02003121908122001104217000000004701560314156158
02003121908122001104231000000006202120408208200
02003121908122001104233000000004521430309150159
02003121908131998110227000000004681490319158161
02003121908132000100279000000005211780343172171
02003121908132000101631000000005851940391197194
02003121908132000102790000000004791620317161156
02003121908132001103269000000004801460334159175
02003121908132001103675000000005431810362180182
02003121908132001105538000000005011690332169163
02003121908142000101611000000005441840360179181
02003121908142000102784000000004631410322150172
02003121908142001106089000000005651920373190183
02003121908152000110102000000005401800360181179
02003121908152001100763000000005651930372188184
02003121908152001106454000000005501860364187177
02003121908152001106769000000005501840366183183
02003121908162001105815000000005261710355178177
02003121908172001105271000000005451780367181186
02003121908172001105287000000005751830392186206
02003121908172001105339000000004971640333165168
02003121908172001106310000000005161680348166182
02003121908181999101860000000004711510320157163
02003121908182000104375000000004781560322159163
02003121908182001106269000000004781620316158158
02003121908182001106773000000004801660314159155
02003121908191998103020000000005161600356182174
02003121908191999106551000000004841700314160154
02003121908192000100535000000004841640320160160
02003121908192000110221000000004931600333165168
02003121908192001104436000000004821560326162164
02003121908192001104471000000005021720330166164
02003121908201999110282000000005211690352171181
02003121908202000106439000000005161720344170174
02003121908202001106340000000005311750356177179
02003121908212001100871000000004901650325159166
02003121908212001105807000000004481520296148148
02003121908212001106207000000004931660327164163
02003121908221996104207000000005351750360181179
02003121908221999105699000000005771910386193193
02003121908222001107592000000005791990380194186
02003121908231998110227000000004971590338171167
02003121908232001101463000000005051660339166173
02003121908232001102005000000004731560317162155
02003121908232001102914000000005071640343166177
02003121908232001104217000000004861600326161165
02003121908232001104233000000004631530310155155
02003121908242000102784000000005361550381182199
02003121908251998105513000000005071600347171176
02003121908252001100763000000003751310244124120
02003121908262001106454000000005021710331169162
02003121908271999106771000000005291760353179174
02003121908272001105448000000005451870358178180
02003121908281998101777000000006302030427209218
02003121908281999100938000000005471840363183180
02003121908282000100535000000004271480279141138
02003121908282000102361000000005401820358179179
02003121908282001100190000000005952000395198197
02003121908291997110292000000005961740422000000
02003121908292000104375000000004961670329000000
02003121908292001103160000000006582200438216222
02003121908301998103020000000005131580355177178
02003121908301999106551000000004661620304154150
02003121908302001104471000000004591590300146154
02003121908311998100227000000005231910332170162
02003121908312001101436000000005642000364183181
02003121908322000101707000000004921540338165173
02003121908322001103492000000005381790359182177
02003121908322001106518000000005882020386201185
02003121908331996104207000000005221830339000000
02003121908332000110102000000005471830364185179
02003121908332001106769000000005832100373192181
02003121908352001102914000000004961570339164175
02003121908352001104283000000006482170431222209
02003121908352001105541000000006502190431221210
02003121908361998105513000000000000000347174173
02003121908372001102193000000005361770359179180
02003121908381999102892000000006552210434219215
02003121908382000102361000000005411920349176173
02003121908382000109385000000005301810349174175
02003121908382001104322000000005241790345171174
02003121908392001106518000000005081650343167176
02003121908412001104978000000005341740360176184
02003121908412001104980000000004961620334160174
02003121908421999100185000000007692350534254280
02003121908422001104283000000005942050389198191
02003121908422001105541000000005942060388197191
02003121908441998100168000000000000000328162166
02003121908442000102387000000005661920374187187
02003121908471999102892000000006292090420210210
02003121908472001103444000000005501840366184182
02003121908481997103994000000004831480335159176
02003121908492001101723000000005261760350170180
02003121908492001103526000000005181740344168176
02003121908492001110059000000004911610330161169
02003121908502001102716000000005781990379187192
02003121908502001104283000000006782260452233219
02003121908502001105541000000006792260453233220
02003121908512001104355000000005291730356175181
02003121908521998100168000000000001570000000000
02003121908531998104362000000005390000000000183
02003121908532001103720000000005781890389200189
02003121908532001104021000000005491810368181187
02003121908552000102794000000005712040367188179
02003121908581998105635000000005691980371187184
02003121908581999104923000000005381910347177170
02003121908591999100387000000005741920382194188
02003121908591999104240000000005221770345174171
02003121909001998102780000000005631830380187193
02003121909001999101413000000005071710336169167
02003121909002001104355000000004951620333165168
02003121909011998100168000000000000000000000000
02003121909012000102582000000005731880385191194
02003121909022000106808000000005101790331168163
02003121909022001109343000000005652050360184176
02003121909031998104362000000004750000000000157
02003121909031999106442000000005791950384190194
02003121909032001100955000000005181770341168173
02003121909032001103720000000005391820357180177
02003121909032001104751000000005671840383188195
02003121909042000102794000000005071800327167160
02003121909042001102090000000005221820340171169
02003121909052001104113000000005291790350179171
02003121909052001107448000000005210000000000170
02003121909062001105590000000004751580317160157
02003121909071999110139000000004921600332162170
02003121909072000100703000000007632540509251258
02003121909081999104923000000005121750337168169
02003121909091999106800000000005081670341174167
02003121909101999100387000000005201610359179180
02003121909102001103667000000005441840360184176
02003121909102001104244000000004861530333161172
02003121909112000100836000000005251820343168175
02003121909112000102582000000004881610327162165
02003121909112001102596000000005431840359183176
02003121909112001103899000000005131690344168176
02003121909112001105045000000004761680308000000
02003121909112001106509000000005441780366180186
02003121909112001109343000000004671540313155158
02003121909121999101413000000004861500336164172
02003121909122001103864000000005281820346175171
02003121909122001104309000000006062050401201200
02003121909122001109304000000005581850373184189
02003121909131996102773000000004181380280134146
02003121909131999106442000000005421790363180183
02003121909132001100955000000005031640339170169
02003121909132001102090000000005111750336169167
02003121909132001103169000000005361790357176181
02003121909132001104751000000005431820361179182
02003121909141999106691000000004371380299145154
02003121909141999110101000000004331370296144152
02003121909141999110115000000005732040369187182
02003121909142001103221000000004851640321162159
02003121909142001103228000000005872080379192187
02003121909161999100714000000005401850355179176
02003121909161999106989000000000002190000231000
02003121909162001105201000000005421870355179176
02003121909172001103333000000005741840390192198
02003121909181998101604000000004431480295143152
02003121909191998105495000000000000000000168000
02003121909192000101953000000006682350433218215
02003121909192001101736000000005211840337170167
02003121909202000106581000000004501590291146145
02003121909202001102935000000005851890396195201
02003121909202001103877000000005941990395195200
02003121909202001106490000000005941990395195200
02003121909371998110111000000005251750350175175
02003121909371999105125000000005391820357178179
02003121909371999106699000000000001550000156000
02003121909371999106965000000004471530294145149
02003121909371999107100000000005201710349174175
02003121909371999110025000000004961710325166159
02003121909371999110029000000005261790347174173
02003121909372000101790000000004901660324162162
02003121909372000102036000000004881660322162160
02003121909372001101078000000005141700344171173
02003121909372001101966000000004861600326163163
02003121909372001102117000000005381830355176179
02003121909372001102449000000004911600331166165
02003121909372001102450000000005051680337168169
02003121909372001102456000000004740000000000156
02003121909372001105181000000005041760328167161
02003121909372001106169000000004891620327164163
02003121909372001109431000000005561810375190185
02003121909381997110108000000006122050407202205
02003121909381998105845000000005381760362180182
02003121909381999100288000000004911580333161172
02003121909382000110005000000006602240436211225
02003121909382001100972000000004991640335164171
02003121909382001102240000000005741900384189195
02003121909382001103006000000006371960441219222
02003121909382001103298000000004821560326160166
02003121909382001103516000000004911580333166167
02003121909382001104607000000005161670349174175
02003121909382001104692000000005341840350180170
02003121909382001105136000000005531880365182183
02003121909382001105863000000005271630364176188
02003121909382001109191000000005171710346175171
02003121909382001110012000000004881610327165162
02003121909382001110170000000004791580321160161
02003121909391998102920000000006102190391203188
02003121909391998105197000000005001740326163163
02003121909391998105815000000005251810344171173
02003121909391998106989000000005751900385190195
02003121909391999104231000000005351650370182188
02003121909391999105378000000005211840337164173
02003121909392000104283000000004981770321165156
02003121909392000106739000000005031620341171170
02003121909392000106815000000005311930338174164
02003121909392000107114000000004871670320162158
02003121909392001100728000000004811530328161167
02003121909392001101196000000005261770349177172
02003121909392001103390000000004951640331163168
02003121909392001104050000000004811610320159161
02003121909392001106077000000005652010364182182
02003121909392001106866000000004941690325163162
02003121909392001109151000000005081670341168173
02003121909392001109255000000004921660326161165
02003121909401998100226000000004931540339165174
02003121909401999100661000000006162180398202196
02003121909401999102747000000004771460331160171
02003121909401999105677000000005201780342170172
02003121909402000101544000000004781620316159157
02003121909402000104496000000005111710340173167
02003121909402001100454000000004941650329162167
02003121909402001101242000000004891620327159168
02003121909402001102017000000004941680326165161
02003121909402001102895000000004861600326164162
02003121909402001102962000000005031600343171172
02003121909402001103377000000004791570322157165
02003121909402001104922000000005151790336169167
02003121909402001105670000000006312050426211215
02003121909402001106767000000005822030379194185
02003121909402001107463000000005131790334167167
02003121909411998104954000000005131760337161176
02003121909411999105134000000005031590344168176
02003121909411999110224000000004891640325159166
02003121909412000101315000000004991690330164166
02003121909412000105043000000004991700329166163
02003121909412000110218000000005561860370184186
02003121909412001100976000000005471840363187176
02003121909412001101883000000005551830372187185
02003121909412001102964000000005081710337167170
02003121909412001103429000000005551800375180195
02003121909412001105931000000005301820348176172
02003121909412001106771000000005481750373182191
02003121909412001107709000000005401890351179172
02003121909412001107763000000005421870355182173
02003121909422000102552000000005181730345175170
02003121909422001103791000000006372080429213216
02003121909431995101757000000005461740372183189
02003121909431997103544000000005221840338172166
02003121909431999100884000000005992060393201192
02003121909431999106721000000005161730343175168
02003121909432000100125000000005321770355174181
02003121909432000103721000000005571910366186180
02003121909432001100581000000005591880371186185
02003121909432001103982000000005111690342168174
02003121909432001104162000000005091750334167167
02003121909432001104954000000005331740359179180
02003121909432001106844000000005021630339160179
02003121909441998110097000000005341770357181176
02003121909441999107123000000005651900375187188
02003121909441999110045000000004701670303151152
02003121909442000101304000000000000000378189189
02003121909442000101629000000005771950382197185
02003121909442001100590000000005041810323165158
02003121909442001100818000000004351440291139152
02003121909442001103096000000005972110386200186
02003121909442001103471000000004871580329164165
02003121909442001103664000000005661840382194188
02003121909442001103774000000005201750345176169
02003121909442001103784000000005531870366188178
02003121909442001110248000000005451780367183184
02003121909451998110163000000004601490311153158
02003121909451998110172000000005101700340171169
02003121909451999104398000000004871580329163166
02003121909451999105873000000005391820357181176
02003121909451999110202000000004731440329157172
02003121909452000100347000000004890000000000164
02003121909452000101205000000005331940339173166
02003121909452000101646000000004711550316161155
02003121909452001101157000000005031700333168165
02003121909452001101253000000005411790362185177
02003121909452001105078000000005221710351172179
02003121909452001105181000000005051720333169164
02003121909452001105193000000005271810346177169
02003121909461998104172000000005711900381192189
02003121909461998110138000000005211730348177171
02003121909461999106325000000005281690359175184
02003121909462001100979000000004981720326164162
02003121909462001101205000000006111860425207218
02003121909462001102966000000006452130432212220
02003121909462001110132000000004911630328157171
02003121909462001110227000000005171650352179173
02003121909471998101548000000005601810379187192
02003121909471999105125000000004991620337166171
02003121909471999106965000000004591610298148150
02003121909472000104553000000005351700365172193
02003121909472001103118000000005361760360180180
02003121909472001104311000000005401630377186191
02003121909472001104842000000005321650367186181
02003121909472001109431000000005171640353176177
02003121909472001110224000000005271740353174179
02003121909481998101803000000004391480291143148
02003121909481999100288000000004651480317157160
02003121909482000101231000000005291740355176179
02003121909482000104283000000004851640321158163
02003121909482000107178000000004491500299148151
02003121909482000110005000000005701900380197183
02003121909482001100381000000004471510296146150
02003121909482001101196000000005181700348174174
02003121909482001101966000000004691550314153161
02003121909482001102449000000004571510306149157
02003121909482001103006000000006091990410202208
02003121909482001103298000000004991630336171165
02003121909482001103516000000004591510308150158
02003121909482001106169000000004601520308151157
02003121909482001109151000000004961610335169166
02003121909482001110170000000004671540313157156
02003121909491998105197000000004951710324161163
02003121909492000105954000000005682040364188176
02003121909492000107114000000005021710331163168
02003121909492001100262000000006371990438216222
02003121909492001103390000000004981600338164174
02003121909501999100872000000005221820340173167
02003121909501999107030000000005601860374189185
02003121909502000106815000000005381660372185187
02003121909502001102986000000005501880362183179
02003121909502001109080000000004751540321158163
02003121909502001109191000000005121670345176169
02003121909511998102920000000000001820000176000
02003121909511998104954000000004911620329160169
02003121909511999105677000000005031720331165166
02003121909512001106077000000005431790364185179
02003121909521999102747000000004871520335160175
02003121909521999105134000000004411450296148148
02003121909521999110029000000005011680333169164
02003121909522001100972000000004731600313156157
02003121909522001102117000000005161680348169179
02003121909522001103377000000004921670325165160
02003121909522001104607000000004981660332170162
02003121909522001106767000000004921690323163160
02003121909522001110012000000004321480284143141
02003121909531998105845000000005041720332167165
02003121909531998110111000000005111690342172170
02003121909531999100884000000005181740344173171
02003121909532000101544000000004841710313161152
02003121909532000103721000000005151750340175165
02003121909532000104496000000005061650341169172
02003121909532000106739000000005001640336168168
02003121909532001100454000000004991740325159166
02003121909532001100728000000004981610337168169
02003121909532001102962000000004931570336168168
02003121909532001103784000000005420000000000172
02003121909532001104050000000004631530310154156
02003121909532001104692000000004891560333171162
02003121909532001104922000000004761610315158157
02003121909532001107463000000004721590313156157
02003121909541997103111000000006262220404206198
02003121909541997103544000000004211500271143128
02003121909541998101531000000004851650320161159
02003121909541999104277000000004521630289146143
02003121909541999105248000000005251780347177170
02003121909541999105873000000005031770326000000
02003121909542000100347000000000000000336167169
02003121909542000107042000000005051740331163168
02003121909542001100581000000005451820363183180
02003121909542001101242000000004991650334163171
02003121909542001103686000000004921670325161164
02003121909542001104693000000005221840338173165
02003121909542001105171000000004781630315161154
02003121909542001110232000000005331830350180170
02003121909542001110235000000004721630309156153
02003121909551998110172000000004801650315160155
02003121909551999106721000000004701620308157151
02003121909552000101646000000004711640307157150
02003121909552001100491000000005031860317161156
02003121909552001104162000000005031760327170157
02003121909552001104836000000005071840323160163
02003121909552001104954000000004941670327164163
02003121909552001106844000000004681570311160151
02003121909561997106617000000005231750348174174
02003121909561998110138000000005131740339170169
02003121909561999107559000000004541510303149154
02003121909562000101304000000004611580303148155
02003121909562001101253000000005071670340169171
02003121909562001102107000000004731520321159162
02003121909562001105078000000005051660339169170
02003121909562001105193000000005061690337168169
02003121909571996110374000000005241800344174170
02003121909571998101548000000005781900388193195
02003121909571998104584000000005631790384187197
02003121909572000101541000000006081910417212205
02003121909572000101629000000005481700378187191
02003121909572000103736000000007022280474236238
02003121909572000105818000000005031700333165168
02003121909572000110260000000006112040407207200
02003121909572001103096000000005811890392196196
02003121909572001103098000000004771480329161168
02003121909572001103118000000005281750353178175
02003121909572001106966000000004671540313156157
02003121909572001110224000000005221700352179173
02003121909581998100226000000005081700338168170
02003121909581999100872000000005281820346174172
02003121909582001103298000000004971680329165164
02003121909582001103664000000005551860369187182
02003121909582001104842000000005542100344172172
02003121909582001109080000000003951370258129129
02003121909591998101803000000004090000000000138
02003121909591999104398000000004771530324162162
02003121909591999107030000000005001670333166167
02003121909592000107178000000004131390274134140
02003121909592001100381000000004411430298147151
02003121909592001100818000000004871610326160166
02003121909592001101205000000005441770367183184
02003121909592001101883000000005251860339170169
02003121909592001102966000000005501840366185181
02003121909592001106771000000005061790327160167
02003121910002000107114000000004641610303153150
02003121910002001102989000000005101800330166164
02003121910002001103390000000004801580322161161
02003121910002001103403000000004821600322159163
02003121910002001104164000000004981750323166157
02003121910002001104407000000005251780347172175
02003121910002001106078000000005291830346172174
02003121910012000101485000000006722250447230217
02003121910012001103211000000005281710357181176
02003121910012001104257000000000000000356181175
02003121910031997103111000000006322200412210202
02003121910031999105873000000005461910355181174
02003121910031999110137000000006012030398200198
02003121910032001107320000000005861960390197193
02003121910041999102742000000004721530319152167
02003121910041999103042000000004591560303156147
02003121910041999103706000000005411840357173184
02003121910042001102045000000005401820358178180
02003121910042001103686000000005051680337175162
02003121910042001104693000000005041750329174155
02003121910042001105222000000000000000340000000
02003121910051998102920000000004791680311155156
02003121910051998109248000000005041640340170170
02003121910052001100971000000005161740342170172
02003121910052001102082000000004731620311157154
02003121910052001103603000000000000000321160161
02003121910061998101482000000005591940365180185
02003121910061998101548000000005812000381192189
02003121910061998110026000000005541940360180180
02003121910061999104113000000005702070363184179
02003121910062000103595000000005852130372186186
02003121910062001101614000000005161710345174171
02003121910071996110374000000004751510324160164
02003121910071998103395000000005801960384196188
02003121910071999107559000000004691550314155159
02003121910072000105818000000004711620309155154
02003121910072001101612000000005151730342171171
02003121910072001102107000000004670000000000155
02003121910072001103098000000004691560313157156
02003121910072001106966000000004531520301149152
02003121910072001107756000000005261830343172171
02003121910082000103736000000005891890400206194
02003121910082001100457000000005061750331170161
02003121910082001101652000000005241760348180168
02003121910092000103772000000005751990376188188
02003121910101997101371000000005741910383185198
02003121910111999102842000000005231650358180178
02003121910112001102401000000005591880371187184
02003121910112001106078000000005371870350177173
02003121910112001106567000000006352160419207212
02003121910122000101485000000006792290450233217
02003121910122000106755000000005071800327166161
02003121910122001103903000000005861950391200191
02003121910122001104407000000005161610355170185
02003121910122001104450000000005211790342167175
02003121910131998101667000000005111690342170172
02003121910132001101266000000004971650332165167
02003121910132001102045000000005131760337169168
02003121910132001105304000000005131670346170176
02003121910141999104113000000004451600285143142
02003121910142001104257000000004721630309154155
02003121910151998101397000000004861600326165161
02003121910152000107433000000005211670354173181
02003121910152001106377000000005882080380190190
02003121910162000100203000000005321660366172194
02003121910162000105529000000005481770371185186
02003121910162001104728000000006812320449228221
02003121910171998101482000000006112060405207198
02003121910171998103395000000005972110386200186
02003121910171998110026000000005241840340172168
02003121910171999102595000000004581490309152157
02003121910172000103595000000005261870339172167
02003121910172001101935000000005371800357178179
02003121910172001103095000000005241730351178173
02003121910182000103736000000006972370460230230
02003121910182001100457000000005261840342179163
02003121910182001104918000000005021920310161149
02003121910182001106270000000005091690340170170
02003121910182001110171000000005321860346177169
02003121910191997104142000000004731520321161160
02003121910191997106277000000005071670340168172
02003121910191999110116000000005421760366184182
02003121910192000101344000000005091690340167173
02003121910192001103370000000005231660357179178
02003121910192001107594000000004831610322160162
02003121910201997101371000000004611510310152158
02003121910201998110209000000004941720322160162
02003121910202001101668000000005231860337169168
02003121910211999102842000000005081640344168176
02003121910211999105261000000004921510341000000
02003121910212001104262000000005151710344174170
02003121910212001104273000000005261770349177172
02003121910212001104465000000005241790345169176
02003121910212001105390000000004741520322153169
02003121910221997100733000000006092100399199200
02003121910222000102314000000005251680357170187
02003121910241998101667000000004841560328161167
02003121910242001104450000000005131760337166171
02003121910242001105408000000005161760340170170
02003121910252001101266000000004941590335166169
02003121910252001103903000000005801910389192197
02003121910252001105304000000004971620335165170
02003121910261998110026000000004811620319166153
02003121910261999107078000000005211730348178170
02003121910262000100203000000004851550330162168
02003121910262001110074000000005131710342173169
02003121910272001102121000000004661540312155157
02003121910272001104272000000005551880367181186
02003121910272001104918000000005882100378195183
02003121910281999100891000000005041700334171163
02003121910281999106609000000004721560316158158
02003121910282001100171000000005551950360184176
02003121910282001100533000000005091730336164172
02003121910282001100768000000005311800351178173
02003121910282001101990000000005241720352172180
02003121910282001106377000000005321900342167175
02003121910291998103406000000005341820352175177
02003121910291999110116000000005411800361184177
02003121910292001100969000000005131720341173168
02003121910292001103715000000005922050387196191
02003121910292001106270000000004871650322160162
02003121910301997104108000000005011670334165169
02003121910301997104142000000004581490309157152
02003121910302000100690000000005881940394203191
02003121910302001103866000000005061730333167166
02003121910302001107594000000004721560316160156
02003121910302001110171000000004941760318165153
02003121910312001103370000000004981590339166173
02003121910321997103697000000005671980369182187
02003121910321997110157000000005211700351171180
02003121910322000101435000000005391810358175183
02003121910322001100709000000006182030415208207
02003121910322001103208000000006192040415207208
02003121910322001109185000000006101980412208204
02003121910331997100733000000005591780381190191
02003121910351999105261000000000000000301143158
02003121910352001104262000000005071660341169172
02003121910352001104273000000005121700342171171
02003121910352001104465000000004891700319158161
02003121910352001105390000000004561520304148156
02003121910361999107078000000005071690338169169
02003121910362001110074000000005001630337168169
02003121910372000110251000000005701880382190192
02003121910372001100171000000005571950362187175
02003121910381998104016000000005732150358186172
02003121910401998100782000000005171740343170173
02003121910401998101600000000005121750337169168
02003121910401999104293000000005061730333168165
02003121910402000103606000000004611540307154153
02003121910402001100946000000005451800365182183
02003121910402001100969000000005411870354182172
02003121910402001104540000000005791940385194191
02003121910402001110268000000005041640340173167
02003121910411997104108000000004971610336168168
02003121910412001103866000000004861700316159157
02003121910412001104049000000005551890366180186
02003121910412001107339000000004621480314151163
02003121910421999110095000000006212120409208201
02003121910441997102425000000005851910394196198
02003121910451997110157000000004831540329166163
02003121910462001106989000000005151560359174185
02003121910471999100628000000006322170415206209
02003121910471999101347000000005571890368178190
02003121910492001100709000000005881890399202197
02003121910492001103208000000005831880395199196
02003121910501999107083000000005191690350173177
02003121910501999110230000000004611550306151155
02003121910502000101435000000005161760340170170
02003121910502000102409000000004831580325159166
02003121910502001101160000000004621380324148176
02003121910502001107321000000004651510314153161
02003121910502001109185000000005471790368185183
02003121910511997103697000000005371870350176174
02003121910521998104016000000005181940324168156
02003121910532001104410000000005121640348172176
02003121910532001104938000000005071690338170168
02003121910532001109430000000005071700337169168
02003121910541997101115000000005441790365191174
02003121910591999100628000000005251680357173184
02003121910591999101347000000005521650387185202
02003121910592001106989000000005381730365183182
02003121911002001100709000000005671760391209182
02003121911002001103208000000005691800389206183
02003121911002001103440000000004831560327160167
02003121911011997103697000000004261430283143140
02003121911012000101435000000004531540299150149
02003121911012000107235000000005251760349176173
02003121911012001109185000000005311770354175179
02003121911111999101347000000005241710353173180
02003121911112001106989000000004931560337168169
02003121911121999100628000000004881800308164144
02003121911122001104468000000006082020406205201
02003121911212001104468000000007062290477249228
02003121911261997100725000000006102050405204201
02003121911261998110295000000005681690399196203
02003121911272000110047000000006582150443220223
02003121911292001104468000000006312060425214211
02003121911361997100725000000005591870372189183
02003121911371998110295000000005581640394194200
02003121911382000110047000000005741990375192183
02003121911471997100725000000005331760357178179
02003121911481998110295000000005541620392192200
02003121911482000110047000000005391800359181178
02003121911512000107339000000000009990000000000
02003121911532000107339000000000000000000000000
