02017051905582014106133062116304581520306153153
02017051905592012100412076320105621750387188199
02017051905592012104420063917004691630306157149
02017051905592013102841073219305391830356181175
02017051905592013105808062916204671590308151157
02017051905592014101361066417404901670323165158
02017051905592014103179065617404821640318158160
02017051905592014110004061315304601540306154152
02017051906002011100864070717805291730356178178
02017051906002011103876066117104901710319169150
02017051906002011105901063115504761480328162166
02017051906002012103129065016104891610328166162
02017051906002013100787068717305141750339174165
02017051906002013103678065916304961600336170166
02017051906002013104215063616104751610314157157
02017051906002013105784063715804791570322160162
02017051906002014100246072118105401770363191172
02017051906002014100723062816504631560307152155
02017051906002014101310066216504971590338170168
02017051906002014102667064615904871580329162167
02017051906002014103294064916304861660320162158
02017051906002014103957069818205161720344175169
02017051906002014104409062915804711560315154161
02017051906002014105035078220105811880393198195
02017051906002014105493065916804911660325164161
02017051906002014105713062516704581560302154148
02017051906002014105761066417204921710321167154
02017051906002014106362069016805221720350177173
02017051906002014110077066216804941680326168158
02017051906002015104894066017104891610328167161
02017051906012011101773066916805011640337168169
02017051906012011103821070218005221730349172177
02017051906012012101289068816805201700350174176
02017051906012012103796069518505101690341172169
02017051906012013103101066016704931660327164163
02017051906012013103690070118005211750346177169
02017051906012014100184066017204881620326163163
02017051906012014100916068617905071690338171167
02017051906012014101559071318305301740356175181
02017051906012014102161071117005411840357180177
02017051906012014102185069317905141720342172170
02017051906012014102356069817805201780342177165
02017051906012014102602068917705121740338175163
02017051906012014103259070617405321750357182175
02017051906012014103493073119605351760359177182
02017051906012014103578071217505371740363185178
02017051906012014103782066217104911620329165164
02017051906012014104230066516505001630337172165
02017051906012014105709069517305221700352177175
02017051906012014109025072519205331880345175170
02017051906012014110079068717605111690342177165
02017051906012015100295071217105411750366183183
02017051906012015102002073119305381870351174177
02017051906012015102753071018905211740347175172
02017051906012015102927070718205251760349176173
02017051906022009105766067017005001710329167162
02017051906022013103551070418805161740342172170
02017051906022013103929073319405391840355178177
02017051906022013104386072918705421810361184177
02017051906022013104884069617505211730348169179
02017051906022013110134069118005111720339167172
02017051906022014101601065317304801620318167151
02017051906022014101906070017205281760352178174
02017051906022014102171074018405561860370186184
02017051906022014102374070717305341780356177179
02017051906022014102837072218605361800356184172
02017051906022014103779069717505221710351175176
02017051906022014104084073018105491860363179184
02017051906022014104262074818405641920372183189
02017051906022014105462070317005331710362185177
02017051906022014105644071017805321770355179176
02017051906022015100983073517805571900367181186
02017051906032010100034064916204871600327164163
02017051906032010103291070518405211780343172171
02017051906032010104296071718305341850349178171
02017051906032011106273070118005211770344175169
02017051906032012101889069017305171760341173168
02017051906032012104385067517205031650338172166
02017051906032013105594070617905271770350180170
02017051906032013105838080120006012000401202199
02017051906032013105900070518005251840341170171
02017051906032014100303080520306022040398202196
02017051906032014100693071817605421760366185181
02017051906032014101722069617105251810344171173
02017051906032014102063069717305241740350181169
02017051906032014103958062816604621550307155152
02017051906032014104753062814504831530330161169
02017051906032014104802069017705131770336172164
02017051906032014105141067617105051650340170170
02017051906032014105327065815904991700329170159
02017051906032014105544070917505341840350179171
02017051906032014106493066017604841570327162165
02017051906032014109075065416104931610332165167
02017051906032015100260066316305001660334166168
02017051906032015100713068316805151690346176170
02017051906032015100717066916805011650336168168
02017051906032015103677067616505111670344176168
02017051906032015105086071318305301780352180172
02017051906042011102450068917505141730341172169
02017051906042012103624072719005371850352180172
02017051906042013105846072119005311830348182166
02017051906042014101247068017405061680338169169
02017051906042014103937072318105421820360184176
02017051906042014105104076318405791940385200185
02017051906042014105819072518305421830359186173
02017051906042014105879071217505371710366185181
02017051906052009102554068316005231690354174180
02017051906052010103795069418005141720342170172
02017051906052012105752072518705381860352179173
02017051906052013103229074219805441910353181172
02017051906052014100484071918805311850346176170
02017051906052014100658070317505281750353176177
02017051906052014100717072219005321820350178172
02017051906052014100740072518705381850353180173
02017051906052014101353070718005271780349177172
02017051906052014103769069716905281730355174181
02017051906052014104107073518205531830370190180
02017051906052014104556069117205191700349174175
02017051906052014104715070417305311740357176181
02017051906052014104723071218505271850342176166
02017051906052014105547068516905161700346175171
02017051906052014109089071717705401760364182182
02017051906052015101910068617805081700338167171
02017051906052015102239070417305311750356178178
02017051906052015102406073118305481740374185189
02017051906052015102807070117705241800344174170
02017051906052015103868070618005261750351175176
02017051906062011100715078620705791920387190197
02017051906062011105266078320605771910386189197
02017051906062014100125077320105722010371194177
02017051906062014101337068918005091720337171166
02017051906062014102009078620705791940385192193
02017051906062014104436067916505141640350169181
02017051906062014105393071319005231750348174174
02017051906062014105523078720705801910389192197
02017051906062015101190070017805221720350175175
02017051906062015101231071419205221780344176168
02017051906062015102412071018605241770347173174
02017051906062015103737069617905171710346174172
02017051906072009105855068117505061730333171162
02017051906072010100524091623906772300447227220
02017051906072010110015075818905691820387192195
02017051906072012103399073719105461810365185180
02017051906072014101031071617505411760365181184
02017051906072014101988069517605191680351177174
02017051906072014103341074417805661910375190185
02017051906072014103755069117805131680345173172
02017051906072014105145074418005641880376190186
02017051906072014105731068817805101730337167170
02017051906072014106148071217605361710365182183
02017051906072015104805074117605651920373186187
02017051906082011104308071819005281900338175163
02017051906082012110100068118404971720325166159
02017051906082013110091070918805211850336172164
02017051906082014105266071219005221850337174163
02017051906082014110118076320005631960367188179
02017051906082015101707078319505881990389197192
02017051906092010100458066817204961620334165169
02017051906092012104569072519105341820352179173
02017051906092012104737091923506842280456230226
02017051906092013105933070517505301780352182170
02017051906092013106128070818805201790341171170
02017051906092014100434067016605041670337167170
02017051906092014101278069517305221740348175173
02017051906092014104977069017805121720340179161
02017051906092014105261064815904891590330163167
02017051906092015103135072119305281850343176167
02017051906102012101970068817905091770332176156
02017051906102012103950070117905221810341175166
02017051906102013101848074918505641930371189182
02017051906102013104934069217005221680354174180
02017051906102013109095068716005271680359175184
02017051906102014100149068616705191670352175177
02017051906102014100789069317105221770345173172
02017051906102014102086067617105051690336169167
02017051906102014102420070217805241770347175172
02017051906102015100694072017805421790363188175
02017051906102015100955071117905321880344187157
02017051906102015101512069016805221750347174173
02017051906102015103426072217605461760370201169
02017051906112012104808065416404901680322164158
02017051906112013103405070017405261760350176174
02017051906112014100187068317705061780328165163
02017051906112014103475069917205271800347175172
02017051906112014104195055115303981370261132129
02017051906112014104343063115604751560319160159
02017051906112014106064070417605281820346178168
02017051906112015101094070018405161770339167172
02017051906122010101988064615404921610331162169
02017051906122011104471062916604631570306154152
02017051906122012103641059116204291540275142133
02017051906122012104936062116504561570299150149
02017051906122013102938069317405191750344170174
02017051906122013104063058614804381540284145139
02017051906122014101715062816904591610298153145
02017051906132013102100065915805011650336168168
02017051906132014100912064515904861580328166162
02017051906132014103117067016505051640341172169
02017051906132014106362067217105011640337164173
02017051906132015102173066416305011630338168170
02017051906142012103708068017605041690335170165
02017051906142014100208064716204851570328165163
02017051906142014102383066017804821660316148168
02017051906142014104421067717005071730334169165
02017051906152014100894066017204881630325165160
02017051906152014101310064815504931580335165170
02017051906152014103459063416704671580309155154
02017051906152014103911066017504851630322163159
02017051906152014104230063316004731540319162157
02017051906152014104996067916705121760336168168
02017051906152014105068066315905041750329169160
02017051906152014105600065615205041740330169161
02017051906152014110094066017504851620323162161
02017051906152015102753062815904691570312155157
02017051906162012104650068616705191720347178169
02017051906162012104685069216605261720354180174
02017051906162013101793068917805111680343173170
02017051906162013102671068716405231660357183174
02017051906162013103464071518505301800350181169
02017051906162013104026070318005231780345178167
02017051906162014100553068116705141710343177166
02017051906162014100733066817004981720326169157
02017051906162014101231071017305371730364183181
02017051906162014102018067618104951760319165154
02017051906162014105191066417804861700316160156
02017051906162014105663070118205191730346180166
02017051906162014105773069317905141760338170168
02017051906162014105815065716304941640330164166
02017051906172012101126067216305091640345170175
02017051906172012101212064716604811640317161156
02017051906172013104098067917205071670340171169
02017051906172013105810060016304371450292142150
02017051906172013110083066916405051670338170168
02017051906172015102083070017405261780348176172
02017051906182010100034065316804851620323159164
02017051906182010104296068118304981750323164159
02017051906182013105125070717405331740359174185
02017051906182013105838071918105381790359184175
02017051906182013105900067017404961730323166157
02017051906182013105947067117005011670334168166
02017051906182013110111063616204741560318159159
02017051906182014100693070617205341730361180181
02017051906182014101722069117005211690352179173
02017051906182014105462070316705361690367185182
02017051906182014105544067516705081720336169167
02017051906182014105678066416504991670332168164
02017051906192010103004063816804701580312159153
02017051906192010103291068617405121780334172162
02017051906192011106273069618105151820333174159
02017051906192013103551070317805251780347181166
02017051906192013110134070018005201830337174163
02017051906192014103937069217405181760342172170
02017051906192014105141067816905091680341168173
02017051906192014106493068917405151760339171168
02017051906202011102050068617605101720338171167
02017051906202011105789069518305121680344170174
02017051906202012104515065516504901670323163160
02017051906202014104910066417404901720318163155
02017051906202014110051068517905061750331168163
02017051906212011105266066216904931670326160166
02017051906212011105825064317104721570315157158
02017051906212012103624071017805321750357183174
02017051906212012105752071117905321730359180179
02017051906212013103229066916905001680332169163
02017051906212013105343060116304381500288148140
02017051906212014100740071117805331720361182179
02017051906222011100715067916905101710339172167
02017051906222014101031068517105141720342174168
02017051906222014101988066516505001660334170164
02017051906222014105145069317605171800337179158
02017051906232010100483068817505131720341171170
02017051906232010100524072518805371780359179180
02017051906232011101574068517305121710341172169
02017051906232013100398068517305121700342172170
02017051906232013105429066016904911670324164160
02017051906232013105872066517304921670325165160
02017051906232014104079069717005271690358175183
02017051906232014105065071218005321820350175175
02017051906232015102638068717005171720345170175
02017051906242012103930063016704631590304155149
02017051906242013102309067817005081750333169164
02017051906242013106262070917305361770359177182
02017051906242014101640071318105321750357174183
02017051906242014101672069518205131790334170164
02017051906242014103657066317604871640323164159
02017051906242015109030066517704881710317161156
02017051906252012101436071618705291740355178177
02017051906252012101970067517405011750326170156
02017051906252014101267072218105411800361186175
02017051906252014101893073018005501820368180188
02017051906252015104347065917204871640323161162
02017051906252015104851065617004861650321161160
02017051906262010110014063216404681600308159149
02017051906262014103475065516604891670322159163
02017051906262014106064065116304881650323159164
02017051906282014103084068819004981820316162154
02017051906282014105430064116604751640311161150
02017051906292014101479067918804911670324169155
02017051906292014102287068317105121680344174170
02017051906302009100680071419705171820335174161
02017051906302014102554073217905531810372189183
02017051906322013106214069617205241740350175175
02017051906322015102083067117304981660332167165
02017051906332014100089070518705181770341173168
02017051906332014101395057015304171430274144130
02017051906342013101527067917405051720333166167
02017051906342014102392066616804981660332164168
02017051906342014109012070217505271750352177175
02017051906352014105457076420205621930369188181
02017051906362013106303065617304831630320164156
02017051906362014101727070517505301720358179179
02017051906372010106163075318905641850379186193
02017051906372014101326068517505101710339176163
02017051906372014104404071518105341770357176181
02017051906382013104536078518705981950403199204
02017051906382013106050069618505111720339173166
02017051906382013106262070918005291870342168174
02017051906382014101771067217704951700325164161
02017051906392010102446074620005461820364179185
02017051906392012102604066216404981630335163172
02017051906392014101893072419005341820352181171
02017051906392015101960074720405431880355176179
02017051906402014100148065915905001560344173171
02017051906402014105122067718104961680328163165
02017051906402014106488071518005351810354182172
02017051906412012100610073920005391860353178175
02017051906412014100729070818005281780350177173
02017051906412014101421069416805261700356174182
02017051906412015104226071118105301800350178172
02017051906412015104513072218005421830359182177
02017051906412015105958070818105271780349178171
02017051906422012103917071119805131780335173162
02017051906422013104904069017705131690344172172
02017051906422014105042068817705111700341168173
02017051906432014102325064516104841640320164156
02017051906432014104374072716705601740386190196
02017051906452014105483065215904931610332170162
02017051906462012101173069017605141740340169171
02017051906462012101246066017804821660316158158
02017051906462014103340069116905221810341166175
02017051906462015100765069518105141750339166173
02017051906462015104302069718005171770340165175
02017051906462015105742067517205031700333169164
02017051906462015106150067617105051690336169167
02017051906472014100089071018505251800345181164
02017051906492014101727066016704931690324158166
02017051906492014102740069718005171670350172178
02017051906492014104435068416805161720344171173
02017051906492015106220068116905121720340170170
02017051906502014100829063815404841540330160170
02017051906502014104240063315104821560326162164
02017051906512009102678066816805001680332167165
02017051906512012105574070217305291780351179172
02017051906532014106488070317905241780346175171
02017051906542012101018065516904861700316163153
02017051906542013101946067617105051720333173160
02017051906542014102316067016905011680333169164
02017051906552010102446070118605151790336171165
02017051906552014110098070818005281760352179173
02017051906582013102806069817005281750353177176
02017051906582014102562070016905311760355179176
02017051907002012102855068017905011690332166166
02017051907002014102807066717604911670324167157
02017051907002014109103068517805071770330171159
02017051907002015105064073518805471850362187175
02017051907022009101967073418205521820370185185
02017051907022012101173067916805111680343174169
02017051907022012101246066417204921690323164159
02017051907022015100765066916905001720328166162
02017051907022015104302067016805021730329165164
02017051907032011103078066515905061640342167175
02017051907032014104435068617105151690346170176
02017051907032015106220068516905161680348167181
02017051907262014105535060815604521530299153146
02017051907262014106201062315804651540311158153
02017051907282014106332071920005191850334166168
02017051907282015106266072020005201850335168167
02017051907302012103932068917905101820328165163
02017051907302012105906069718005171670350178172
02017051907302012106226070517905261690357184173
02017051907302013101292069717305241770347180167
02017051907302014100779069517105241760348177171
02017051907302014101746067617605001820318161157
02017051907302014105151068617305131790334170164
02017051907302014105290070918205271790348175173
02017051907312012101402069719705001870313164149
02017051907322015101787068017105091690340174166
02017051907322015105741068117405071680339173166
02017051907332013103739064718204651650300158142
02017051907332015105581053114603851320253126127
02017051907332015105584053014603841320252124128
02017051907352010104875069717905181730345174171
02017051907352012102209074518605591850374188186
02017051907362014106030054115003911370254129125
02017051907372014105865068017305071630344171173
02017051907382014103367062015504651530312158154
02017051907422013105785068218005021750327170157
02017051907432013105233069518105141810333170163
02017051907442014100779069916605331730360178182
02017051907442015103874068517405111720339178161
02017051907462014102828069817705211700351177174
02017051907462014105290069317905141770337173164
02017051907472012106226069917405251770348175173
02017051907482012102209062017304471640283151132
02017051907562012101894068317505081800328170158
02017051907562013102795062915104781580320159161
02017051907562013105661065416004941620332166166
02017051907572012106018054314204011370264137127
02017051907572014109007067017204981670331162169
02017051907572015100904063515904761540322158164
02017051907572015101890063615904771550322159163
02017051907572015103879067317205011680333165168
02017051908012012101517000034400003250000342000
02017051908022014101480063115604751520323157166
02017051908022015103763070818005281750353178175
02017051908022015104671070818005281760352178174
02017051908062012102830071017205381740364179185
02017051908062015102284071418005341750359175184
02017051908062015103098071318005331760357174183
02017051908062015106265073019205381800358182176
02017051908072011103079068016205181670351172179
02017051908072014101125067216805041680336167169
02017051908072015103877067716705101690341167174
02017051908082012101894063416804661640302155147
02017051908082013105661065215704951620333164169
02017051908092014104847071017905311750356176180
02017051908092015100400077120005711940377190187
02017051908092015106349077020005701930377191186
02017051908102014100095077219805741890385194191
02017051908112013105529064916904801660314156158
02017051908112014105468065116804831600323162161
02017051908112014105500066917604931700323164159
02017051908112014105737062815904691530316158158
02017051908112015104835068017705031700333170163
02017051908122014105802062716904581560302153149
02017051908122015105947069718705101740336168168
02017051908142013101893072717205551840371188183
02017051908142014100469069818205161740342173169
02017051908142014100796071417005441800364179185
02017051908142014102084068817405141730341175166
02017051908142014103433074118105601870373190183
02017051908142014104484071018305271790348175173
02017051908142014105894071018705231770346175171
02017051908142014106364073217405581840374189185
02017051908142015101785070018205181720346176170
02017051908142015103314072518405411800361177184
02017051908142015103647073618805481880360188172
02017051908142015103748072018105391840355184171
02017051908142015104084071218005321800352176176
02017051908152013100018056315204111410270133137
02017051908152014104074068417605081680340168172
02017051908162014100559072518305421850357175182
02017051908172014102262081122705841980386189197
02017051908182012106162069317705161760340175165
02017051908202009109113065517104841600324164160
02017051908202014101879064516304821690313161152
02017051908202014106326066116005011630338164174
02017051908202014106492065317104821620320162158
02017051908202015100761071218105311810350183167
02017051908202015101852070117705241850339176163
02017051908202015103649069217605161860330170160
02017051908202015105522065416804861660320163157
02017051908212014100335070117505261790347174173
02017051908212014101335068317305101660344173171
02017051908212015103112069818505131790334171163
02017051908212015103967069818105171800337169168
02017051908222012105015112630008262870539269270
02017051908222013102117070318005231760347168179
02017051908222014104903072718705401830357177180
02017051908222015105532074218605561820374187187
02017051908232014104267071717905381790359178181
02017051908242011103565073018205481830365184181
02017051908242014100029071919505241810343180163
02017051908242014103927062816004681640304155149
02017051908242014104847068516705181690349173176
02017051908472012102942067015805121650347173174
02017051908472012104663062116204591600299151148
02017051908472012106103066116704941660328163165
02017051908472013101425067716305141680346173173
02017051908472013105139063016204681560312155157
02017051908472014101753066116904921630329165164
02017051908472014103156067816705111650346175171
02017051908472014110045062116404571600297149148
02017051908472015102585065416404901620328160168
02017051908482012104785071917905401810359183176
02017051908482012105320072418605381710367184183
02017051908482014102312069318005131730340173167
02017051908482014102935069417905151720343172171
02017051908482014102976068716505221650357173184
02017051908482014103323071217605361680368181187
02017051908482014103943073118605451740371185186
02017051908482014104274068617705091700339171168
02017051908482014105171069518105141740340171169
02017051908482014105251067316905041660338169169
02017051908482014105587070417305311670364180184
02017051908482015102695071018405261780348174174
02017051908492012100055063516304721580314154160
02017051908492012103204070417805261780348178170
02017051908492012103305071218505271800347175172
02017051908492012104139070017805221800342176166
02017051908492013101887067317205011640337167170
02017051908492014100286065916904901670323162161
02017051908492014101512062615204741610313162151
02017051908492014102258063616504711560315150165
02017051908492014105509069617905171750342172170
02017051908492014105863068617205141680346169177
02017051908492015100237066816805001650335164171
02017051908492015101782069817705211710350175175
02017051908492015102079069117105201700350176174
02017051908492015102169071718305341840350176174
02017051908492015103514072318605371830354180174
02017051908492015104016072118405371810356178178
02017051908492015104896070617805281770351173178
02017051908492015106472070017605241740350172178
02017051908502008104268074018905511930358180178
02017051908502011106350074319405491920357178179
02017051908502014100289070917205371740363177186
02017051908502014101126073519005451900355182173
02017051908502014103018066417204921670325163162
02017051908502014104552063215504771520325158167
02017051908502014105583066717404931700323165158
02017051908502014105675071117505361730363181182
02017051908502014105754063015204781560322160162
02017051908502015104166064415704871570330161169
02017051908502015104701064015304871560331160171
02017051908502015105003063115304781520326160166
02017051908512009105779068016705131690344174170
02017051908512011103794068117105101680342170172
02017051908512011104237063316704661570309156153
02017051908512012102090069417305211720349177172
02017051908512013105795067416705071650342175167
02017051908512013106148063216204701570313160153
02017051908512014100229073419005441890355182173
02017051908512014101879056314204211430278142136
02017051908512014102247072818705411880353180173
02017051908512014102350068718505021690333164169
02017051908512014102825064616204841560328164164
02017051908512014103060064316104821620320156164
02017051908512014103354069017305171750342175167
02017051908512014105599068917405151750340173167
02017051908512014109110067517604991690330165165
02017051908512015104200073118805431880355183172
02017051908512015105522055614104151440271141130
02017051908522008103002064616904771590318159159
02017051908522011101727062115304681580310156154
02017051908522013105297066818104871690318156162
02017051908522013105448064217504671620305152153
02017051908522014104260066717204951630332162170
02017051908522014105633068317905041680336169167
02017051908522015101083065215904931590334165169
02017051908522015101206068416605181660352173179
02017051908522015103510066916205071670340171169
02017051908522015103569062814904791460333159174
02017051908532013102718064317204711600311159152
02017051908532014102271068817205161730343170173
02017051908532014103375068217105111710340172168
02017051908532014104194071217705351750360178182
02017051908532014104261070618405221860336174162
02017051908532014104301066516904961680328159169
02017051908532014104698081822405942010393197196
02017051908532015101790068817205161710345171174
02017051908532015104856067617605001710329168161
02017051908542010110013062316204611410320155165
02017051908542012103874070017905211740347168179
02017051908542013105798056715904081440264135129
02017051908542014103306067717305041710333169164
02017051908542014105269066517304921710321164157
02017051908542014106082059815504431500293146147
02017051908542014109100067917205071660341169172
02017051908552011109135072418505391800359183176
02017051908552013101842066715705101640346174172
02017051908552014103324080722105861970389203186
02017051908552014105307068917705121690343171172
02017051908552014105744065916104981600338164174
02017051908572011105816067116905021660336170166
02017051908572011109120068417305111720339171168
02017051908572015104004068217105111710340172168
02017051908582012102865063115904721580314161153
02017051908582012104329063115904721590313155158
02017051908582014104461067616805081650343164179
02017051908582014105439064917004791580321159162
02017051908592013100528055515803971370260132128
02017051908592014100222069918205171770340175165
02017051908592014100278070217905231700353173180
02017051908592014102361067117304981670331170161
02017051908592015101266070217805241720352171181
02017051909002012102840067517804971730324166158
02017051909002013101036075719005671950372186186
02017051909002014103005067217604961660330166164
02017051909002014103156071018005301760354172182
02017051909002014105765066617704891650324162162
02017051909002015104553075418705671910376188188
02017051909012014100908066618204841650319163156
02017051909022013101315069217605161700346172174
02017051909022014102108066717104961640332166166
02017051909022014104552065516004951690326167159
02017051909022014105754064115604851640321163158
02017051909032014102312069617305231750348171177
02017051909032014104274069917005291780351173178
02017051909032014105171069617705191750344168176
02017051909032014106329076520005651910374192182
02017051909032015102695070517605291760353173180
02017051909032015106331076320705561880368186182
02017051909042012103204063216504671580309154155
02017051909042012104139063516604691590310156154
02017051909042013104168058917704121560256135121
02017051909042014105509062116804531530300151149
02017051909042014109110068717305141700344177167
02017051909052010110088067316805051690336168168
02017051909052013104158064417004741630311157154
02017051909052014102258066917104981700328159169
02017051909052014109104068317805051750330172158
02017051909052015101782068817605121740338171167
02017051909052015102079070017705231740349176173
02017051909062015100878072818605421800362181181
02017051909062015102629072918505441810363182181
02017051909072008104268070417605281790349178171
02017051909072011106350071118305281800348181167
02017051909072012105747074919605531880365187178
02017051909072014103618064216904731600313157156
02017051909072015103685071417305411720369185184
02017051909082012105927065918404751650310161149
02017051909082013105128066016704931610332163169
02017051909082015105892069817705211670354177177
02017051909092011109135070417305311780353173180
02017051909102013100513074819505531800373188185
02017051909112014101633057716104161390277134143
02017051909132014103119065717004871640323170153
02017051909182015100878061015904511540297146151
02017051909182015102629061116004511530298147151
02017051909212012105673073217305591840375184191
02017051909212015100307076219505671870380190190
02017051909212015102274076319405691880381190191
02017051909222014100839066517704881660322157165
02017051909232013105128078120105801900390195195
02017051909272013110041071118705241830341170171
02017051909272014106359072618805381850353179174
02017051909352013104137068818904991730326169157
02017051909362014105532070718205251760349171178
02017051909372013104277064916804811640317161156
02017051909372013105599078320505781950383194189
02017051909402012110039065616604901600330162168
02017051909502014100864067716005171640353171182
02017051909502014103684067115905121630349168181
02017051909552012110039068717305141740340169171
02017051909562013105132068817505131840329159170
