12007063003582004100943074519805471830364182182
12007063003582005101130068717905081690339169170
12007063003582005106066076621305531870366190176
12007063003592001103104000000000000000000000000
12007063003592001103178070120105001830317162155
12007063003592003100407061516304521520300148152
12007063003592003103804058016904111580253132121
12007063003592004100667067218604861650321163158
12007063003592004100879066417604881660322166156
12007063003592004103012067718004971640333167166
12007063003592004110022064219104511640287146141
12007063003592004110121064518504601630297150147
12007063003592004110166068217405081670341174167
12007063003592004110184058417004141570257136121
12007063003592005102453064619004561660290000000
12007063003592005110057067617904971640333167166
12007063004002003102558068517405111700341168173
12007063004002004105212082320406191970422209213
12007063004002004105766085623606202130407208199
12007063004002004106458075520305521860366182184
12007063004002005103902080022405761900386197189
12007063004002005105871075519305621870375186189
12007063004012001103237080621305931950398201197
12007063004012001103325083622106150000000000204
12007063004012002100724000020600002050000000000
12007063004012004102878078319505881900398203195
12007063004012004102882062717104561530303151152
12007063004022002107509083320606272080419208211
12007063004022004109131071518705281790349177172
12007063004022004109132065617404821620320159161
12007063004022005103406070518305221750347175172
12007063004022005106310070418305211730348176172
12007063004032002100485075219505571870370188182
12007063004032002101712071319705161750341177164
12007063004032003100216068217405081760332165167
12007063004032003103843070320205011710330167163
12007063004032004100211074018405561830373188185
12007063004032004104710072317605471780369186183
12007063004032004110049060518704181730245127118
12007063004032005100786070918605231730350175175
12007063004032005110021071118805231730350175175
12007063004042000103344075719205651860379196183
12007063004042001103435071218305291720357176181
12007063004042001103731083721606212100411208203
12007063004042003100259066417004941630331165166
12007063004042004101199073218605461790367182185
12007063004042004109049077420205721880384189195
12007063004042005106342069117805131670346169177
12007063004052000107111073418705471860361184177
12007063004052004103098069019704931670326162164
12007063004052004103976069219105011710330162168
12007063004052004106909070719705101780332171161
12007063004062001103072070719605111790332175157
12007063004062002101006070620205041720332175157
12007063004062003102823069219105011790322159163
12007063004062003106096073219805341850349177172
12007063004062004100452068019004901690321162159
12007063004062004102860073219205401810359181178
12007063004062004103027070119305081760332164168
12007063004062004103059071120205091730336169167
12007063004062004103149070919905101780332176156
12007063004062004103526063117104601540306152154
12007063004062004104545000000005401820358180178
12007063004062004105605070520305021710331172159
12007063004062004105610070618205241790345174171
12007063004062005109015067118604851630322160162
12007063004072002100890075719405631850378190188
12007063004072003103005067117504961700326166160
12007063004072004105074069518505101780332173159
12007063004082001106201073520205331890344175169
12007063004082003103532075121205391910348178170
12007063004082004102252072418805361780358184174
12007063004082004102353070219005121760336172164
12007063004082005104781067417205021670335169166
12007063004082005104933070419105131760337172165
12007063004082005106836067417205021670335169166
12007063004092005109005068218704951710324164160
12007063004102002106410069118505061670339170169
12007063004102004102714075418705671900377184193
12007063004112002102982072019505251720353180173
12007063004112004103305069218105111690342170172
12007063004112004103861071317805351740361177184
12007063004112004104202067418604881650323165158
12007063004112004104532075917705821930389195194
12007063004112005101192071417905351720363179184
12007063004112005101631071918805311760355176179
12007063004112005109022070318405191730346177169
12007063004112005109024070418505191730346177169
12007063004112005110029071518905261720354178176
12007063004122001109135073020605241740350179171
12007063004122002102126070717805291730356175181
12007063004122003102223085122306282160412208204
12007063004122004101261074220005421850357172185
12007063004122004101663074019805421810361180181
12007063004122004101994078521205731840389191198
12007063004122004104432081420006141880426200226
12007063004122004105966078821105771890388187201
12007063004122005105996075520305521850367183184
12007063004122005106386075120205491840365182183
12007063004122005106922068617705091700339169170
12007063004132002102172073920605331860347176171
12007063004132003100084073619205441800364183181
12007063004132003102234076618905771950382191191
12007063004132003102906071519805171770340171169
12007063004132003106097000000006180000000000000
12007063004132004100680069617505211680353175178
12007063004132004110158085424306112090402202200
12007063004132005100265076519405711930378193185
12007063004132005100584073700000000000354177177
12007063004132005100640084622906172110406208198
12007063004132005101123080821705912050386194192
12007063004132005101173076120005611880373187186
12007063004132005103158073218905431880355179176
12007063004132005103392086022806322130419211208
12007063004132005103706084923006192120407208199
12007063004132005109009073118805431890354178176
12007063004141999106730076921005591950364000000
12007063004142003106145073119905321870345175170
12007063004142003107215070318705161790337167170
12007063004142004100072073319305401820358186172
12007063004142004100884072719405331850348176172
12007063004142004101361073521505201880332173159
12007063004142004102184069817405241760348176172
12007063004142004103630074618605601910369191178
12007063004142004105766071118405271730354178176
12007063004142004106563080420406002090391197194
12007063004142005104375077619805781950383186197
12007063004152001103325071719805191790340168172
12007063004152002100485069618105151770338175163
12007063004152003105424071118705241690355176179
12007063004152004106921071417705371760361181180
12007063004152005104251074920005491900359185174
12007063004162002107509076419405701920378191187
12007063004162003103007070919905101800330173157
12007063004162004101199071618405321800352175177
12007063004162005100061073518105541880366189177
12007063004162005100410072418405401750365182183
12007063004172002102679082921606132010412207205
12007063004172003101156072216005621760386193193
12007063004172004100925078519605891960393200193
12007063004172004102742072817505531780375188187
12007063004172004109049073218605461800366180186
12007063004172004109264079320005932030390200190
12007063004172005101792079219905932020391201190
12007063004172005103958078219605861950391198193
12007063004172005105973072517105541790375188187
12007063004182001103731077019705731950378190188
12007063004182003102288073518705481720376181195
12007063004182003102983072419105331750358179179
12007063004182003103773081223605762000376194182
12007063004182004104904074419005541900364182182
12007063004192001100915078822305651950370189181
12007063004192004101213076119405671850382189193
12007063004192004105013076219105711890382189193
12007063004192004106381067317205011620339166173
12007063004192005100700074820805401870353179174
12007063004202001103072072419905251860339178161
12007063004202002101006071219305191830336176160
12007063004202002102283069016305271700357177180
12007063004202004103027071418705271870340173167
12007063004202004103149073320805251870338178160
12007063004202004106770070218105211730348174174
12007063004212002100405073019205381760362175187
12007063004212002110065079420305911980393198195
12007063004212004102216074321205311950336171165
12007063004212005101331072319205311780353174179
12007063004212005105890071819705211760345170175
12007063004222004101787072518005451750370187183
12007063004222005101567076119305681850383196187
12007063004222005109014066817504931650328164164
12007063004232004101585075118505661880378188190
12007063004232004104431069417505191670352177175
12007063004232004106808065317404791600319158161
12007063004232005101035077620805681960372190182
12007063004232005102467082424705771950382181201
12007063004232005105851075920005591880371181190
12007063004232005106247073019805321840348176172
12007063004242005101648072918605431830360180180
12007063004242005105455072718505421830359179180
12007063004252003100918068917505141690345170175
12007063004252003103755075818605721870385191194
12007063004252004103305065916904901610329163166
12007063004252004103345068518105041700334167167
12007063004262002103803067817605021690333167166
12007063004262003107105072619005361790357180177
12007063004262004103013079619805981910407203204
12007063004262005105819072318605371790358175183
12007063004262005106444072020605141720342166176
12007063004272001101705067417604981630335167168
12007063004272003100084055115803931370256126130
12007063004272003102234054815703910000000000128
12007063004272005100649076119605651850380184196
12007063004272005102183075119505561840372177195
12007063004292001110211073018705431800363182181
12007063004292003102135069618105151670348172176
12007063004292004103735068118404971660331172159
12007063004302001110043062719504321730259135124
12007063004302003102545070818005280000000000182
12007063004302005101871069818805101730337169168
12007063004312000106156069719605011810320161159
12007063004312004102818071518305321770355175180
12007063004312004103468069816905291680361177184
12007063004312004103817084223306092120397203194
12007063004312004105264087423706372460391211180
12007063004312005100111068517605091760333167166
12007063004312005100923084223406082110397204193
12007063004312005105011075020105491920357180177
12007063004312005109289074420205421930349172177
12007063004322000101281071918405351790356181175
12007063004322002109448066716904981640334165169
12007063004322003101909076818605821800402201201
12007063004322004103864069918605131700343175168
12007063004322005104119062817404541630291149142
12007063004332000102363071918905301790351178173
12007063004332001100086069319105021610341165176
12007063004332003102969071117805331750358181177
12007063004332004100582071518605291780351178173
12007063004332004102037067717505021650337167170
12007063004342003103517076921905501940356179177
12007063004342004102807072119405271840343175168
12007063004342004105222068517805071730334167167
12007063004342004105223075920705521910361183178
12007063004342004105381071817605421860356182174
12007063004342005109078072017905411840357183174
12007063004352002102283067416205121690343171172
12007063004352003103793058518104041570247124123
12007063004352004102742071318205311790352175177
12007063004352005105973070917805311790352176176
12007063004352005106669061817304451620283139144
12007063004362000102766079021205781990379192187
12007063004362004105772066118304781600318158160
12007063004362005104212076921305561850371183188
12007063004362005105615055717203851400245117128
12007063004372002105558070518805171720345177168
12007063004372005101035069217305191660353174179
12007063004382004100663075519805571860371190181
12007063004382004103502077018705831820401199202
12007063004382004106312079421105831970386193193
12007063004382005102156073318205511840367187180
12007063004392003103755066815805101600350166184
12007063004392004102467078620505811930388195193
12007063004392004103345066517604891670322161161
12007063004392005104997071517805371800357179178
12007063004402002110010071318705261730353180173
12007063004402004102852069217605161710345174171
12007063004402004103234071718305341720362180182
12007063004402004105177064215504871500337168169
12007063004402005105681074118805531880365189176
12007063004412003110189078220605761990377188189
12007063004412004103818070018805121640348173175
12007063004412005105340068418005041700334164170
12007063004422003104904074819705511870364188176
12007063004422003106637072119405271790348175173
12007063004422005101190069218805041670337161176
12007063004422005102473067217504971640333158175
12007063004432002105721078021205681980370192178
12007063004442001106606069918405151820333168165
12007063004442003105676073318505481880360183177
12007063004442004100544070618205241760348176172
12007063004442004103399065917104881690319164155
12007063004442004103421070217605261700356176180
12007063004442004103690074819605521860366184182
12007063004442004105972070918205271740353177176
12007063004442005102115071118405271790348176172
12007063004442005102675071200000000000349176173
12007063004442005102753070117505261710355175180
12007063004442005105274069616805281740354169185
12007063004442005105783071218205301770353178175
12007063004452002102727079820105971980399194205
12007063004452004101182073419605381790359179180
12007063004452004104433072418005441780366179187
12007063004462002106619077119905722030369185184
12007063004462003100255070617005361700366179187
12007063004462003103118075820005581940364185179
12007063004462003103679074919305561850371184187
12007063004462004100978070418405201780342176166
12007063004462004102206070217705251740351176175
12007063004462004110135071719405231780345182163
12007063004462005101332074719005571930364184180
12007063004462005102657069918705121780334166168
12007063004462005109023078619905871960391196195
12007063004472002101892075820705511840367184183
12007063004472004100597072319105321780354179175
12007063004482003101338075219805541910363179184
12007063004482004100971073718605511800371183188
12007063004482004103441088923006592200439221218
12007063004482004104174065917004891650324161163
12007063004492003102395073818505531810372183189
12007063004492004102183068518405011750326168158
12007063004492005101100071918705321760356178178
12007063004492005101734077821105671920375190185
12007063004492005103486073518905461790367179188
12007063004492005106259077620805681940374189185
12007063004492005110129069017505151670348169179
12007063004502002100694071420905051860319169150
12007063004502004101338087823106472140433219214
12007063004502004102281075919405651910374186188
12007063004512004110107064416104831580325160165
12007063004512005106404068816705211650356174182
12007063004522002100465068617405121650347172175
12007063004522002101898070518605191710348170178
12007063004522004100262072618305431760367182185
12007063004522005105201075519705581900368185183
12007063004532004101563068917605131700343171172
12007063004552003109318073618405521800372183189
12007063004552004101502072418605381820356179177
12007063004552004105615066017104891580331157174
12007063004552004106467068117605051730332166166
12007063004562002100637073818405541840370183187
12007063004562003109312078319305901930397193204
12007063004562004103904073318405491840365174191
12007063004562004105129096525307122420470240230
12007063004572003102418068017405061700336167169
12007063004572004100683066417804861530333161172
12007063004572004100892074018005601800380181199
12007063004572004101735071217505371800357179178
12007063004582000103085070816905391730366183183
12007063004582003100255071917205471740373181192
12007063004582003102820076319905641890375190185
12007063004582004109047070717105361730363181182
12007063004592000106061072718105461820364183181
12007063004592001102398068419104931690324163161
12007063004592004106256070420205021800322167155
12007063004592005102115067416705071710336167169
12007063004592005102636067216605061650341170171
12007063004592005102675067516805071710336168168
12007063004592005104828070020104991800319167152
12007063005002000101691067616005161770339171168
12007063005002002102727074918505641870377190187
12007063005002003100600067116805031640339165174
12007063005002004100504065916904901700320163157
12007063005002004101890073719205451870358178180
12007063005002004102128080322705762110365188177
12007063005002004102507073918205571790378185193
12007063005002004103224065315804951570338167171
12007063005002004103361065716404931590334165169
12007063005002004104556073119605351840351176175
12007063005002004105295071018405261760350174176
12007063005002004105460070819005181740344173171
12007063005002005103664079922305762100366188178
12007063005002005105847068616305231670356177179
12007063005012001110268068617605101640346173173
12007063005012003110258074619905471850362184178
12007063005012004103168064815804901620328161167
12007063005012004106584066416804961670329167162
12007063005012004110016066216604961670329166163
12007063005012004110117054315203911320259126133
12007063005022000102609068816905191720347174173
12007063005022002106484065216904831650318160158
12007063005022002110119064616104851610324159165
12007063005022003101657000000004840000000000166
12007063005022003103022064316504781560322157165
12007063005022003104074064717704701550315156159
12007063005022004103413069017805121650347163184
12007063005022005105487064615704891580331168163
12007063005032002100694055517103841410243119124
12007063005032004100262070518305221760346176170
12007063005032004102281070218105211760345174171
12007063005032004103588070820105071740333163170
12007063005042001106098068818305051690336168168
12007063005042002104175065016504851610324163161
12007063005042003100664067717904981690329166163
12007063005042003110202071719405231740349172177
12007063005042005101635070217905231780345174171
12007063005042005103089071819505231740349173176
12007063005052004101338082421906051980407197210
12007063005062001110032066017304871710316162154
12007063005062002102703064017004701580312153159
12007063005062002106072076219705651900375191184
12007063005062004103057066018604741650309157152
12007063005062004106600064117104701590311152159
12007063005062005101851070217105311760355175180
12007063005062005109331070417305311760355176179
12007063005072003102143069819105071760331168163
12007063005072003103364076920505641820382187195
12007063005072004103411069616305331740359185174
12007063005072004103446070618305231750348173175
12007063005072004103874068118204991700329165164
12007063005072004105333077719605811920389199190
12007063005072004105981056915704121370275134141
12007063005072004110210057316304101380272135137
12007063005072005100605069218205101730337168169
12007063005072005101060073118205491930356181175
12007063005072005103493065116604851600325162163
12007063005072005104240066717204951630332165167
12007063005072005106108082422406002090391200191
12007063005082005100378081422705872010386192194
12007063005092002110173067118104901640326165161
12007063005092003109312072717705501770373184189
12007063005092004103582071819305251880337167170
12007063005092005103358075519305621850377190187
12007063005092005104069075418805661860380192188
12007063005102002106778072920705221770345000000
12007063005102003100739066317204911700321165156
12007063005102003104338070919105181790339173166
12007063005102004101545067117005011630338160178
12007063005102004102140062517604491700279143136
12007063005102004103488073318905441870357180177
12007063005112004101911068219704851710314160154
12007063005112004101965076020105591850374187187
12007063005112004105292073320505281970331188143
12007063005122002104076068217105111800331165166
12007063005122004104067073819505431860357181176
12007063005132004105295069417905151690346172174
12007063005142002103740066216804941660328163165
12007063005142004101890067917905001770323154169
12007063005142004105460072419105331820351175176
12007063005142005101424074520005451910354164190
12007063005152003106291066516804971640333162171
12007063005152003107285077619305831900393196197
12007063005162001103396071518305321700362175187
12007063005162003100100074619005561830373187186
12007063005162003110218069118305081700338166172
12007063005162004103899060915604531600293157136
12007063005162004105650077919205872020385194191
12007063005162004107244065517304821620320159161
12007063005162005100264069318405091690340174166
12007063005172003104590061416304511480303152151
12007063005172003109161075619605601850375188187
12007063005172004100952073619005461820364182182
12007063005172004102589063215604761520324160164
12007063005172004106079081720206152020413203210
12007063005172004107313072718705401750365184181
12007063005172005104566066416305011620339168171
12007063005182001101752077119805731910382187195
12007063005182001104617078921305761960380190190
12007063005182004109202073017405561770379188191
12007063005182005100161066316804951700325166159
12007063005182005103573064716304841610323155168
12007063005182005109026073817705611820379185194
12007063005192002101863071318605271800347174173
12007063005192002105565068218804941710323161162
12007063005192003100862065217504771590318155163
12007063005192003102449069019005001730327167160
12007063005202001106161072518505401860354174180
12007063005202002105996076319505681870381188193
12007063005202003105798071317905341810353178175
12007063005202004102801071917605431760367182185
12007063005202004103100072818905391780361178183
12007063005202004105644073619605401810359178181
12007063005212002105613069519005051710334165169
12007063005212004100868067819004881700318164154
12007063005222002110076073418005541800374188186
12007063005222003104229075820105571870370189181
12007063005222003104383077920705721970375186189
12007063005222003105803000000005221830339166173
12007063005222004101997072618005461870359183176
12007063005222005101430070618305231650358177181
12007063005222005106713070000000000000357177180
12007063005232003101722070618305231800343174169
12007063005232004105662053014303871290258126132
12007063005232004106715071718305341760358175183
12007063005232005102419068318105021720330165165
12007063005232005104046068418205021720330165165
12007063005232005106506071919005291770352178174
12007063005242002103220075018805621840378187191
12007063005242003102993070518405211760345174171
12007063005242003103799066817204961590337165172
12007063005242004101044066617104951640331164167
12007063005262004110054065616704891630326160166
12007063005272003103858068619604901700320164156
12007063005272004102777065216504871630324000000
12007063005272004106411066218404781660312160152
12007063005282003102773066316704961650331160171
12007063005282004104658063915304861470339160179
12007063005282004109053000016000001640000166000
12007063005282005102388073819005481840364184180
12007063005282005110014070017405261750351178173
12007063005302001101752075819905591840375187188
12007063005302002104746079920705922040388201187
12007063005302003102586069418505091730336170166
12007063005302004102444077620805681870381186195
12007063005302004103021067517205031680335165170
12007063005302004103858068117605051730332169163
12007063005302004106348079120505862040382200182
12007063005302004106505075820805501950355186169
12007063005302005103935070518505201690351163188
12007063005302005106582067316905041700334165169
12007063005302005109012067917305061710335169166
12007063005311999104764071617605401820358178180
12007063005312000101497066516305021640338167171
12007063005312001100412000000005071690338166172
12007063005312003109161070519005151700345000000
12007063005322004106699075719405631970366188178
12007063005332002105996072918705421800362184178
12007063005332004100946063600000000000327167160
12007063005332004102112063415504791560323159164
12007063005332004106468062415004741540320156164
12007063005332005104020064515504901570333163170
12007063005332005106276066015305071580349174175
12007063005342001106161070217605261800346177169
12007063005342005105649063216004721590313158155
12007063005372004102174067716805091680341172169
12007063005422004100208067416905051670338169169
12007063005422005103712070318305201790341172169
12007063005422005105127071518105341790355178177
12007063005422005105912069917605231760347171176
12007063005432004101123068316505181710347172175
12007063005432004104262067917805011680333167166
12007063005432004106300075819805601830377189188
12007063005432005103511076020205581830375186189
12007063005432005106365075519805571820375186189
12007063005442003104953067919204871730314156158
12007063005442005100459069418405101740336170166
12007063005462003101890071616905471850362185177
12007063005472002106417079320705861970389196193
12007063005492004101157064116004811590322160162
12007063005492004104723067616905071660341173168
12007063005492005103574069417805161750341170171
12007063005502005102118064016104791610318159159
12007063005512001103898066818104871680319162157
12007063005512003100262064716904781550323155168
12007063005522004103291070918005291820347177170
12007063005552004101836072819805301760354182172
12007063005582001104077076919605731990374193181
12007063005582004105123067317105021700332168164
12007063005582004106300074820005481790369175194
12007063005582005103511074119505461780368177191
12007063005582005103712072619205341810353173180
12007063005582005105912067116605051680337165172
12007063005582005106365074820005481780370177193
12007063005592001103392068419404901730317162155
12007063005592003102665070520005051770328172156
12007063005592003102972073620105351810354177177
12007063006002004109161067017804921670325162163
12007063006002005102142075319905541850369185184
12007063006002005103994075319905541850369185184
12007063006002005105314073819505431840359188171
12007063006002005105382073719605410000000000170
12007063006012002100646065017304771620315153162
12007063006012004110186076420205621900372191181
12007063006012005102537062216104611510310150160
12007063006012005106184080422705772050372190182
12007063006012005109282062015804621490313150163
12007063006021999103142073118805431780365183182
12007063006022003100915072218405381860352177175
12007063006022005101392070016605341630371183188
12007063006042001106523067617105051640341172169
12007063006062002100822000000000000000000165000
12007063006062004104932000000000000000000000000
12007063006062004105655064816704811630318165153
12007063006062004106675068316705161680348174174
12007063006062005106269065416304911610330169161
12007063006072003102205074919305561840372186186
12007063006072004100255064216004821500332157175
12007063006072004102271082121706042080396199197
12007063006082002100281070517105341820352178174
12007063006102003103862068318804951690326163163
12007063006102004107254073018805421810361177184
12007063006102005107014065816004981680330168162
12007063006112001104824073318705461850361182179
12007063006112002102194065018804621720290148142
12007063006132005105950070917805311820349175174
12007063006142001106517068418305011750326168158
12007063006142003101812068918605031740329162167
12007063006142004100276070017805221760346174172
12007063006142005101013070017605241720352177175
12007063006142005102999070317805251730352176176
12007063006152004100486068118504961680328161167
12007063006152004102269071117105401780362179183
12007063006162005105857066717804891700319164155
12007063006172003106621071918405351820353178175
12007063006172005100409067716805091640345167178
12007063006172005101458069217005221690353176177
12007063006192004100362074719605511840367184183
12007063006202001103454068216905131660347173174
12007063006202003102205076919505741920382191191
12007063006202003103658067417504991680331165166
12007063006202004106810066316904941660328164164
12007063006202005100181069517205231700353176177
12007063006202005101102067816905091710338168170
12007063006212002104082071718605311740357178179
12007063006212004106333066316904941660328165163
12007063006222003106302065116504861590327157170
12007063006252004102924096700000000000498000000
12007063006262004101495066817804901670323162161
12007063006262004106741066017004901650325163162
12007063006262004107254072818705411820359180179
12007063006272003102335070418405201750345174171
12007063006272004106093061615704590000000000152
12007063006282003101993000000000000000000000173
12007063006282004100486065816604921620330164166
12007063006302002102287069418305111700341167174
12007063006302003102713068018304971710326166160
12007063006302004100453063817004681670301154147
12007063006302004106854071719105261800346176170
12007063006302005106395066018504751670308154154
12007063006302005109021066018604741660308154154
12007063006312004102279000000005401870353188165
12007063006312004105025074820305451900355185170
12007063006312004105818071519805171760341171170
12007063006322004102862066616904971620335165170
12007063006322005110102069818205161760340169171
12007063006492001103334072218305391820357179178
12007063006492003110243053314603871380249123126
12007063006492004110038064515104941630331157174
12007063006492005105258069717705201790341168173
12007063006502001100860070918105281790349179170
12007063006502003100048069918205171720345174171
12007063006502003100697064317304701620308156152
12007063006502003102748064617504711600311159152
12007063006502003105321066016504951670328167161
12007063006502004100720068617805081650343172171
12007063006502004100950073419405401820358178180
12007063006502004102674068117605051660339167172
12007063006502004104144068917405151720343169174
12007063006502005100865067317704961670329165164
12007063006502005104113067317604971650332167165
12007063006502005104692068316805151710344171173
12007063006502005105393068517705081660342171171
12007063006502005109137071418905251770348173175
12007063006512002105356068316205211570364178186
12007063006512002106183069317305201660354169185
12007063006512003101168071819105271780349175174
12007063006512003102742065216204901540336164172
12007063006512003110217070918405251750350178172
12007063006512004104246070517705281760352174178
12007063006512004104810069918305161760340175165
12007063006512004105178071718105361760360180180
12007063006512005100153066116204991640335162173
12007063006512005101290068617705091670342170172
12007063006512005101776068217305091710338171167
12007063006512005105389073118805431790364179185
12007063006522000103352073519705381730365178187
12007063006522002105381088923906502250425216209
12007063006522003103164070016705331750358180178
12007063006522004102279067500000000000000000167
12007063006522004106077073618105551840371183188
12007063006522004110056069918605131700343170173
12007063006522005101554070519105141690345174171
12007063006522005104103073319005431780365179186
12007063006522005105140070618005261670359174185
12007063006522005106316069918605131680345174171
12007063006532001107329073419305411850356181175
12007063006532003102991081221006021970405205200
12007063006532004101051069817205261690357177180
12007063006532004101082067617804981700328162166
12007063006532004103339070319005131780335173162
12007063006532004104544069016905211760345174171
12007063006542000101470065017204781620316157159
12007063006542000107099067418104931710322163159
12007063006542003105071068017205081640344170174
12007063006542005109031067417005041660338171167
12007063006552000110053065817304851630322157165
12007063006552001101505068216505171680349173176
12007063006552003105482064117904621570305154151
12007063006552004100237072219405281810347173174
12007063006552005105577075320105521850367180187
12007063006552005105859067217304991680331165166
12007063006552005106372073318905441820362179183
12007063006552005106592073619105451810364179185
12007063006552005109092069217405181690349173176
12007063006562002100518072918505441830361183178
12007063006562002105513080120405972000397204193
12007063006562003109121067117404971590338167171
12007063006562004104199058415204321380294137157
12007063006562005102144073318405491830366188178
12007063006572002110001070220005021740328171157
12007063006572003104873065017804721570315155160
12007063006572003105890065016704831630320162158
12007063006572004103363068718205051640341167174
12007063006572004109291068817405141710343168175
12007063006582004101181071319705161810335169166
12007063006582004102001080321905842090375191184
12007063006582005100956080221705852070378191187
12007063006582005101435070017405261730353176177
12007063006591998100440073718705501870363181182
12007063006592002110249072718205451760369182187
12007063006592004101364070618005261760350174176
12007063007002005105373069317105221710351172179
12007063007012002103110063717604611650296151145
12007063007012002105674074220705351900345176169
12007063007012003101082074219905431920351176175
12007063007012004101804084324006032340369195174
12007063007012004102783073519905361820354178176
12007063007012005101329067818704911680323161162
12007063007012005106325067918304961700326166160
12007063007022003101988067918204971720325168157
12007063007032003102452071918505341750359179180
12007063007032003106424071217705351750360181179
12007063007042004100950071217905331730360183177
12007063007052000105531065216804841600324160164
12007063007052003107257072219105311860345176169
12007063007052004102762068518005051650340168172
12007063007062001107508054415103931450248126122
12007063007062002106140068618305031690334167167
12007063007062003101168070519105141820332169163
12007063007062003110119066617504911690322159163
12007063007062004101779066518204831690314155159
12007063007062005105410067717305041670337168169
12007063007062005106345067317005031670336168168
12007063007062005106416076619605701830387207180
12007063007072001103305068417305111720339169170
12007063007072003102822071318105320000000000174
12007063007072004105087070919305161770339175164
12007063007072005102486055415404001430257128129
12007063007072005103711000000004041440260130130
12007063007082003100805072119205291820347179168
12007063007082003103122072516805571810376184192
12007063007082003105386107300000000000000000249
12007063007082004100194064216404781570321159162
12007063007082004100256070219405081760332170162
12007063007082004104742064016204781650313156157
12007063007082004110207000000004081580250124126
12007063007082005103185069318005131720341173168
12007063007082005110093058317704061480258126132
12007063007092003105071064916004891620327163164
12007063007092004100522071717505421870355187168
12007063007092004101785066817004981650333166167
12007063007092005105837068618105051730332163169
12007063007102004104879063717404630000000000159
12007063007102005106790065516704881560332161171
12007063007112002100518070219005121720340171169
12007063007112003104191065818604721530319157162
12007063007112003104873064316804751510324155169
12007063007112003106107061016104491510298146152
12007063007112004103363067318204911580333155178
12007063007112005100638066517704881570331159172
12007063007112005109098069917905201710349173176
12007063007122000107407069521704781690309150159
12007063007122004104509064716404831570326157169
12007063007132001105010074623405120000000000164
12007063007132004103113068817905091730336172164
12007063007141999100645072518605391790360182178
12007063007142001103353072518505401800360178182
12007063007142002105674067818904891690320161159
12007063007142003106779068617705091680341169172
12007063007142004110096074817305751930382194188
12007063007142005102207071618505311800351175176
12007063007142005103114071618305331820351174177
12007063007142005106483073719405431820361178183
12007063007152003102309066617004961670329165164
12007063007152004102838078219505871980389196193
12007063007152004110256062115004711570314155159
12007063007162004100726065015404961610335166169
12007063007162004103648076819505731920381189192
12007063007162004105297070317905241790345172173
12007063007162004106926064416404801580322159163
12007063007162005103389076619505711920379190189
12007063007172003106424064116304781550323162161
12007063007172004102233067317504981640334169165
12007063007172005102276068316705161670349178171
12007063007182003110095081822005982060392203189
12007063007182004104807074418305611840377192185
12007063007182004107041071118505261790347174173
12007063007192002102674066416504991640335165170
12007063007202003110119068417305111670344169175
12007063007202004105973000000005030000000000000
12007063007212002110114073018905411770364183181
12007063007212004100751075519305621890373185188
12007063007212004110244065518504701530317154163
12007063007212005106678062314304801490331164167
12007063007222001101684071719005271820345173172
12007063007222003103122064515704881580330159171
12007063007222004105717068519404911700321162159
12007063007222004110007069017805121680344167177
12007063007222005102519071118905221810341172169
12007063007242003103034060115804431610282150132
12007063007242005101709076119105701920378189189
12007063007242005103752076119005711930378190188
12007063007262003104191062615604701490321160161
12007063007262004107062066517604891610328160168
12007063007262005100995066517104941620332167165
12007063007262005105190065116704841620322162160
12007063007272000100299073119105401860354181173
12007063007272001101508066516804971690328165163
12007063007272004101165068217305091730336173163
12007063007272004101720068817505131720341169172
12007063007272004102296070718505221770345174171
12007063007272004103095065917204871650322166156
12007063007272004103111067017304971710326165161
12007063007272004104902073619405421820360187173
12007063007282000100397065816704911590332165167
12007063007292004103978072219005321810351177174
12007063007302005101445070018105191760343172171
12007063007302005105272070018205181760342171171
12007063007312003102216059417404201450275137138
12007063007312004107041069718605111730338170168
12007063007322003104960070419305111740337170167
12007063007322004100583066519104741630311157154
12007063007322005101791073118605451870358179179
12007063007332003107188067217105011620339167172
12007063007372002100467069317805151660349173176
12007063007372003104342060515104541510303150153
12007063007372004103507073918405551820373185188
12007063007372004107006068719804891740315159156
12007063007382002104686079020805822010381194187
12007063007382003110117066217504871590328157171
12007063007382004110074067717705001610339168171
12007063007382004110212077720705701900380190190
12007063007382005106231067515705181670351172179
12007063007382005106787071518205331800353179174
12007063007392002107209065617004861650321163158
12007063007402001103271075819605621970365183182
12007063007402003100560067617704991640335165170
12007063007402003102502068317005131710342172170
12007063007402003102515069418105131740339167172
12007063007402003110029063215304791570322159163
12007063007402004100592073619305431830360180180
12007063007402004101799060115104501500300145155
12007063007402004105633074619005561820374190184
12007063007422004102943068317205111660345170175
12007063007422005103448068017505051680337164173
12007063007432000101284053715203851290256124132
12007063007432002106482065015804921590333164169
12007063007432003102513066217604861660320163157
12007063007432003107178064817404741620312158154
12007063007432004101400067517205031690334171163
12007063007432005105378061815104671550312155157
12007063007442002110059063016804621620300153147
12007063007442003102883062315604671510316154162
12007063007442003104479061814904691520317157160
12007063007442004102950065615704991630336165171
12007063007442004105552066017404861650321161160
12007063007442004106138063816804701600310156154
12007063007452002106890065016804821720310152158
12007063007452003104103068817205161650351173178
12007063007452005100112065117504761640312158154
12007063007452005100262064317104721630309000000
12007063007452005101791069717505221720350175175
12007063007462002100906060416504391470292144148
12007063007462002103396070317605271720355175180
12007063007482000106436067917705021720330164166
12007063007492002100722074319805451830362183179
12007063007492004100716068017605041680336169167
12007063007492004106761066018004801650315158157
12007063007502000107271064118204591530306147159
12007063007502002102753064017204681610307155152
12007063007502004105975064016404761600316157159
12007063007502004106985064116404771600317157160
12007063007502005106167067617305031700333163170
12007063007512004103302069718905081800328166162
12007063007512004107311069116605251690356179177
12007063007532001110198068517305121620350170180
12007063007532004100592071518505301790351174177
12007063007542005100293070518305221720350175175
12007063007542005104117067516805071670340167173
12007063007542005104340069616705291730356179177
12007063007552003102299079819606022000402195207
12007063007552004106723061515704581550303159144
12007063007572002105981063416504691620307150157
12007063007581999104643066416205021620340173167
12007063007582004106632068516905161640352179173
12007063008002001105352087824706312230408209199
12007063008002002101007063617504611560305158147
12007063008002004104692065716904881640324161163
12007063008012004103825080820506032010402201201
12007063008012004104876063616904671600307152155
12007063008022004105648064818604621580304150154
12007063008032004104912067319604771600317157160
12007063008032005101581076419605681890379194185
12007063008032005104945076719405731890384194190
12007063008032005106487077019405761900386195191
12007063008042005106172059715904381440294146148
12007063008082003102299066717404931580335159176
12007063008122003106113069618305131740339166173
12007063008142002102282000019800001870000179000
12007063008142003102082062917104581490309152157
12007063008142004103028063716704701550315149166
12007063008152000107264067016805021660336165171
12007063008152003103801066416804961610335166169
12007063008152003105858067717405031670336169167
12007063008162001100346064717104761610315157158
12007063008162002100994065816104970000000000161
12007063008162004103539068318404991730326166160
12007063008162004105962068118304981720326166160
12007063008162005102570062516004651580307152155
12007063008172003100590072318305401780362180182
12007063008172004106141071718205351740361179182
12007063008232004101570055414704071420265132133
12007063008232004102798058115904221460276141135
12007063008272004101198072518105441740370184186
12007063008292001110124065817404841620322160162
12007063008302003102976065516404911560335160175
12007063008342004105039069317205211730348172176
12007063008342004105865069917005291800349176173
