02005021304021999110280000000000001700000171000
02005021304022000106135069516905261680358178180
02005021304022001107728067416805061650341172169
02005021304022001110106065816304951590336157179
02005021304022002100395067216305091610348169179
02005021304022002100866069017105191650354173181
02005021304022002103341068917605131690344169175
02005021304022002104896067516805070000000000169
02005021304022002106742070717605311730358173185
02005021304022002110195064115004911540337165172
02005021304032000106010070417405301680362175187
02005021304032001100658063616004761550321164157
02005021304041996106265068615605300000000000186
02005021304041998110209114829508532940559295264
02005021304042000105189063114904821560326160166
02005021304042002110154064115604851530332162170
02005021304062001110036065016404861620324162162
02005021304062002101322069917105281670361173188
02005021304062002105106068916805211670354174180
02005021304062002106714068217205100000000000177
02005021304062002110016067317305001660334158176
02005021304072002102325070017305271690358178180
02005021304081999104987070417805261680358177181
02005021304082001110018075418805661810385187198
02005021304082002103368080619306131910422208214
02005021304121999105945064617104751580317160157
02005021304131997105167063615704791510328159169
02005021304131998101619063915804811530328157171
02005021304132002106095064817104771590318159159
02005021304142000106135062816204661480318154164
02005021304142001107728055514604091370272137135
02005021304142002100524071917805411740367182185
02005021304142002103634073019405361830353180173
02005021304142002104896055614604101380272136136
02005021304152002106347082121006112000411204207
02005021304172002101259073119505361810355178177
02005021304172002103341054514603991370262131131
02005021304172002106742054214503971360261132129
02005021304182002100395073317705561740382185197
02005021304212000110102000016000001410000137000
02005021304212002103368066816705011600341168173
02005021304221999104398068418405001650335169166
02005021304221999104987060016404361430293147146
02005021304222000105189054914504041340270132138
02005021304222001103328055214504071370270134136
02005021304222002101322068616905171610356177179
02005021304222002105106069317305201680352174178
02005021304222002106714054300000000000249127122
02005021304222002110016071221304991640335167168
02005021304222002110154061315904541510303150153
02005021304232001110095079019605941880406187219
02005021304232002102325069617005261670359179180
02005021304242000107076064721104361580278149129
02005021304242000110035057314704261380288142146
02005021304242002101380057114704241340290140150
02005021304242002106200057214604261370289142147
02005021304251998101619056115204091380271136135
02005021304251999103716088026206182390379204175
02005021304252002106095055915104081390269136133
02005021304261998106821065615704991590340166174
02005021304262000100513065716004971570340167173
02005021304262002104209066015905011580343170173
02005021304272002100524069817005281670361175186
02005021304282002103634052214103811260255123132
02005021304342002103887068316805151700345168177
02005021304371996101484000000000001580000000000
02005021304381998106551070317605271720355174181
02005021304412000110102059819804001480252127125
02005021304412001107607061414704671460321154167
02005021304412002100559056915004191420277142135
02005021304412002105983057415304211430278143135
02005021304492002101975079920005991910408200208
02005021304502000107263096024007202350485242243
02005021304502002101710069717305241690355175180
02005021304512002106734067717505021630339166173
02005021304512002107677067917805011630338166172
02005021304512002110152068018104991550344166178
02005021304522001103382070318705161780338174164
02005021304522002104688062916104681540314155159
02005021304532002104507063616304731570316157159
02005021304532002104535064016604741570317158159
02005021304541998106551068116905121660346170176
02005021304551998110138063816204761570319157162
02005021304552002104271067117304981620336165171
02005021304552002105493065516004951570338169169
02005021304552002109164066416904951610334167167
02005021304552002110034065816104971610336166170
02005021304552002110202065716404931620331165166
02005021305021999106908063815804801530327164163
02005021305032001102114065716004971580339166173
02005021305042000100152074719905481810367183184
02005021305042002101710064115604851550330164166
02005021305071999105956069417205221670355173182
02005021305072000103595069217305191640355176179
02005021305072001110118070217405281680360179181
02005021305072002104522070117405271700357180177
02005021305081999101218062018904311540277141136
02005021305082002104271064316204811530328160168
02005021305082002105493064015604841510333167166
02005021305082002109164066016404961600336167169
02005021305082002110034065115604951570338172166
02005021305082002110202064615504911590332165167
02005021305092002106703079220005921970395196199
02005021305101998101397074618405621800382190192
02005021305112002102853074218605561790377187190
02005021305122000101450071618905271730354177177
02005021305122000101607069517805171710346174172
02005021305122002100680068117605051660339167172
02005021305122002100920077419705771890388193195
02005021305122002102320069517605191680351173178
02005021305132001103331076019505651800385192193
02005021305162002102641068717805091670342169173
02005021305242000106151066716105061620344168176
02005021305251997110108069118005111660345173172
02005021305252001103226069817605221680354178176
02005021305252002102853065116904821600322160162
02005021305252002103095070119005111730338171167
02005021305272000101607058915804311420289143146
02005021305272002100680057515104241380286145141
02005021305272002100920059217504171490268142126
02005021305272002106360079819606021900412203209
02005021305282000101450057515604191360283143140
02005021305282001103331057416104131440269136133
02005021305282002102320064317504681550313155158
02005021305282002102641060415104531470306156150
02005021305302002100487066316604971630334166168
02005021305302002102562068217805041650339172167
02005021305331997104549068717005171660351172179
02005021305332001110061070917705321730359177182
02005021305332002107321069717005271720355180175
02005021305381997110108067417005041640340169171
02005021305392002102144065720004571650292155137
02005021305402002110036062818004481500298143155
02005021305412002102312063015104791500329157172
02005021305442002100487059716404331480285147138
02005021305442002102562059716304341480286148138
02005021305491997104549068016905111650346176170
02005021305492001110061054315103921330259125134
02005021305492002107321055115703941340260126134
02005021305502001103903066917204971650332168164
02005021305511998101485110530108042740530271259
02005021305511999104842000038000003530000355000
02005021305512000106172000034100003310000342000
02005021305512001100719000038000003530000353000
02005021305512001110234000038000003520000354000
02005021305531999106726068017605041650339169170
02005021305531999106772070718005271700357178179
02005021305542001103404069917905201710349171178
02005021305552002101313075419805561850371186185
02005021305562001104450086321906442040440212228
02005021305562002102144057918703921340258126132
02005021305572000104559084220606362030433215218
02005021305572001103233078920105881900398198200
02005021305572002110181064115604851530332162170
02005021305582001101201070416305411630378181197
02005021305582001104244068017005101680342171171
02005021305582002103322069317605171690348174174
02005021305582002104736068218205001600340168172
02005021305592002100540068516505201640356172184
02005021305592002105086082521806072020405203202
02005021306002000100154076320605571880369190179
02005021306002000107701070518305221750347175172
02005021306002002100152082021206081980410207203
02005021306002002101039000000006022010401201200
02005021306002002101735080620905971940403205198
02005021306002002103057083821406242050419211208
02005021306002002103174067418404901680322172150
02005021306002002104917075720905481820366182184
02005021306002002104990072018105391760363183180
02005021306002002105672067918504941660328171157
02005021306002002106448070318705161730343173170
02005021306002002107245083621306232080415209206
02005021306012000100756066017504851550330162168
02005021306012001101656063014304871480339164175
02005021306012002101104075017405761830393194199
02005021306012002103333075718105761880388193195
02005021306012002103706078920005891900399194205
02005021306012002103707072818405441780366181185
02005021306012002104337072417405501680382189193
02005021306012002110130070316705361660370177193
02005021306021997110263074118905521780374184190
02005021306022000106791073618405521780374184190
02005021306022002107263075919905601840376186190
02005021306022002110184069217205201710349173176
02005021306031997104283075518605691750394189205
02005021306031999102634077318805851830402193209
02005021306032001100341075119105601780382187195
02005021306032001106171066816705011650336163173
02005021306032001110131080019306071950412204208
02005021306032002100708078320405791850394192202
02005021306032002100758071717605411680373181192
02005021306032002102019074818305651750390190200
02005021306032002105027067017005001610339168171
02005021306032002110229072118805331730360179181
02005021306051998101485061816704511510300152148
02005021306052000106172057216004121380274143131
02005021306061999104842067820204761710305152153
02005021306062001100719075422405301900340168172
02005021306082002100270069718605111690342170172
02005021306092002101313057115704141440270135135
02005021306092002102076071817305451570388196192
02005021306092002104941071817605421650377185192
02005021306092002104964077821105671840383193190
02005021306101999106726062715904681520316155161
02005021306101999106772054316403791340245122123
02005021306102001103404055714704101340276000000
02005021306102002104514070317405291720357177180
02005021306112001104450078221105711880383177206
02005021306112002100112071119005211720349171178
02005021306112002101719076219205701800390189201
02005021306122002104173068517405111650346171175
02005021306132000106739074317905641810383189194
02005021306132000107701066017604841650319161158
02005021306132001103073070900000000000354182172
02005021306132002100152066617504911590332165167
02005021306132002101039069717605211730348173175
02005021306132002101735066517704881680320167153
02005021306132002101806069318205111690342170172
02005021306132002103057069717705201720348172176
02005021306132002103827067616805081800328169159
02005021306132002104337059315604371570280152128
02005021306132002104967075319405591830376188188
02005021306132002105086064718504621640298157141
02005021306132002105679065317004831560327162165
02005021306132002107245066517204931720321168153
02005021306132002107349000000000000000000000173
02005021306132002110181056914604231350288141147
02005021306142000100154067717705001650335166169
02005021306142000105910071318905241750349174175
02005021306142000106791060814704611460315159156
02005021306142001100060074919205571840373186187
02005021306142001101909076419005741870387192195
02005021306142001110083076819905691830386188198
02005021306142002101676068418105031610342164178
02005021306142002102370087022606442110433217216
02005021306142002103174067618904871660321161160
02005021306142002105672068718305041670337170167
02005021306142002106448060617904271480279143136
02005021306151997110263069717005271620365182183
02005021306151999101047077520005751840391191200
02005021306152001105783067616505111600351172179
02005021306152002103353000018000001680000177000
02005021306152002106319057216504071390268137131
02005021306161998110101079220205901980392199193
02005021306162000101740077219505771870390192198
02005021306162002100708074319705461780368182186
02005021306162002110229067817805001690331167164
02005021306172001102925072118705341740360173187
02005021306172002101184073818105571740383187196
02005021306172002107263064816604821510331158173
02005021306182002101677055514804071350272137135
02005021306191997104283066017704831600323160163
02005021306191999102634062416204621520310155155
02005021306192001100227070618505211750346176170
02005021306192001106171063716804691510318155163
02005021306192001110131073518305521710381179202
02005021306192002100758070917705321680364175189
02005021306192002102019069818005181660352170182
02005021306192002102474072219105311700361176185
02005021306192002102680075119905521820370181189
02005021306201999110030070718005271700357176181
02005021306212000103453067416605081580350171179
02005021306212002100270066217404881630325162163
02005021306212002103710080121405871960391188203
02005021306212002103739067417305011660335164171
02005021306212002103944073219205401760364180184
02005021306212002106292067517205031620341167174
02005021306262002105679059915404451420303151152
02005021306272001105783062716304641470317154163
02005021306272002101719067917705021620340165175
02005021306282001103073000000000000000349171178
02005021306282002101806053714503921310261130131
02005021306282002102370081721805991990400199201
02005021306282002107349054414703971340263130133
02005021306292000106739067216505071610346168178
02005021306292002103788000036800003370000347000
02005021306292002104421000036700003370000347000
02005021306292002107256068717105161660350173177
02005021306292002109090065615704991560343162181
02005021306302002101676054614304031240279130149
02005021306311999100701081221805942040390193197
02005021306312001104149081420606081920416205211
02005021306312001106725065717204851540331162169
02005021306312002107186059716604311410290140150
02005021306312002110088059416404300000000000153
02005021306312002110167059516504301400290140150
02005021306322000107379071218505271660361175186
02005021306332001101612068417905051640341163178
02005021306332002103414074119705441720372175197
02005021306341999103141071218005321720360185175
02005021306342000103540080325505481920356180176
02005021306342002103088074019405461790367185182
02005021306352000101204091122806832250458230228
02005021306352000107726075220105511830368187181
02005021306352001100227053514103941290265131134
02005021306352002101605000017400001610000168000
02005021306352002102474000000003941290265130135
02005021306352002102680072819605321730359175184
02005021306352002104915070818605221710351176175
02005021306352002110095090422806762230453226227
02005021306371999107629077420905651850380191189
02005021306372001104323065515904961560340167173
02005021306372002105437075920905501810369186183
02005021306372002105480068317105121630349170179
02005021306382002103046080420805961940402197205
02005021306382002104957078819205961920404195209
02005021306392002102912070317305301690361177184
02005021306402000100290072018005401730367185182
02005021306412002107256068716605211690352173179
02005021306412002109090060916704421490293151142
02005021306422001100172076121305481880360181179
02005021306442002103788106429007742570517261256
02005021306442002110177068918305061650341170171
02005021306451999100701073120805231800343172171
02005021306452000105868067417305011650336164172
02005021306452000107379061118004311680263000000
02005021306452001104149072319305301760354177177
02005021306452002105860066516904961610335164171
02005021306452002107266065916304961590337167170
02005021306462000102427066116304981570341161180
02005021306462001106725058315204311370294143151
02005021306462001110037080019106091960413203210
02005021306462002104863081720906081970411205206
02005021306462002104886077017805921930399197202
02005021306462002105236078120305781890389193196
02005021306471999106723070317605271680359174185
02005021306472001110248073618905471790368186182
02005021306472002101445069117305181650353173180
02005021306472002102150094824107072430464238226
02005021306472002104518067217005021610341166175
02005021306482000101204078720005871930394195199
02005021306482000103540068521904661580308159149
02005021306482000104299078419705871850402197205
02005021306482002101406071919005291750354174180
02005021306482002104915068217805041680336167169
02005021306491999107629072117805430000000000000
02005021306492000101420063117004611560305153152
02005021306492000107726070618705191740345174171
02005021306492002102226059715004471440303148155
02005021306492002103088054414603981300268132136
02005021306492002110095080720306041940410204206
02005021306502000100290060216504371500287146141
02005021306502002101280066616704991570342167175
02005021306502002102764071618505311710360179181
02005021306502002105205071518405311710360181179
02005021306502002105437075621305431820361182179
02005021306502002109110072118605351750360188172
02005021306512000103305072520305221790343176167
02005021306521999110122000018300001660000170000
02005021306522002100564066416604981610337165172
02005021306522002100936071517705381680370180190
02005021306522002102472074019305471840363183180
02005021306522002107307073119305381800358178180
02005021306522002110093070817705311690362178184
02005021306531998103395073719405431810362181181
02005021306532002100879074119305481790369183186
02005021306532002102113070018505151690346167179
02005021306532002102912066916405051600345171174
02005021306542002102264071417605381730365177188
02005021306542002103046076919705721860386192194
02005021306551998107009061716704501510299144155
02005021306551999104425000000004221410281137144
02005021306552001100172066717304941620332164168
02005021306552001100469000000005491800369186183
02005021306552002103703070017505251680357173184
02005021306562000107035067424204321590273138135
02005021306562000110269075220205501800370182188
02005021306562002100055069819205061770329169160
02005021306562002105531069517605191630356173183
02005021306572002107232064015604841510333162171
02005021306572002109337067516905061570349164185
02005021306572002110177057615204241400284140144
02005021306582000105868066616605001640336168168
02005021306582001110244073919505440000000000180
02005021306582002104958083323006032060397186211
02005021306582002106733073819105471810366184182
02005021306591999100701060619004161410275137138
02005021306592000102393056114704141360278137141
02005021306592000110149051914403751240251120131
02005021306592001104149060218904131410272135137
02005021306592002103546069217605161690347172175
02005021306592002103772071719805191750344169175
02005021306592002105463069117105201730347174173
02005021306592002106086069217805141660348175173
02005021306592002107266061015604541540300154146
02005021307001998102780072718105461740372183189
02005021307001999105134076519305721880384193191
02005021307002001107577071117705341630371174197
02005021307002002100322072018805321730359177182
02005021307002002100827076820205661880378194184
02005021307002002101848000021200001910000194000
02005021307002002102712074819805501860364183181
02005021307002002104344076919605731920381190191
02005021307002002104864076219605661900376190186
02005021307002002105882070817505331640369177192
02005021307012000101204065020104491530296148148
02005021307012000101463067716405131550358173185
02005021307012000102427000015900001530000151000
02005021307012002102812072718905381740364180184
02005021307012002103526073118805431770366182184
02005021307012002104886068617205141710343170173
02005021307012002104938073518905461760370184186
02005021307012002105164073118705441720372178194
02005021307012002105778071618305331740359179180
02005021307012002107646075219205601840376185191
02005021307012002109183072718605411760365182183
02005021307021997102280066918204870000000000162
02005021307021998100158068617005161680348176172
02005021307022000100935070417405301640366177189
02005021307022001100569070518105241750349173176
02005021307022001110037073218805441770367178189
02005021307022002103041071317705361720364180184
02005021307022002104863073419105431720371183188
02005021307022002105236072418505391760363183180
02005021307022002107499070817905291700359179180
02005021307022002110095000019600000000000000000
02005021307031998105513000000005421710371184187
02005021307032000109297057814404341350299138161
02005021307032001100554071918205371760361180181
02005021307032002100049072718605411770364180184
02005021307032002101034063315104821500332159173
02005021307032002102401069818705111710340174166
02005021307032002104016068918605031710332173159
02005021307032002105068068818705011710330173157
02005021307041998103351069716505321640368177191
02005021307041999103606065618604701620308152156
02005021307042000104779077220705651890376187189
02005021307042001103410061416604481470301150151
02005021307042002100325069317205211640357173184
02005021307052002100936066016404961570339163176
02005021307052002102113066715905081580350166184
02005021307052002102764056615304131290284135149
02005021307052002103173070219105111820329164165
02005021307052002105205056315104121290283135148
02005021307052002105288073918805511720379189190
02005021307052002105690069218405081600348166182
02005021307052002106014076021605441850359179180
02005021307052002106683069918405151640351000000
02005021307052002109110056215004121290283134149
02005021307052002110093065216004921500342161181
02005021307061998103395071218405281700358177181
02005021307061999110183078521005750000000000191
02005021307062001103351063616104751540321159162
02005021307062002100879069718005171680349172177
02005021307062002103274070519405111770334169165
02005021307062002104333072719405331730360178182
02005021307071999102575071818805301750355179176
02005021307072001101000072619805281770351177174
02005021307072001107592073800000000000368184184
02005021307072002103888075817805801770403192211
02005021307072002109227074919305561810375182193
02005021307072002110178069817805201640356173183
02005021307082001100469070517805271710356176180
02005021307082001103234071018805221720350176174
02005021307082001107270068918105081620346167179
02005021307082002101198074818605621770385189196
02005021307082002102635070718905181740344178166
02005021307082002103239072218505371730364180184
02005021307082002104515073818505531750378184194
02005021307082002104554070318605171720345174171
02005021307082002104946074419105531850368182186
02005021307092001102177072919205371840353179174
02005021307092002100717069417805161620354171183
02005021307092002101585067617804981620336168168
02005021307102000110269067316405091600349174175
02005021307102002101722070518205231650358174184
02005021307102002103703060816204461550291147144
02005021307102002104226069117905121670345171174
02005021307102002104531073119205391780361177184
02005021307111998102920000018100001660000164000
02005021307112000105041069917305261700356184172
02005021307112000107279083226705652040361194167
02005021307112002102028072718805391700369184185
02005021307112002105531065716804891600329166163
02005021307112002107259076919505741800394197197
02005021307121999104425058817504131540259131128
02005021307122000107035062021004101550255129126
02005021307122002100055062617504511530298151147
02005021307122002100271080422905752040371197174
02005021307122002100795067917205071580349172177
02005021307122002101265070118105201670353175178
02005021307122002103208072118205391700369180189
02005021307122002104958061021903911360255129126
02005021307122002105169066617504911680323165158
02005021307122002105802070320105021700332168164
02005021307132000104307000016100001430000148000
02005021307132001110244067518104941670327160167
02005021307132002100827067317404991640335167168
02005021307132002102907061716004571500307151156
02005021307132002104344071318005331680365179186
02005021307142000105094055914704121330279139140
02005021307142000107133075519805571850372189183
02005021307142001101986058416404201430277140137
02005021307142002100322068118105001670333166167
02005021307142002101811075019505551880367187180
02005021307142002101848072000000000000351172179
02005021307142002102812070718105261730353179174
02005021307142002103546066817204961610335165170
02005021307142002105164055915604031420261132129
02005021307142002105778065616804881590329161168
02005021307142002107459058214204401370303149154
02005021307142002110063056214804141340280139141
02005021307152000101463063416304711500321154167
02005021307152002101759069118005111720339172167
02005021307152002106733069617805181660352175177
02005021307161997102280051512303920000000000142
02005021307161998102780072618405421730369184185
02005021307161999105134064616704791590320160160
02005021307162002103526055815104071380269135134
02005021307162002104864069818305151720343170173
02005021307162002104894056815304151360279137142
02005021307162002104938060214504571530304155149
02005021307162002109183055815104071380269135134
02005021307171998100158060215604461490297152145
02005021307171999110002054815103971320265133132
02005021307172000110110057615304231330290140150
02005021307172001107577064917004791600319161158
02005021307172001110269070118405171670350170180
02005021307172002105882065916804911600331164167
02005021307181998105513068917405151610354174180
02005021307182000102605067017804921570335167168
02005021307182002106683069517605191660353175178
02005021307192000104779063117304581570301153148
02005021307192001103410054315103921290263131132
02005021307192002100325066817404941640330166164
02005021307192002102877062215704651490316157159
02005021307192002106014064718204651610304151153
02005021307202001103234068617205141660348171177
02005021307202002101198063518404511490302152150
02005021307202002105288076220205601830377000000
02005021307212002101183068916805211670354176178
02005021307212002103789070417705271730354179175
02005021307222001103351062215804641510313159154
02005021307222002100947068417905051630342168174
02005021307222002103914069117205191680351173178
02005021307231999102594059514804471390308151157
02005021307232001102651073520205331840349177172
02005021307232002103274060716004471480299151148
02005021307232002104333060616404421440298150148
02005021307232002107259053214203901260264130134
02005021307242002100717069517605191680351173178
02005021307242002104531067417604981650333169164
02005021307252000107279080524505602000360193167
02005021307252002100795065016804821570325163162
02005021307252002101722066516904961610335163172
02005021307252002101886056815104171500267135132
02005021307252002104226058715604311360295143152
02005021307262000105041000013300000000000000000
02005021307262000110220064816804800000000000167
02005021307262002101265066517004951580337163174
02005021307272000101444063416104731520321155166
02005021307272001106184062216304591500309152157
02005021307272002102028065716704901600330170160
02005021307272002103208066517604891630326161165
02005021307272002110224065616104951610334166168
02005021307291998102920000015500001290000124000
02005021307292000107133074719905481840364187177
02005021307322000102092071219205201740346180166
02005021307322001104426069719005071800327179148
02005021307322002101564073218705451830362183179
02005021307332002110203069317805151710344174170
02005021307342001102936081121006011990402208194
02005021307342001109341082222305991960403202201
02005021307342002100761082821506131990414207207
02005021307342002100888083222706052010404200204
02005021307342002101726072618505411760365181184
02005021307342002102393069218805041700334169165
02005021307342002102909068118804931620331166165
02005021307342002103423072018505351750360180180
02005021307351998110067066817904891600329159170
02005021307351999106109082621106151890426209217
02005021307351999106997067817205061640342172170
02005021307352001103057068917205171650352176176
02005021307361999102594060115204491390310147163
02005021307362002100324071116205491680381185196
02005021307372002101183065216604861590327164163
02005021307372002103789066617204941660328165163
02005021307382000107279067622504511640287149138
02005021307382001106726070717105361760360183177
02005021307382002100702071318105321740358181177
02005021307382002103420073119605351740361182179
02005021307382002105293000018300001770000179000
02005021307392000101304077619305831840399200199
02005021307392000102257062515904661470319152167
02005021307392002100552073518905461810365187178
02005021307392002100647070918205271730354175179
02005021307392002101007066517604891550334165169
02005021307392002104794066116604951570338166172
02005021307402002104382068118904921660326163163
02005021307412002100378071217905331710362182180
02005021307432000105627073419805361790357182175
02005021307432001102588068417605081610347169178
02005021307432002101369069918305161710345169176
02005021307432002101564073618905471840363183180
02005021307432002101654076819905691870382190192
02005021307432002105040080919706121900422202220
02005021307442001104922073019205381760362177185
02005021307442002100993069817605221710351174177
02005021307442002104562074519105541780376186190
02005021307442002106846067818104971670330165165
02005021307442002107298000000005510000000000181
02005021307442002109083069918505141650349000000
02005021307452002102561070617405321680364179185
02005021307461998104710063218304491570292149143
02005021307471998110302058216004221390283138145
02005021307472001102936073919105481850363179184
02005021307472002100761077320005731920381194187
02005021307481999106997067317005031630340166174
02005021307482001103057061615004661460320152168
02005021307482002100888074719305541810373192181
02005021307482002102393064016904711600311158153
02005021307482002102909058415504291380291145146
02005021307491999106109075019605541750379183196
02005021307492002103420072318805351790356181175
02005021307502001106726067217504971570340166174
02005021307502002100702052614503811270254125129
02005021307512001109341079720805891910398197201
02005021307512002102577075619805581810377188189
02005021307521999106738082722406031930410200210
02005021307522001100059078419305911730418207211
02005021307532000102506062316004631510312160152
02005021307532000106903058417104131400273138135
02005021307532002107577065017704731720301164137
02005021307542000101304057815004281350293139154
02005021307542000103028000024700002210000232000
02005021307542002104382061015704531490304153151
02005021307542002107115072018705331760357177180
02005021307542002110183071219105211800341166175
02005021307551999101086078220605761920384194190
02005021307552000102257054414503991350264132132
02005021307552001104600068018304971650332167165
02005021307552002100552065817604821610321161160
02005021307552002100647055615004061340272134138
02005021307552002101007057915904201390281140141
02005021307552002103846069118205091700339168171
02005021307552002104794056015304071390268134134
02005021307552002105040067116705041640340173167
02005021307562002101674061217504371530284147137
02005021307562002101823000017300001600000163000
02005021307572002101654080120805931970396202194
02005021307572002105872065616904871590328163165
02005021307581998110153057514204331430290148142
02005021307582001104922065118004711550316155161
02005021307582002100761077519605791910388194194
02005021307582002101369069618205141680346171175
02005021307582002102330056913804311400291145146
02005021307582002104562059615504411470294147147
02005021307582002107298000016200001380000136000
02005021307592001102936060817204361550281141140
02005021307592002100993063316704661540312158154
02005021307592002102329054513104141270287139148
02005021307592002107378061215304591440315154161
02005021307592002109083000019400001650000000000
02005021308002000104686060319604071340273135138
02005021308002002100888062318004431480295147148
02005021308002002101894077220805641740390186204
02005021308002002109128072317805451670378177201
02005021308011999106109069217305190000000000189
02005021308012002104338071418205321750357180177
02005021308012002110252070217005321650367175192
02005021308032002104075067716905081620346172174
02005021308032002105781069117605151670348174174
02005021308042000200032069418805061660340169171
02005021308242002103344068617005161730343174169
02005021308242002104791072818305451760369183186
02005021308242002104949070118105201740346172174
02005021308252001106294065817204861620324159165
02005021308252002104955055313804151280287140147
02005021308261998105845066216504971570340164176
02005021308261999104980100627207342390495248247
02005021308261999110206100227007322380494248246
02005021308262000102874065015804921540338169169
02005021308262001105372071018805221750347175172
02005021308262002100162065816504931550338165173
02005021308262002100661078921005791910388195193
02005021308262002101394100427307312370494248246
02005021308262002101923066316704961580338164174
02005021308262002103372065617304831580325161164
02005021308262002104870065417004841580326161165
02005021308262002105238072618805381720366184182
02005021308262002105586067516605091620347168179
02005021308262002106576068717705101660344170174
02005021308272000101613072018305371750362181181
02005021308272000105594083022706032020401201200
02005021308272002100801083222006122000412207205
02005021308272002101003071017805321650367180187
02005021308272002101205072019905211760345171174
02005021308272002103814072120005211750346173173
02005021308292000101314067016705031570346165181
02005021308302001103877072618105451700375181194
02005021308302002102742076420105631820381188193
02005021308302002104570069817705211720349173176
02005021308302002106344072418305411730368181187
02005021308311998100168061715204651440321155166
02005021308322000110257077821605621800382188194
02005021308322002100451073919105481780370177193
02005021308322002100502070018105191690350177173
02005021308322002105287070218705151730342173169
02005021308332001105384080623605702050365184181
02005021308332002102033074319805451840361189172
02005021308342000103792064816304851560329160169
02005021308342002103961066016104991550344168176
02005021308351999104099067417804961640332168164
02005021308362001103802058613804481350313149164
02005021308362002104261069618705090000000000161
02005021308362002104683052314203811310250124126
02005021308372001105538067017604941620332169163
02005021308372002100185059015604341390295146149
02005021308372002103344054613404121360276138138
02005021308372002104335061916004591490310153157
02005021308372002106560069017005201680352170182
02005021308372002107273059916804311470284142142
02005021308372002110111070217905231630360174186
02005021308372002110198000000004961630333164169
02005021308382002106576068017205081630345172173
02005021308391997102792075219205601850375188187
02005021308392001103310058415404301410289143146
02005021308392002100546062916404651520313155158
02005021308392002102056000000005551780377189188
02005021308392002104791072318405391760363180183
02005021308392002104949064016604741580316157159
02005021308392002104955055013404161250291136155
02005021308401999110206093027306572360421221200
02005021308402000101562072619105351750360174186
02005021308402001100472064018204581510307148159
02005021308402001106294054415303911360255126129
02005021308402002100776067217904931670326166160
02005021308402002101003061616004561440312151161
02005021308402002101394078222705552150340165175
02005021308402002101923000000000000000000000000
02005021308402002103372053414703871330254127127
02005021308402002104870053315003831320251127124
02005021308402002106554069418805061700336160176
02005021308411998105845054014103991280271134137
02005021308412000103375067115905121560356163193
02005021308412000110156079322305701990371195176
02005021308412001100422066117404871590328161167
02005021308412001101974072517205531780375177198
02005021308412002100160064617604701540316156160
02005021308412002105586055115104001280272132140
02005021308412002110230066318204811550326159167
02005021308422000101613064916504841530331165166
02005021308422001102958056917103981370261130131
02005021308422002105238069718305141720342173169
02005021308432000104322076519305721850387189198
02005021308432002100539076419305711790392189203
02005021308432002101205067518204931640329167162
02005021308432002102742065819604621520310155155
02005021308432002103814067518104941650329168161
02005021308432002106344065919804611530308153155
02005021308432002109421071019405161720344169175
02005021308442000103574058913804511390312151161
02005021308442000107607051713803791270252126126
02005021308442002100818068417905051660339172167
02005021308442002107299067417405001650335172163
02005021308451998100168060714804591400319153166
02005021308452002100703069917605231670356165191
02005021308481999104099064316604771550322160162
02005021308482002103961069818805101640346177169
02005021308492001106504060714904581430315153162
02005021308492002104261059215504371440293146147
02005021308502001103864000018300001580000163000
02005021308502001105538065416804861580328166162
02005021308502002102056072119205291770352175177
02005021308502002104520072418305411700371178193
02005021308502002106277073118705441730371185186
02005021308511998101701067317804951630332170162
02005021308512002100387056515304121390273136137
02005021308512002102904056415304111390272135137
02005021308512002109399075718905681780390192198
02005021308522002100666070417905251730352177175
02005021308522002105583067317804951650330165165
02005021308532001103310053813504031340269000000
02005021308532002100546052813403941280266136130
02005021308532002100663081220406082020406203203
02005021308532002103785072118705341740360179181
02005021308532002106560068318005031670336168168
02005021308541997102792061016604441530291147144
02005021308542000110160064916404851530332166166
02005021308542000110243069818505131720341170171
02005021308542002100776062117404471510296152144
02005021308552000107370071518605291770352178174
02005021308552002100160066518504801600320162158
02005021308552002106954000000000000000000000000
02005021308562001100422068417205121650347171176
02005021308562001100472053914303961280268133135
02005021308562002103741075619305631840379190189
02005021308562002105801070618105251680357175182
02005021308572000102324074820905391780361184177
02005021308572002100539073519005451760369178191
02005021308572002103978079923405651960369186183
02005021308572002106270000018200001780000179000
02005021308582000104322000000005640000000000000
02005021308582002100703000017500000000000000000
02005021308582002100818058815304351430292146146
02005021308582002109421067017404961630333165168
02005021308582002110085073918805511970354172182
02005021308592002107299065516204931590334167167
02005021309002001100728066500000000000332162170
02005021309002002106480069017205181630355174181
02005021309011999101413077719705801860394190204
02005021309012001105078067116405071540353171182
02005021309012002100632074119805431770366182184
02005021309012002102385074219805441770367180187
02005021309012002102870066217004921560336162174
02005021309012002104770067820004781650313151162
02005021309022000101356069917705221690353177176
02005021309022002102648070517105341590375174201
02005021309022002104521060415404501420308150158
02005021309032000101440054014703931260267127140
02005021309032002109399062217104511520299150149
02005021309041998101701058815304351400295146149
02005021309042002102042068717605111640347169178
02005021309042002104881069417505191680351173178
02005021309042002105583064717104761570319155164
02005021309042002110190061816304551500305152153
02005021309052002100666068417605081690339169170
02005021309052002104520069917405251650360177183
02005021309052002105167067716605111600351167184
02005021309062002100663079420305911880403199204
02005021309062002100897071818905291730356177179
02005021309062002103785073018805421860356180176
02005021309062002106339072118805331710362179183
02005021309062002110079077720505721800392189203
02005021309072000110205051013703731220251124127
02005021309072001100847059919804011400261133128
02005021309072002103913069518505101680342167175
02005021309072002104437073319805351800355180175
02005021309072002106964066317704861600326159167
02005021309072002109104073320005331790354180174
02005021309082002103566067916405151630352178174
02005021309092000107370056916104081350273138135
02005021309092002101256070518005251670358173185
02005021309092002101733069217905131640349171178
02005021309092002102080069818205161640352176176
02005021309092002103290065717004871540333163170
02005021309092002105153075520205531810372188184
02005021309092002106504071617705391690370186184
02005021309102002103741070718205251660359179180
02005021309112000102324061117004411510290147143
02005021309112002106270062417204521530299152147
02005021309122002103978062017604441580286143143
02005021309122002110085058116004211380283142141
02005021309132001110205060418704171440273139134
02005021309132002105581060118604151430272139133
02005021309132002110017060318504181450273140133
02005021309142001104321063717504621500312154158
02005021309152000101356067617005061620344171173
02005021309152000103808077020005701790391186205
02005021309152001100728054414703971290268131137
02005021309152002106480054614803981290269132137
02005021309161998101701058415404301430287146141
02005021309161999101413064015104891460343160183
02005021309162002100632066517704881570331163168
02005021309162002100750063617604601560304150154
02005021309162002102385066217804841600324159165
02005021309162002102648063715904781480330161169
02005021309162002102870058214504371380299146153
02005021309162002104770059617204241420282143139
02005021309162002106248065418204721540318153165
02005021309172001101027062716504621500312160152
02005021309172002103896067317904941630331168163
02005021309172002104065066419004741640310161149
02005021309172002105583062416604581480310151159
02005021309172002105678066117604851610324164160
02005021309182002100897058916204271440283143140
02005021309182002105167063015804721520320154166
02005021309182002106339058916204271450282143139
02005021309182002107645064117504661570309156153
02005021309192002102042057316004131350278139139
02005021309202002103563065115404971530344165179
02005021309232001106077071018605241720352177175
02005021309232002200007075719505621920370189181
02005021309442000101664066800000000000338171167
02005021309451998102076055900000000000269000000
02005021309451999100563000000004191360283135148
02005021309451999103619057115604151380277137140
02005021309452001104257055215803941350259130129
02005021309452001106077055814704111340277138139
02005021309452002100781066316404991640335164171
02005021309452002100921067317604971630334166168
02005021309452002103376063015904711420329153176
02005021309452002103795066117504861600326162164
02005021309452002104664067717705001620338164174
02005021309452002104680061217104411480293145148
02005021309452002105039064516404811500331159172
02005021309452002107297068217705051630342169173
02005021309452002110131067017304971590338170168
02005021309462000101407085922806312010430211219
02005021309462002100392084222006222010421207214
02005021309462002100447076121405471840363186177
02005021309462002100515072519405311740357175182
02005021309462002100522071618505311720359178181
02005021309462002100872084021706232000423208215
02005021309462002102247069117605151680347171176
02005021309462002102258069517605191690350177173
02005021309462002102769071618505311710360179181
02005021309462002102936079321205811940387195192
02005021309462002103013068517705081630345170175
02005021309462002104282073319605371770360178182
02005021309462002104645072117905421740368180188
02005021309462002105225075219605561780378189189
02005021309462002107322070718005271700357176181
02005021309462002109321066016604941650329165164
02005021309472000102582070117805231680355173182
02005021309472001100330069217205201630357179178
02005021309472002101460075219705551800375184191
02005021309472002106967068317005131580355177178
02005021309472002110239069916905301630367179188
02005021309481999101793067216305091660343170173
02005021309482000110218072018505351740361179182
02005021309482001100235073017605541710383188195
02005021309482002103755057816304151410274141133
02005021309492002100581078521905661930373186187
02005021309492002103843059115204391450294149145
02005021309492002103960071718905281730355173182
02005021309492002106514059115404371420295148147
02005021309502002101229071519705181720346170176
02005021309512002100594069618505111700341171170
02005021309512002101001069818705111740337171166
02005021309512002102099068217405081710337172165
02005021309512002103134068818105071720335169166
02005021309512002104912072019905211780343176167
02005021309562001107383069418305111680343170173
02005021309562002102159068918605031630340174166
02005021309562002105197068917905101670343171172
02005021309571998106980059615504411430298150148
02005021309572002100805067118104901530337163174
02005021309572002100931065917104881520336163173
02005021309572002103769058314704361370299147152
02005021309572002104116000000005061650341167174
02005021309572002105039067817805001640336167169
02005021309572002105160056915704121360276135141
02005021309582000107249000000004591530306151155
02005021309582002100976096125407072280479246233
02005021309582002102247062000000000000311153158
02005021309582002102258062016504551470308153155
02005021309582002102366085023406162050411208203
02005021309582002103376065816904891570332163169
02005021309582002104664062616204641520312154158
02005021309582002107545071519605191720347175172
02005021309591997110290081024505652030362190172
02005021309592000101664069718705101740336175161
02005021309592002100781064516204831570326000000
02005021309592002100921067018104891650324163161
02005021309592002103795000000003991300269000000
02005021309592002106441076620105651810384000000
02005021309592002107297055215204001300270132138
02005021309592002110131065116304881550333164169
02005021310002000105816061015404561540302149153
02005021310002001100235071319005231700353172181
02005021310012000101407074719505521810371190181
02005021310012002100392082721206151950420208212
02005021310012002100872082721306141940420208212
02005021310012002104645062615804681510317156161
02005021310012002109321066116304981630335168167
02005021310021999105677060217504271440283144139
02005021310022000102582068618405021640338166172
02005021310022002102936070518805171690348175173
02005021310032001103397053414203921230269130139
02005021310032002100588062315904641480316155161
02005021310032002103960069618805081680340171169
02005021310032002106967065516904861580328168160
02005021310032002110239064316404791530326158168
02005021310042002104912070320604971770320170150
02005021310052002100581070919305161770339177162
02005021310052002101229058216804141360278138140
02005021310062002107399076522105441870357181176
02005021310072000101146063800000000000000000175
02005021310072001110029074420305411780363179184
02005021310072002106255076221405481830365185180
02005021310082002100982068218904931640329162167
02005021310092002100594054314603971310266129137
02005021310092002101001053114903821250257126131
02005021310092002102099054314603971310266130136
02005021310092002103134054514703981310267129138
02005021310092002109106069918705121660346167179
02005021310102001107383062916604631500313000000
02005021310102002100976000000000000000000000000
02005021310102002102159065616704891630326160166
02005021310102002105197058415104331410292145147
02005021310112002103769058914904401340306144162
02005021310112002107545060716204451530292153139
02005021310112002109103075019705531780375190185
02005021310121997110290060818804201400280137143
02005021310122002102366080021805821950387191196
02005021310122002107137076119805631810382195187
02005021310142000100072063217304591490310155155
02005021310151998104176086323106322050427206221
02005021310172000101407061219104211470274136138
02005021310172002100392085021706332090424215209
02005021310172002100872085021906312070424215209
02005021310172002106441071618705291710358179179
02005021310212002100239085323906142080406207199
02005021310212002100484085323806152080407207200
02005021310222001110029059718504121410271136135
02005021310222002109106063517504601530307149158
02005021310232002109103069017705131690344175169
02005021310252002107137069117905121620350179171
02005021310291998104176060617104351530282141141
02005021310311999106914071419805161770339172167
02005021310322001104623070819205161710345175170
02005021310342002100677084621306332070426209217
02005021310342002104237076020605541920362184178
02005021310352002100239075120705441820362177185
02005021310352002100484075020705431810362178184
02005021310372002105264077920605731890384187197
02005021310382001104605063016204681510317157160
02005021310401998107067069318205111690342173169
02005021310402002104882069418305111700341172169
02005021310412002104020069618205141700344172172
02005021310421998104176054916103881300258129129
02005021310461999106798078422205621890373191182
02005021310472001104623052113403871240263128135
02005021310492002100677068319804851590326165161
02005021310492002104237075020205481780370188182
02005021310551998107067056415004141400274136138
02005021310552002104020057415104231390284139145
02005021310552002104882057015204181400278139139
02005021311042002100677062719604311480283143140
02005021311042002104237065919804611570304150154
