02005022406592001105181063416204721520320156164
02005022406592002102031063216004721510321158163
02005022407002000101231074119505461770369184185
02005022407002001103903069218005121710341169172
02005022407002001107471071218205301680362177185
02005022407002002100270065316204911590332167165
02005022407002002100383071818205361730363179184
02005022407002002100395081720106161890427202225
02005022407002002101214071318905241710353172181
02005022407002002101417068416605181620356177179
02005022407002002102028000018100001680000000000
02005022407002002102558070118505161670349169180
02005022407002002104721076420205621790383190193
02005022407002002104791073419605381740364183181
02005022407002002105086074519705481840364182182
02005022407002002107625072119505261750351182169
02005022407002002110130074518305621770385186199
02005022407011999106914068517905061660340168172
02005022407012001103273067717804991630336163173
02005022407012001109435071118105301810349180169
02005022407012002101443070918405251690356171185
02005022407012002101894077020405661880378185193
02005022407012002101899000017400001610000168000
02005022407012002102470067016405061590347171176
02005022407012002102527074620705391780361166195
02005022407012002103157069817505231660357173184
02005022407012002105027066316105021580344170174
02005022407012002106733070717805291650364176188
02005022407012002107130070618105251690356174182
02005022407021998101600056216403981440254129125
02005022407021999105452070100000000000351178173
02005022407021999107017069517305221680354175179
02005022407022000100152071719405231800343172171
02005022407022000101599071518505301700360179181
02005022407022000107279065721404431560287144143
02005022407022000109297061016304471490298147151
02005022407022001105785070018005201660354177177
02005022407022002103772072619705291710358174184
02005022407022002103866071118605251710354175179
02005022407022002104521064717704701570313156157
02005022407022002105122077121805531940359177182
02005022407031998103606075119705541810373179194
02005022407031999102282074121005311750356178178
02005022407031999102640000000000000000354174180
02005022407032000101559072018805321720360175185
02005022407032000106172000032300002910000302000
02005022407032001103517000032200002920000301000
02005022407032001104938076919705721880384189195
02005022407032001110059074218905531770376182194
02005022407032001110158071218405281720356175181
02005022407032002100049070619105151740341172169
02005022407032002100322076019505651840381191190
02005022407032002100812070218005221730349171178
02005022407032002101942072318705361700366180186
02005022407032002102245073419605381740364181183
02005022407032002102385081520306121960416214202
02005022407032002103191079420705871850402195207
02005022407032002105290074921505341790355177178
02005022407032002106283076420405601830377186191
02005022407032002106423000000005151730342171171
02005022407032002107230074219705451780367183184
02005022407042001100469077920905701900380189191
02005022407042001107577069818205161670349172177
02005022407042002101079072419405301820348175173
02005022407042002102307075019205581820376189187
02005022407042002102648069418905051740331172159
02005022407042002103368069417405201730347173174
02005022407042002105882080923005791960383193190
02005022407042002200039077618905871850402197205
02005022407052000102247074119505461850361183178
02005022407052001109188068518205031640339168171
02005022407052002103317076219905631920371191180
02005022407052002103351077420705671850382191191
02005022407052002103372069517905161680348175173
02005022407052002104935075618405721820390196194
02005022407052002106167069618505111690342174168
02005022407062000101740073418705471760371183188
02005022407062001100583071618305331700363181182
02005022407062001103451067417105031580345173172
02005022407062002101710066217704851600325160165
02005022407062002103353067617804981640334165169
02005022407062002104331071919405251790346175171
02005022407062002107399075720605511940357184173
02005022407072002100350078722505622000362183179
02005022407082000110161000000000000000000000000
02005022407091998106182077119705741840390189201
02005022407091999102575074619205541760378188190
02005022407092000100935075219505571750382189193
02005022407092001101000074219405481810367184183
02005022407092001102588071618705291740355179176
02005022407092001103880074219705451710374187187
02005022407092001106882068719204951590336163173
02005022407092002101722071017905311660365174191
02005022407092002102401080622305832030380194186
02005022407092002103703077221305591830376183193
02005022407092002104016071118305281670361178183
02005022407092002104940000000005972030394198196
02005022407092002104946073218905431750368181187
02005022407092002105068083922706122060406000000
02005022407092002106514072318105421730369181188
02005022407092002107393082021106092070402202200
02005022407102000100279070718505221740348174174
02005022407102001102451070317605271690358177181
02005022407102002100255072419005341670367179188
02005022407102002101719092022106992090490228262
02005022407102002103095067017804921630329162167
02005022407111999110183078620005861950391197194
02005022407112002101699067717505021660336169167
02005022407112002102970068017605041670337169168
02005022407112002103266089223006622110451226225
02005022407112002103827073518605491780371191180
02005022407112002104365065817004881570331163168
02005022407112002106254000019500001710000000000
02005022407121998104176060315904441430301147154
02005022407122002100491071418905251720353176177
02005022407132000104299076418905751830392191201
02005022407132000105203066917004991590340166174
02005022407132000105868077019305771880389193196
02005022407132002100270061716104561470309153156
02005022407132002101417056715504121390273134139
02005022407132002105287074719305541800374186188
02005022407132002110177067117904921620330165165
02005022407141998102920070719105161730343175168
02005022407141999101793069317705161640352170182
02005022407141999102639072320105221770345189156
02005022407142000106259075920305561840372187185
02005022407142000107406075918905701910379197182
02005022407142001101390076419405701830387194193
02005022407142001105181067918404951620333161172
02005022407142001106981075920005591800379194185
02005022407142001107163093426106732260447225222
02005022407142001107471055116203891390250128122
02005022407142001110059069919205071680339166173
02005022407142001110248087022406462100436230206
02005022407142002100484076120205591790380190190
02005022407142002104615085222206302050425217208
02005022407142002104791053915203871370250127123
02005022407142002105164068317305101670343173170
02005022407142002106441073419005441770367180187
02005022407142002106752079519406011880413202211
02005022407142002107625053300000000000245125120
02005022407152000107279063724603911460245123122
02005022407152001103444066217604861550331165166
02005022407152001104233000000004911580333000000
02005022407152001106025071117805331820351174177
02005022407152001107268051013503751220253123130
02005022407152002103157066917304961590337167170
02005022407152002105027067017804921570335165170
02005022407152002106213056514604191380281139142
02005022407152002106283065216904831530330162168
02005022407162001105881072321005131720341172169
02005022407162002100702065716404931580335163172
02005022407162002103769064616104851520333165168
02005022407162002104521060815304551440311151160
02005022407162002107230065717604811630318157161
02005022407172000103375068517605091640345000000
02005022407172000106172098126407172380479243236
02005022407172002101899064617204741580316160156
02005022407172002103866070617605301670363178185
02005022407181999102282053515203831300253123130
02005022407181999107017066917604931620331160171
02005022407182000103679073019705331780355177178
02005022407182001107577052814503831280255126129
02005022407182002100950054115003911280263127136
02005022407182002102648054715303941320262128134
02005022407182002103351073520905261780348177171
02005022407182002103368063316404691560313156157
02005022407182002105197069618905071680339170169
02005022407182002110223051513503801240256126130
02005022407191999103149070519505101740336175161
02005022407192000101330078120705741880386191195
02005022407192001106069067718504921700322160162
02005022407192002102307063917204671480319153166
02005022407192002102385070218105211660355177178
02005022407192002105238062016104591530306155151
02005022407192002105882053014403861260260132128
02005022407201997103860000000000000000000000000
02005022407202000106169054814604021330269136133
02005022407202001101041080921505941960398201197
02005022407202001109188053614803880000000000134
02005022407202002101064068018304971670330165165
02005022407202002101710061116304481520296155141
02005022407202002103317053515203831270256123133
02005022407202002103372051714503721200252000000
02005022407202002106967073819305451800365180185
02005022407202002107108077620205741890385187198
02005022407202002109208068218304991690330166164
02005022407202002110074071017605341740360180180
02005022407212000107263075420905451810364181183
02005022407212001100583065016904811540327164163
02005022407212001103451065617004861580328164164
02005022407212002100350073621005261870339171168
02005022407221998104511056516204031370266000000
02005022407222002101654063116904620000000000162
02005022407222002102056091925606632260437235202
02005022407222002103846082521506101980412207205
02005022407222002104331073319505381750363179184
02005022407222002105633066017104891560333165168
02005022407222002107399055616203941290265129136
02005022407231999100625065116904821570325162163
02005022407232001102114065816604921540338167171
02005022407232002102779067717705001680332164168
02005022407232002104851064916604831590324162162
02005022407232002110190066016604941590335165170
02005022407241998104176052013503851220263126137
02005022407252000101383082119706241980426210216
02005022407252000104244080620306031950408205203
02005022407252001101390082120306181970421209212
02005022407252002100255070019505051700335170165
02005022407252002101722054915903901330257126131
02005022407252002104615088023406462150431218213
02005022407252002105287084921506342030431215216
02005022407262000101204081821206061960410205205
02005022407262000105203063116504661560310152158
02005022407262001103160082621906071940413201212
02005022407262002103281085922506342040430214216
02005022407271999110237078920805811910390195195
02005022407282001107163069418005140000000000177
02005022407282002103769056414604181420276141135
02005022407282002105164054215003921310261131130
02005022407291999101793068617605101630347171176
02005022407292000101205078322205611920369187182
02005022407292000106259055917703820000000000000
02005022407292001106981084922706222040418215203
02005022407292002100484054916803811250256124132
02005022407292002101280069417105231640359177182
02005022407292002106712076220805541890365192173
02005022407302002102958056515404111340277138139
02005022407302002106720060016704331410292143149
02005022407311998102920064517404711560315157158
02005022407311999103149062617304531450308151157
02005022407312000110035054313904041240280135145
02005022407312001110235070418605181710347174173
02005022407312002105205054313804051230282136146
02005022407312002106734054413904051240281135146
02005022407321998110067068918105081620346162184
02005022407322000100129068617205141620352174178
02005022407322001101041074220305391890350179171
02005022407322002104785079920105981860412204208
02005022407322002105197066418404801570323165158
02005022407322002106441068818305051680337165172
02005022407322002107108068318005031670336166170
02005022407342000102820066817804901580332164168
02005022407342001109341071118605251750350176174
02005022407342002109377071018405261710355180175
02005022407352001106726068317205111640347170177
02005022407362001103877090423606682170451222229
02005022407362002103667070917605331650368177191
02005022407371996101484066016904910000000000168
02005022407372001100554070818905191700349175174
02005022407372002100601063914704921610331165166
02005022407372002100750079820605921930399197202
02005022407372002105287079719905981860412206206
02005022407372002107459077620405721870385188197
02005022407372002109180075718405731850388196192
02005022407372002110203000000000000000342170172
02005022407381999106723000000000000000000000178
02005022407382000101383060718404231380285143142
02005022407382001101390078020505751890386194192
02005022407382002100324067917105081620346169177
02005022407382002104615078619905871880399202197
02005022407382002104683070518505201700350174176
02005022407392000101204077120005711840387190197
02005022407392000102092073819205461790367184183
02005022407392000104244062519304321440288143145
02005022407392002102457075318405691830386194192
02005022407392002104824068120204791710308158150
02005022407392002105678066717804891590330164166
02005022407392002107557074920005491800369184185
02005022407402001103160080021605841890395195200
02005022407402002104964058815404341450289145144
02005022407402002105293053414603881340254132122
02005022407412001100473078720305841840400199201
02005022407422002101184082521506101980412204208
02005022407422002109098070018305171700347174173
02005022407432000100756073219905331770356177179
02005022407432002100801073119205391750364184180
02005022407432002104173070819105171700347170177
02005022407432002104337076819305751800395196199
02005022407432002106766074620205441840360179181
02005022407441998105513064016904711540317155162
02005022407442002101280053614703891280261130131
02005022407442002102719077322305501870363182181
02005022407442002102936080520206031960407203204
02005022407452002101806073918605531720381187194
02005022407452002101923075619105651770388193195
02005022407462001106726065817304851620323159164
02005022407462001109341053014803821290253130123
02005022407462002101369075021005401900350175175
02005022407462002109377053915003891330256131125
02005022407472002101102073419105431740369184185
02005022407472002103872068016705131630350170180
02005022407472002106503069317105221640358179179
02005022407481997105180050412903751180257124133
02005022407482002102634070517605291720357181176
02005022407482002103245071018105291740355180175
02005022407491999101047069417905151670348172176
02005022407492002100601000000004181310287147140
02005022407492002100750054216603761240252000000
02005022407492002107459054316703761230253124129
02005022407501997101115072519105341760358179179
02005022407502002107493087923106482220426219207
02005022407521996101484067816805101610349178171
02005022407522000101383056917703921360256131125
02005022407522000104244000017900001320000129000
02005022407532000101204077619905771870390196194
02005022407532002103420086022506352120423214209
02005022407542001100658068918105081700338168170
02005022407542001103160078221505671900377190187
02005022407542001104922071717705401740366182184
02005022407552001100473073518505501770373183190
02005022407552002106277069217705151690346173173
02005022407561998106821056214704151340281135146
02005022407561999101860075618905671790388191197
02005022407561999106908065715904981610337167170
02005022407562001103362065016004901550335165170
02005022407562002103739071819205261780348174174
02005022407562002109098071618305331780355176179
02005022407572002102719065018104691570312155157
02005022407582001107083074519205531750378189189
02005022407582002101184073719605411790362182180
02005022407592001103412070200000000000349177172
02005022407592002101406072719905281710357176181
02005022407592002104967067116605051640341167174
02005022407592002106766070218405181730345172173
02005022408011999110191064315604871540333165168
02005022408012000106025067118004911560335164171
02005022408012001103125067817305051620343167176
02005022408012002101102069317705161670349177172
02005022408012002101369068617305131670346175171
02005022408012002102812069717905181670351176175
02005022408012002105778067917905001650335169166
02005022408022002102084071317605371710366179187
02005022408022002103524091423506792160463224239
02005022408032001100856073519105441700374181193
02005022408032002102019073418605481720376180196
02005022408241999101860062216404581500308153155
02005022408241999109402064218304591600299150149
02005022408242000106025054815703911300261130131
02005022408242001110269000000000000000000000000
02005022408242002102812055915804011360265133132
02005022408242002105778055915804011360265133132
02005022408242002106793063916904701530317157160
02005022408252002102924076419505691860383190193
02005022408252002103793091822506932220471232239
02005022408252002103797089424006542200434222212
02005022408262000109416067118104901610329163166
02005022408272000102342069618905071730334177157
02005022408272001107383067617904971630334166168
02005022408272002100888084622606202020418205213
02005022408272002103330077320605671900377186191
02005022408281999106630086222306392060433212221
02005022408282002100539084422706172080409210199
02005022408282002100708069717405231640359175184
02005022408292002102868084921606332040429214215
02005022408312002105350061916204571450312151161
02005022408321999100642064716404831580325159166
02005022408352001104056052314803751280247123124
02005022408352002105319053315003831310252124128
02005022408381999109402055015503951380257131126
02005022408382002100524076019205681820386188198
02005022408392000102342066218904731640309162147
02005022408392002107163083124005911940397200197
02005022408402002100888084922306262060420213207
02005022408422002102868071918405351720363182181
02005022408422002103731059616104351430292144148
02005022408432002100857059215004421400302147155
02005022408432002105350053114703841270257129128
02005022408432002110216060115104501390311153158
02005022408441999100642064616004861540332160172
02005022408452001102925067616505111600351173178
02005022408452002100562066318004831590324159165
02005022408452002103751060715304541430311150161
02005022408452002106426073621905171750342172170
02005022408462000101314067017005001580342166176
02005022408471997102792069418505091720337168169
02005022408472002101757073918905501840366189177
02005022408492002106534071918205371710366180186
02005022408512001105815060515404511330318145173
02005022408512002107343074520205431810362178184
02005022408532000101353071518405311680363000000
02005022408532002100143075318805651760389190199
02005022408532002100502071318305301700360174186
02005022408532002100663072619005361720364183181
02005022408541998104710059617004261420284144140
02005022408542000107645073822305151800335167168
02005022408552002100888075820605521780374186188
02005022408562002107605072017205481680380185195
02005022408572002109399000016100001470000153000
02005022408592001109370051814203761230253125128
02005022408592002102205066817604921620330163167
02005022409001997102792052614703791320247124123
02005022409002000101526070919005191770342172170
02005022409002002100734071919405251760349173176
02005022409021999100207075519805571790378187191
02005022409021999105134075418205721840388195193
02005022409022001103526067316605071610346162184
02005022409022002100632076519505701950375188187
02005022409022002104990066117304881590329165164
02005022409022002106534071218005321680364179185
02005022409041999103042064317404691500319153166
02005022409042001105815052814003881330255127128
02005022409042001106430063016104691490320157163
02005022409042002101757068518005051730332176156
02005022409042002107343072719605311810350179171
02005022409052002102853064317504681590309155154
02005022409062000101353072218605361710365178187
02005022409062002100143083919506441950449218231
02005022409062002100502072818805401750365176189
02005022409062002100663072518205431740369180189
02005022409062002106015078920405851900395197198
02005022409082002107605068016405161620354169185
02005022409091998104710051714803691250244120124
02005022409092000100957073619905371620375185190
02005022409092000200032070920205071750332162170
02005022409092001100235073518705481770371184187
02005022409112002102205060617204341460288145143
02005022409121998109248076620905571860371188183
02005022409152001101027069819405041670337165172
02005022409152001106504062615604701460324156168
02005022409152002103741085522306322060426213213
02005022409152002105953076120405571830374191183
02005022409172000104559073619405421770365184181
02005022409172001103233076819505731830390192198
02005022409172002104496074019705431750368183185
02005022409172002104515079320705861880398196202
02005022409172002104520075619605601830377190187
02005022409172002105494078320305801840396196200
02005022409172002106279073719105461790367183184
02005022409172002106682072918805411710370181189
02005022409172002106901074818105671760391189202
02005022409172002110178075618105751840391192199
02005022409182000103170051914003791180261124137
02005022409182002100661079220705851930392199193
02005022409182002101081098924107482320516250266
02005022409182002104864068917305161650351176175
02005022409182002104990073619605401800360182178
02005022409182002106015072719505321670365180185
02005022409192002102626074518205631740389192197
02005022409192002102853062117904421440298148150
02005022409202001100069074520605391840355178177
02005022409422000102506061815504631430320155165
02005022409422002100704061815104671450322155167
02005022409422002103565064617304731530320158162
02005022409422002104075064116604751510324157167
02005022409422002106630000018400000000000000000
02005022409422002110024069116605251680357177180
02005022409431999103141072718905381770361186175
02005022409432001103051000000005271640363181182
02005022409432002102945075219605561830373188185
02005022409432002104555068618605001650335167168
02005022409432002104770067617205041570347169178
02005022409432002104846067217604961600336165171
02005022409441999107403072118905321740358176182
02005022409442000101112064017204681500318155163
02005022409442000106883072918205471710376180196
02005022409442002100346069518305121680344170174
02005022409442002101973063116204691470322156166
02005022409442002103057065517004851590326163163
02005022409442002104957069918005191740345170175
02005022409442002105148070318305201700350174176
02005022409442002106280068717405131630350167183
02005022409442002106742066716904981590339166173
02005022409442002109128071319005231740349174175
02005022409442002109421068117005111650346169177
02005022409451999104980104129107502500500263237
02005022409461997110108072719405331750358182176
02005022409462000103098071318505281690359178181
02005022409462000110269067017304971600337165172
02005022409462001104600067617605001630337169168
02005022409462002107299073119505361760360180180
02005022409462002200007069818905091680341170171
02005022409472001103603071817905391670372179193
02005022409472002103960087322206512040447225222
02005022409472002104949072119005311720359181178
02005022409482002100447073119605351820353177176
02005022409482002102472072019105291700359179180
02005022409482002102845072200000000000000000182
02005022409492001105541074218905531780375186189
02005022409492002100468076020205581830375187188
02005022409492002100745076020205581830375187188
02005022409492002103333076421405501850365187178
02005022409492002105153073719305441790365185180
02005022409502001100330072520105241770347173174
02005022409502002102042069517405211690352175177
02005022409511998107067066517704881580330163167
02005022409512002101975091523506802130467229238
02005022409522002100594068617605101640346170176
02005022409522002100738069018705031640339171168
02005022409522002102852073418905451680377193184
02005022409522002103341087721906582050453229224
02005022409532000107042071819305251690356179177
02005022409532000110156072520205231770346177169
02005022409532002104514071618805281740354175179
02005022409541998106815054515303921310261131130
02005022409542000104465070219405081690339172167
02005022409542002101232000000003931240269132137
02005022409542002103395074800000000000365180185
02005022409542002104760070719105161660350181169
02005022409542002106292065216404881540334161173
02005022409542002106684067717405031650338169169
02005022409542002110141062718304441520292148144
02005022409542002110224065116404871530334162172
02005022409551999103327070119105100000000000168
02005022409552002103980070719205151710344172172
02005022409552002104261080220905931960397194203
02005022409552002104720067018304871610326164162
02005022409562002102251056714804191340285142143
02005022409562002103057053214203901290261132129
02005022409562002109036056714904181330285141144
02005022409562002109421065216804841520332156176
02005022409572001100223072919405351750360180180
02005022409572002103908063816504731480325156169
02005022409572002105418072319105321700362185177
02005022409572002110111073919805411780363182181
02005022409581999103141055115303981360262132130
02005022409581999104980086324706162270389000000
02005022409582001102857070417505291680361182179
02005022409582002101973064100000000000000000165
02005022409582002104846070917905301690361180181
02005022409582002106742067016105091610348172176
02005022409592000110269065616104951570338168170
02005022409592001102692060018204181380280141139
02005022409592001103051071119005211670354174180
02005022409592001103351000000004761540322158164
02005022409592002100346052214103811220259125134
02005022409592002100704063618704491430306142164
02005022409592002102912071118205291670362180182
02005022409592002104770066616305031580345170175
02005022409592002104957053113903921220270127143
02005022409592002105148064316204811570324159165
02005022409592002109128052514003851230262126136
02005022410001999101413068417605081650343169174
02005022410002002100468073218905431730370187183
02005022410002002100745073218805441750369186183
02005022410002002200007064116104801460334161173
02005022410012001105541081520606091960413204209
02005022410012002104949059016904211480273144129
02005022410022000103098064316904741530321157164
02005022410031997110108059116304281480280143137
02005022410032001100330055814504131320281138143
02005022410032001104600054815603921320260131129
02005022410032002102845000000004011360265129136
02005022410041995107789062915804711460325160165
02005022410042000110156050513103741170257124133
02005022410042002107299071417505391770362186176
02005022410052001103166068817905091600349173176
02005022410052002102577069817605221660356175181
02005022410052002104514069818505131680345175170
02005022410062002102042068516705181680350176174
02005022410071998107067070518705181740344174170
02005022410082002102963070019405061670339163176
02005022410092002101232000000003631150248120128
02005022410092002110141050614603601190241120121
02005022410102000103792071319205211740347174173
02005022410102000107042067418504891620327165162
02005022410102002103395073618905471780369184185
02005022410112001105541077719505821880394195199
02005022410131999101413055614904071320275133142
02005022410142002103914000000000001640000175000
02005022410162002110181063316104721490323159164
02005022410171998107247083022906011990402202200
02005022410182001110061073618505511750376185191
02005022410182002105989072218805341720362180182
02005022410192000106219083125205792010378191187
02005022410192000106846082723705902010389195194
02005022410192002110131069318405091720337167170
02005022410212002102577073320605271780349172177
02005022410222001102633078721905681890379189190
02005022410222002103435078722105661880378189189
02005022410232002106344072618605401740366184182
02005022410242001103931073119205391750364183181
02005022410242002100442069317905141630351173178
02005022410252000110220066000000000000000000158
02005022410252002100090064016904711620309155154
02005022410252002101022068317705061670339169170
02005022410252002101060065117004810000000000160
02005022410252002103716072218405381730365176189
02005022410252002106033073121005211730348173175
02005022410252002106429066018104791620317158159
02005022410272000107343073119405371820355179176
02005022410272001110073076620705591810378189189
02005022410292002104011071318705261700356179177
02005022410292002110198070218505171670350173177
02005022410322001110061054015403861240262129133
02005022410322002100515067118204891680321166155
02005022410322002110181060915504541420312152160
02005022410332001104149076219205701800390195195
02005022410332002100392078820405841920392195197
02005022410332002100872079120705841910393195198
02005022410332002105989070518105241660358180178
02005022410352000106846069518505101660344167177
02005022410352002103597077320605671940373187186
02005022410352002110131068517705081640344172172
02005022410371998103395000018900000000000000000
02005022410372001103931068818305051640341170171
02005022410372002100391062318104421490293146147
02005022410372002101701063518304521480304152152
02005022410422002101205075520805471820365179186
02005022410432000107466066316504981510347169178
02005022410442000107343070018505151690346174172
02005022410442001103226068517605091660343169174
02005022410442001110073072018305371680369185184
02005022410442001110277068817705111630348175173
02005022410442002100703064216704751510324158166
02005022410442002100818070419105131660347175172
02005022410452000110088051514103741200254124130
02005022410472000101532075419505591800379190189
02005022410472001102936085321706362050431213218
02005022410472002100392062119004311450286142144
02005022410472002100872061918904301450285142143
02005022410472002104237079119605951830412200212
02005022410472002104963075720405531820371184187
02005022410482002100515070618405221680354169185
02005022410482002103597095724707102320478242236
02005022410482002104902077420105731880385188197
02005022410482002107683065418504691590310155155
02005022410511998103395076519505701820388193195
02005022410552002104813078420205821880394198196
02005022410592000107308078221305691900379192187
02005022411011999106738079921705821830399201198
02005022411012001101473061417304411310310141169
02005022411022002100392060820204061420264131133
02005022411022002100872060720104061420264131133
02005022411132001100031081121705941910403203200
02005022411162000102717071819105271710356182174
02005022411222002101564083222106112040407203204
02005022411222002107269084323206112120399199200
02005022411302000102717062317104521540298151147
02005022411332001103073000000007130000000000253
02005022411332002101564078321105721910381191190
02005022411341999100701088022506552090446221225
02005022411342002107269079120605851790406205201
02005022411352000101407083521906161960420207213
02005022411352001103208080020805921860406205201
02005022411352002100761080321005931930400197203
02005022411471999100701084622306232010422208214
02005022411482001103073087922906502060444226218
02005022411482001103208077320605671890378191187
02005022411482002100761076319805651870378191187
02005022411482002101564079921905801950385196189
02005022411482002107269075118805631780385192193
02005022411492000101407081421705971950402205197
02005022412011999100701084022306172020415210205
02005022412012001103208077421405601850375190185
02005022412012002100761077720205751860389194195
02005022412022000101407078220505771840393201192
