12005020503582000103686070217805241710353178175
12005020503592000101634068316305201610359176183
12005020503592000110174079820905891910398194204
12005020503592001102129078019905811920389195194
12005020503592002104393068918405051690336167169
12005020504002000101293081221206002020398203195
12005020504002002101736079921105882040384201183
12005020504012001105010074019405461820364184180
12005020504012002104265074119705441830361183178
12005020504012002106405074119905421830359182177
12005020504042001100618061717204451510294153141
12005020504042002102878068819404941700324168156
12005020504042002106124054414304011330268133135
12005020504042002106540054614504011330268133135
12005020504052002100773063916704721560316158158
12005020504061998101860000000005491770372183189
12005020504062000100008071318905241780346171175
12005020504062000101413075119205591880371188183
12005020504062000103889072819505331700363185178
12005020504062002103153066316804951650330166164
12005020504082001105388073021205181790339170169
12005020504082002102825063815604821520330158172
12005020504092002103592070118305181720346174172
12005020504092002104654078420905751950380192188
12005020504102002106393079420305911960395198197
12005020504112002102030067218004921600332161171
12005020504112002105674079521905760000000000186
12005020504121999104111067117005011680333170163
12005020504122000101129070717605311740357177180
12005020504122000101634065816204961560340165175
12005020504122000110014084523006152090406212194
12005020504131999106943072418805361820354180174
12005020504132000101293072017305471780369198171
12005020504132000102742066217604861670319000000
12005020504132000106314070517905261790347175172
12005020504132001102129071818005381740364182182
12005020504141999105698072619105351880347175172
12005020504142000110174075118105701830387189198
12005020504152002107345058015304271500277143134
12005020504162002101242080420406001930407200207
12005020504162002107336073018805421810361183178
12005020504162002107362071418105331750358175183
12005020504162002107591000000005701830387194193
12005020504171999107131068217105111640347174173
12005020504172000103793077320505681860382191191
12005020504172002102658068716505221690353175178
12005020504172002102982064316304801450335164171
12005020504172002110090062016604541500304152152
12005020504181998104123080324605572170340179161
12005020504182000101653080122305782020376193183
12005020504182001103072080422605782160362184178
12005020504182001103459077522805472050342173169
12005020504182002101005075220405482040344175169
12005020504182002101006078624105452010344180164
12005020504192000101413072717305541790375188187
12005020504212002103614076720605611880373192181
12005020504222000101470078020705732010372193179
12005020504222002100911076221305491890360182178
12005020504231999105955072519505301780352175177
12005020504232001102864074119205491830366183183
12005020504232001105102065416204921580334165169
12005020504242001102385085321806352220413211202
12005020504242002103832076719705701910379190189
12005020504242002105674068018604941560338179159
12005020504242002106026061415704571460311148163
12005020504251999100956073400000000000383194189
12005020504252001100116075818805701840386192194
12005020504252001106161074118205591790380193187
12005020504252002102670069900000000000352171181
12005020504252002103241067417305011640337169168
12005020504252002105569078320705761890387194193
12005020504252002106885069416505291680361181180
12005020504262001101705073919805411840357179178
12005020504272001100212065916404951550340169171
12005020504272002100648074020405361780358180178
12005020504272002102752073920305361780358180178
12005020504272002105492072418605381830355179176
12005020504272002107008071718705301780352180172
12005020504272002107010073619805381790359181178
12005020504282000106037062916504641540310153157
12005020504282002100778059915104481430305150155
12005020504292000101437080722505821990383195188
12005020504302002103091072919005391770362178184
12005020504302002103099070316705361680368181187
12005020504302002104438079719905981980400201199
12005020504302002105404097026907012510450235215
12005020504302002107000070016805321660366181185
12005020504312001103100077420705671910376195181
12005020504312002102688071617305431680375182193
12005020504312002105158070419005141710343175168
12005020504312002107006083622106152070408202206
12005020504321999105793068517205131670346172174
12005020504322002107326063716004771610316161155
12005020504342000100397068517905061670339165174
12005020504342002101440067219304791660313158155
12005020504342002107303060215304491440305150155
12005020504342002109114061014504651430322152170
12005020504352001106239078419905851970388194194
12005020504372002107181076118905721860386192194
12005020504382001102864071317305401720368185183
12005020504382001106161058015204281480280149131
12005020504382001107532071320105121760336174162
12005020504382002101311065017904711610310155155
12005020504392001110246079923005691910378194184
12005020504392002101490073318205511840367192175
12005020504392002105569071518305321690363175188
12005020504392002106166072117805431810362187175
12005020504401998103263074319405491830366183183
12005020504402000101573075820605521900362182180
12005020504402000102258085922006392160423213210
12005020504402002100463075417805761830393196197
12005020504402002100694069200000000000340168172
12005020504402002103784076620805581930365181184
12005020504402002104301078320505781900388195193
12005020504402002106013080321705861980388200188
12005020504402002110179081220306091950414204210
12005020504411999100956073118105501810369186183
12005020504412000103193074519905461810365181184
12005020504412001101705000000000000000342172170
12005020504422001103435056715304141380276140136
12005020504422001103725073519505401810359182177
12005020504422002100161069617005261680358175183
12005020504422002103865069717005271680359176183
12005020504422002104370071817805401790361185176
12005020504431999101475068317105121770335170165
12005020504432001105514068417205121740338173165
12005020504432002100188071818005381750363180183
12005020504432002102976069517105241700354174180
12005020504432002104384072519005351760359182177
12005020504432002109056068817105171680349179170
12005020504452001103844072618505411840357183174
12005020504452002103672070017305271680359178181
12005020504452002105373072218205401760364182182
12005020504461998102933066318604771640313156157
12005020504462000106464076700000000000000000000
12005020504462001109258072920005291820347176171
12005020504471998101710068417705071700337165172
12005020504472001105096065818204761630313158155
12005020504472002102178068318005031680335167168
12005020504472002103214072519405311810350175175
12005020504472002105140067617405021650337168169
12005020504472002106010070519005151700345170175
12005020504482001103335074619305531830370184186
12005020504482002105317077620805681970371195176
12005020504482002107244072820405241810343176167
12005020504482002107303055614704091420267139128
12005020504492001103371074921005391840355171184
12005020504501998101821072818905391760363180183
12005020504501998107103083322706062150391000000
12005020504502000103787070417305311690362176186
12005020504502002101584081023105792030376191185
12005020504502002102283071016105491680381189192
12005020504502002107291074717205751820393193200
12005020504511999104304000000005041730331168163
12005020504512001103297068017405061700336170166
12005020504512001110197070120304981620336160176
12005020504512002100563067016905011610340165175
12005020504512002101905071218905231780345173172
12005020504512002102400070918705221770345172173
12005020504522000101550075419605581840374186188
12005020504522002103204067617005061710335169166
12005020504522002103453077519905761860390195195
12005020504532002101541074319505481820366184182
12005020504541998110093070618705191790340175165
12005020504542000101283071317105421700372180192
12005020504542002100463072417005541740380189191
12005020504551999104591075119605551840371188183
12005020504552002100694057215904131440269139130
12005020504562000103193072116905521660386199187
12005020504562001105504071517805371710366182184
12005020504562002100188072418105431770366182184
12005020504562002102976068216705151660349170179
12005020504562002105373066716804991620337166171
12005020504562002105565075518305721890383195188
12005020504572001106369070417705271640363178185
12005020504572002100644070116005411670374180194
12005020504572002105155063215804741520322157165
12005020504582000107414065515804971550342167175
12005020504582002107053072317705461800366181185
12005020504592001100132074219505471830364182182
12005020504592001109047063217504571680289153136
12005020504592002106020072018205381840354177177
12005020504592002107226070519705081810327169158
12005020505012002100890070819405141780336170166
12005020505012002104778069017405161660350169181
12005020505012002105317076723005371940343178165
12005020505021999102057000000000000000343000000
12005020505022001103308070019105091670342173169
12005020505022001103344068718804990000000000174
12005020505022001105273081321505981980400199201
12005020505022001106642083221106212020419210209
12005020505022002103579071418705271760351177174
12005020505022002105356073118205491820367185182
12005020505022002105947071318605271760351177174
12005020505022002106186080621405922050387199188
12005020505022002106419081120506061980408204204
12005020505032000100592076119005711880383193190
12005020505032000101786079220505871990388199189
12005020505042000101285000000000000000000171000
12005020505042000110113079420705871990388200188
12005020505042001100535063415304811510330166164
12005020505042001107092068216505171720345176169
12005020505042002103110067618104951640331165166
12005020505051999101577067820004781710307154153
12005020505052002102039072819105371800357178179
12005020505052002102126073119305381800358178180
12005020505052002103254074517805671800387191196
12005020505061997102866074318205611860375195180
12005020505062000105294073918705521800372189183
12005020505062002100296070119605051640341166175
12005020505062002105286078020105791840395196199
12005020505071999100159078020705731970376190186
12005020505072001100778075921505441830361182179
12005020505072002100164077620305731970376191185
12005020505072002106614087721706602140446219227
12005020505072002107346068717805091620347172175
12005020505081999100735072019905211700351172179
12005020505091999100645073019805321770355178177
12005020505092002101092066816705011590342162180
12005020505102000100106068318305001660334167167
12005020505102000107414070116805331670366182184
12005020505102001106369070717405331730360184176
12005020505102002101300070218305191680351169182
12005020505102002107053068216905131690344170174
12005020505111999102748075220905431760367188179
12005020505112000106984083300000000000428208220
12005020505112000110192075019605541880366184182
12005020505112001103317075020305471750372187185
12005020505112002101038073719605411750366185181
12005020505112002105263075419605581880370188182
12005020505122001100630068817605121730339166173
12005020505122002103902076119605651880377190187
12005020505122002104076065118404671700297163134
12005020505122002104087085423906152040411206205
12005020505132000101091066100000000000332167165
12005020505132002106020068517005151700345176169
12005020505152000101786071217705351750360181179
12005020505152001100751075218305691880381190191
12005020505152001102389078300000000000360183177
12005020505152002103051077422605482090339190149
12005020505152002104725077119705741890385191194
12005020505152002104866079120805831880395195200
12005020505152002107504063314704861520334168166
12005020505161998101193065316404891590330163167
12005020505161999101279069717205251750350182168
12005020505162000110113000000005331790354182172
12005020505162001106642073718405531850368186182
12005020505162002100968071518205331760357179178
12005020505162002106258067717804991670332165167
12005020505172000100592074918205671820385191194
12005020505181999106730079120605851960389196193
12005020505192001107092068516405211640357175182
12005020505192002102126071219505171760341171170
12005020505201999110067078400000000000404199205
12005020505202001101734065115904921570335164171
12005020505202002102039072519405311860345178167
12005020505211999100735072119905221710351176175
12005020505222000104896076119605651810384192192
12005020505222002100732067917405051650340165175
12005020505222002101977075618505711870384187197
12005020505222002103540067717904981590339165174
12005020505222002104373078820005881890399201198
12005020505242000104353078323805451970348177171
12005020505252001107550070900000000000369000000
12005020505262002103902071318205311750356176180
12005020505272000105531083523905960000000000196
12005020505282000101615068617505111700341174167
12005020505282001100751069716605311730358176182
12005020505282002100575068318404991730326165161
12005020505282002100809069217305191660353175178
12005020505282002104866070117705241700354180174
12005020505291998101193062115304681540314157157
12005020505291999106707069818705111680343170173
12005020505292001102389071419005241750349176173
12005020505292002100968070318105221780344177167
12005020505292002104725071818305351750360180180
12005020505292002106258063516404711590312159153
12005020505301999101279067017604941620332171161
12005020505302002102858079219705951910404202202
12005020505302002103051069420204921840308158150
12005020505302002103601068518305021660336168168
12005020505302002105526067816405141620352174178
12005020505312000103344063716104761570319159160
12005020505322002100370069517705181720346172174
12005020505322002102101058615504311480283147136
12005020505322002102326068817105171700347171176
12005020505322002106293068516805171710346170176
12005020505332001103479066118904721580314156158
12005020505342002104735071719205251750350175175
12005020505352002104651079420505892010388198190
12005020505361999106622076319905641900374189185
12005020505372001104648080220705952030392000000
12005020505372002101612085321606372120425215210
12005020505372002103103075218405681840384194190
12005020505372002106391081819406241990425211214
12005020505372002107337074217905631790384189195
12005020505382002104060072619805281790349179170
12005020505402002100913072319505281760352179173
12005020505402002102294073218805441780366187179
12005020505402002104869079619905971950402197205
12005020505412000104896070618305231730350178172
12005020505412002100852088523306522240428218210
12005020505422001100592071818705311800351176175
12005020505422001103325074118805531810372186186
12005020505432002101804074419805461860360184176
12005020505442001106850071419105231740349175174
12005020505442002105632068517105141710343170173
12005020505451997103757076819705711910380191189
12005020505452001100065082719806292020427215212
12005020505452001102687079821205861920394000000
12005020505452001107079000000005251720353175178
12005020505462001110165080322405790000000000000
12005020505462002105381081723505822000382197185
12005020505482002103621070217805241760348176172
12005020505492002103085069217505171690348175173
12005020505492002107179072715905681590409184225
12005020505502002106559072018705331750358181177
12005020505512000104983070616105451740371189182
12005020505512002101457072715805691740395196199
12005020505522000100208081321206012040397209188
12005020505522001106980075718705701710399192207
12005020505522002104155071117705341730361177184
12005020505531998106117067817405041620342169173
12005020505541998104068069017005201710349177172
12005020505552002101804073519005451800365187178
12005020505561999107158067918004991650334167167
12005020505562001103325068918305061700336170166
12005020505562001106850070117205291680361181180
12005020505562002100913069518705081710337172165
12005020505562002102294069518705081710337172165
12005020505562002104869068817005181710347179168
12005020505562002106482070218005221730349178171
12005020505571997103757074418505591860373189184
12005020505572001100065076418905751880387193194
12005020505572002105964077921005691890380192188
12005020505582002100535070218405181750343179164
12005020505582002103921070818505231740349175174
12005020505582002110205068017905011620339166173
12005020505591999101856071019605141760338167171
12005020505592002102228071718605311770354179175
12005020506012002103296073619905371800357180177
12005020506022001102405071218105311760355176179
12005020506032000110166070218605161680348176172
12005020506041999103747069016305271670360181179
12005020506052000104309064916604831610322161161
12005020506052002101290074919805511810370178192
12005020506052002102753074920705421840358180178
12005020506052002103018073018905411790362184178
12005020506052002104617074019405461830363181182
12005020506052002106027077920105781910387198189
12005020506052002106417080321305901990391199192
12005020506052002106877068617905071730334172162
12005020506052002107209073619505411840357180177
12005020506061999104693076118805731880385193192
12005020506082002100942079421605781960382193189
12005020506092000102884000000005231660357177180
12005020506092002100604080019106091940415201214
12005020506092002102444081220806041990405202203
12005020506101999102020068517405111720339174165
12005020506111996200003065315704961510345163182
12005020506112002103300067216805041680336170166
12005020506122001103812060118904121410271135136
12005020506132001103436071919605231710352178174
12005020506132002100839075220605461890357173184
12005020506132002101002079221005822030379192187
12005020506132002102334074321505281750353179174
12005020506142000101522067518104941690325163162
12005020506142002106457068018204981680330000000
12005020506171999104693071017605341720362181181
12005020506172002103035076019605641850379189190
12005020506172002106877068718205051760329168161
12005020506181999103747070517105341700364184180
12005020506182001102405070018005201730347174173
12005020506222000110105069016705231710352175177
12005020506222002101174079619406021840418201217
12005020506232000103352057515504201470273141132
12005020506232002105563074120205391750364183181
12005020506241999106735069019904911680323159164
12005020506242002100093085123506162050411207204
12005020506242002106623083522006152010414210204
12005020506252001102591075721005471840363181182
12005020506261997105426075122005311750356185171
12005020506262001102398066817004980000000000166
12005020506262002100832064716904781540324157167
12005020506262002101540074419905451880357181176
12005020506262002110033075319605571790378187191
12005020506272000103850072620605201760344176168
12005020506282000101497067517005051630342171171
12005020506282002100886074718705601870373188185
12005020506282002106415075219705551840371186185
12005020506292000101483073517705581690389187202
12005020506301999104146076521505501920358185173
12005020506302002103220078421005741970377195182
12005020506312001103361074818205661820384191193
12005020506312002106439081421406001950405201204
12005020506322000101479063116304681520316156160
12005020506322001100672073618605501830367184183
12005020506332001103307074120605351830352178174
12005020506332002100822068016805121660346172174
12005020506332002101015067817605020000000000174
12005020506332002105376073418305511880363180183
12005020506332002106272074219405481900358180178
12005020506502000106216078121305681930375190185
12005020506502001100363069619605001720328165163
12005020506502001101708073519305421830359181178
12005020506502001107097072118905321750357181176
12005020506502002105673000000000000000000000000
12005020506511999100400078321305701940376190186
12005020506512001105506066016504951690326166160
12005020506512001106225069918505141680346177169
12005020506512002100476077320005731900383194189
12005020506512002101902066114805131540359172187
12005020506512002103234068418005041680336168168
12005020506512002103413068016205181610357174183
12005020506512002105775079521105841980386196190
12005020506512002106956072419305311730358178180
12005020506512002107048071518305321710361181180
12005020506522000106609072618205441760368186182
12005020506522002100667069117305181640354172182
12005020506522002103268072617605501750375185190
12005020506522002106690069217905131740339168171
12005020506522002107440071217905331750358175183
12005020506531999107236073318505481800368183185
12005020506532000106787080622205841930391197194
12005020506532002100772074919605531870366185181
12005020506532002100924000000004541620292156136
12005020506532002101521072518505401820358181177
12005020506532002104726066316904941620332169163
12005020506532002104819070817705311750356182174
12005020506532002105996075119505561860370189181
12005020506532002110094081221805941990395206189
12005020506541999104283070519505101770333178155
12005020506541999107193072219605261770349177172
12005020506542000100742062517804471480299140159
12005020506542001100513052714703801300250124126
12005020506542002100061071218705251710354176178
12005020506542002100978064816704811670314158156
12005020506542002102324070819105171780339174165
12005020506542002104843064116804731610312154158
12005020506542002106328065520404511580293144149
12005020506551997102599070617905271760351176175
12005020506552000102675069616505311590372179193
12005020506552002100615063616304731590314153161
12005020506552002100930063516304721590313153160
12005020506552002105358071518705281750353000000
12005020506552002106466073219605361800356178178
12005020506562000103719074820405441790365180185
12005020506562001110052078920705821860396202194
12005020506562002100157072218805341740360187173
12005020506562002100816079322505681940374184190
12005020506572000100285072320205211720349173176
12005020506572001107678076919505741850389191198
12005020506572002102818070517605291700359177182
12005020506572002102972072518605391830356181175
12005020506572002104007071918705321800352179173
12005020506572002104879072919105381820356182174
12005020506572002109424075820605521890363181182
12005020506581999106525000000004831530330000000
12005020506582002105758069817205261720354178176
12005020506582002109032074519805471810366181185
12005020506592000100004063916804711580313155158
12005020506592000107386072519305321800352173179
12005020506592002100959076520105641920372182190
12005020506592002105141072618905371810356178178
12005020507002001102677074618505611840377190187
12005020507002001106629078218705951890406209197
12005020507002001107478074520605391880351182169
12005020507002002100659074719805491900359179180
12005020507002002102954058914504441530291145146
12005020507011998107259063517104641590305153152
12005020507012001102150072418905351720363182181
12005020507012001106704071818805301710359184175
12005020507012002102277070317705261760350174176
12005020507012002102299071117905321800352177175
12005020507012002102739071518905261710355182173
12005020507012002103905063715904781560322161161
12005020507012002106439070218105211720349176173
12005020507012002110022079619705991990400201199
12005020507021999102672069217105211740347174173
12005020507022001105321071218905231710352175177
12005020507022002101902066716105061600346168178
12005020507022002102603067617005061720334172162
12005020507022002104442084223806042120392204188
12005020507022002107371085024306072110396207189
12005020507032001101246067616005161700346173173
12005020507032001101708068018005001710329168161
12005020507032001103730068917905101680342173169
12005020507032001107097065017304771640313162151
12005020507032001110117064017404661590307157150
12005020507032002102339072118705341780356182174
12005020507032002104328062216104611500311148163
12005020507032002105192071217905331800353176177
12005020507032002107114069317605171700347174173
12005020507042000105081066117104901640326165161
12005020507042000106882061516204531520301153148
12005020507042002100288066716305041650339167172
12005020507042002103111066816405041650339167172
12005020507042002103127065316704861550331164167
12005020507042002106785063014404861450341164177
12005020507042002107461068716105261670359180179
12005020507051999102072073220205301810349177172
12005020507052000105162067517305021620340166174
12005020507052000105537070117605250000000000174
12005020507052000107582000018300000000000000000
12005020507052001103966068918005091680341174167
12005020507052002103169069718205151710344169175
12005020507052002105981066217904831670316158158
12005020507052002105996070518105241740350178172
12005020507052002106484068517005151700345176169
12005020507061998101308067817904991700329164165
12005020507062000102263071618305331770356179177
12005020507062000106609071018005301780352177175
12005020507062002103268068816805201660354178176
12005020507062002104278059816104371380299146153
12005020507062002104744067616405121640348171177
12005020507062002107253072018805321820350177173
12005020507071999106793064315804850000000000000
12005020507072000106787072318905341660368185183
12005020507072001102858066216504971650332169163
12005020507072002101521066617604901630327165162
12005020507081998106718068118304981710327170157
12005020507082001104227068016905111680343172171
12005020507082002106016068016805121690343174169
12005020507082002107106068517705081640344169175
12005020507082002110094070918205271780349182167
12005020507091999105140069718105161720344174170
12005020507092000106725064617504711670304000000
12005020507092001102080076620305631850378190188
12005020507092002101051076219505671890378194184
12005020507092002102105067916705121630349175174
12005020507101997102599066616904971630334165169
12005020507102000103719068418504991660333162171
12005020507102000107115074518905561790377189188
12005020507102001107831069517505201650355176179
12005020507112000101467071119005211750346175171
12005020507112001103241067517904961660330167163
12005020507112001107789073219405381790359183176
12005020507112002101597070519205131720341168173
12005020507112002102267066517804871620325158167
12005020507112002102407074019505451800365186179
12005020507112002103948073820205361740362179183
12005020507122000110275068716905181580360179181
12005020507122001101684065119004611530308151157
12005020507122002100319065016504851610324162162
12005020507122002102818066117304881570331163168
12005020507122002110064000000004671630304153151
12005020507131998104636070219405081680340171169
12005020507131999104206072818305451790366188178
12005020507132001102677070418405201720348174174
12005020507132001106704067717405031680335165170
12005020507132002101431067518104941630331168163
12005020507132002102903070718005271690358179179
12005020507132002104526063515504801540326162164
12005020507142000104381069018905011650336165171
12005020507142001101127072618705391790360191169
12005020507142001102150072818705411720369185184
12005020507142001106629072318705361800356182174
12005020507152001104392067617605001630337000000
12005020507152001107678054714704001320268129139
12005020507152002101059066900000000000344173171
12005020507152002102279069918005191720347173174
12005020507152002107447078220905731950378197181
12005020507162001105321068316505181630355176179
12005020507162002101906076119505661820384185199
12005020507162002105240068017205081690339168171
12005020507172000102766074120205391840355173182
12005020507172001105617071518505301790351174177
12005020507172002104114069216205301750355178177
12005020507192002103169065016504851530332164168
12005020507192002103242071617205441730371187184
12005020507192002105559067117404971670330167163
12005020507201999103960073318005531810372187185
12005020507212002103844000000005201660354174180
12005020507212002104545063516704681580310157153
12005020507212002104803063416104731500323154169
12005020507212002107106065917604831610322160162
12005020507212002107113062716504621540308154154
12005020507222000104011077419705771910386195191
12005020507222001102080073218305491790370187183
12005020507231998104034067200000000000329167162
12005020507232002102276070600000000000371189182
12005020507232002102867071018005301700360191169
12005020507242002106817069716605311660365182183
12005020507252001107789069118105101630347171176
12005020507252002100940065000000000000308156152
12005020507252002102162067816105171650352176176
12005020507252002102407068817905091660343170173
12005020507252002104526063715604811540327160167
12005020507261999106959073519505401860354180174
12005020507262000106626069618805081750333175158
12005020507262001100499066419004741670307158149
12005020507262001107735066918004890000000000158
12005020507262002100927060615404521430309152157
12005020507262002102887063114904821420340159181
12005020507262002105266067418104931640329163166
12005020507262002105988066116904921690323165158
12005020507262002109133066218004821550327161166
12005020507271998110263071719205251750350000000
12005020507271998110292077621505611980363191172
12005020507281999102349066417404901600330165165
12005020507282001103385067017005001640336169167
12005020507282002100777069719005071730334171163
12005020507282002101906069617905171690348172176
12005020507282002105796069519005051730332171161
12005020507282002107447062916504641570307152155
12005020507292000105615060019904011280273128145
12005020507292002100186066718304841620322162160
12005020507292002101434064016404761670309162147
12005020507292002103355064317004731550318158160
12005020507292002110001060515804471440303153150
12005020507301999106067058415004341430291143148
12005020507302001102448066717904881650323163160
12005020507302002104129065816504931640329165164
12005020507312000107407065800000000000300150150
12005020507312001105617066917804911650326164162
12005020507312001107193077219805741890385192193
12005020507312002107079076120005611870374187187
12005020507321999103960079419805962030393198195
12005020507322000102766067217604961600336165171
12005020507322002104176067117105001670333164169
12005020507331998100503066618304830000000000163
12005020507341999101659068919104981720326167159
12005020507342000110133069819105071720335171164
12005020507342002100435071617205441730371181190
12005020507342002101098076719305741890385190195
12005020507342002105559070516905361640372185187
12005020507351998101683068019204881670321167154
12005020507351999107004067518804871670320163157
12005020507352000104011070818805201730347174173
12005020507352001104804068619004961720324162162
12005020507352001105547066117504861590327162165
12005020507362002107488071518105341710363179184
12005020507372000101372067117904921650327166161
12005020507372001110167055915904001400260131129
12005020507372002103744070118105200000000000178
12005020507372002106817067415505191580361178183
12005020507372002110012070918005291740355176179
12005020507372002110128070117705241730351177174
12005020507381999106780065416104931620331167164
12005020507382001103239067118604851590326163163
12005020507392001103104066517404911660325164161
12005020507402002100779071418705271660361181180
12005020507402002100994065917704821590323160163
12005020507412002104129065515904961580338171167
12005020507422002101153074419305511910360185175
12005020507431999101281072519205331750358177181
12005020507432001101743065216204901570333163170
12005020507432002104220063514404911650326160166
12005020507432002105598064015904811630318157161
12005020507442002101816074920005491900359187172
12005020507442002106894070219305091730336176160
12005020507462002103291068118604951610334174160
12005020507471999101368075218505671820385193192
12005020507481998100696079923305662010365191174
12005020507482001104804067919604831630320160160
12005020507492002102338068717605111660345172173
12005020507492002107488067416605081510357174183
12005020507512002103264069817505231740349175174
12005020507512002104211079821905791960383193190
12005020507512002104216080021905811970384194190
12005020507521999101852070219405081780330173157
12005020507522001105121068000000000000327165162
12005020507522002103361068018404961690327166161
12005020507522002107539067018304871690318164154
12005020507532001107446072619305331780355180175
12005020507532002105495073419905351760359182177
12005020507532002107516068017605041620342170172
12005020507542000100514000020200002010000203000
12005020507542002100830064016804721520320156164
12005020507542002102808073317105621890373187186
12005020507542002106011066417604881660322164158
12005020507552001104660078220005821890393197196
12005020507552002102057074118905521820370185185
12005020507552002102261071218405281830345179166
12005020507571998103242000019300001680000159000
12005020507571999109227071718305341750359179180
12005020507582002101062069217105211660355173182
12005020507582002102278066318604771670310158152
12005020507592001103985070818305251710354180174
12005020507592001107424069618305131730340174166
12005020507592002103145071818805301740356182174
12005020507592002103147077221205601940366187179
12005020508002001106243097425007242460478241237
12005020508002002100721080618706191870432216216
12005020508012000107363068018904911610330161169
12005020508012000110018075121005411870354180174
12005020508012000110259063817704611490312148164
12005020508012001106703071718105361800356183173
12005020508012002101525065116004911540337168169
12005020508012002102884067115905121640348178170
12005020508012002105069073521105241740350187163
12005020508021999101368072818105471730374190184
12005020508032001110247076521205531910362183179
12005020508032002102465068218105011690332168164
12005020508042000106580074019305471820365185180
12005020508042001102226062415104731470326164162
12005020508042001103146063416904651480317158159
12005020508051998101543064115904821580324165159
12005020508052001103059064316504781570321160161
12005020508052001103189066018104791670312157155
12005020508052001110268064416704771510326160166
12005020508052002100634067816605121650347175172
12005020508052002110213067400000000000337173164
12005020508062000105087065300000000000000000158
12005020508062002100853075720005571890368188180
12005020508062002107516070718205251720353179174
12005020508072001107446070318105221730349176173
12005020508092000110229069516805271650362181181
12005020508092002101861067317704961680328167161
12005020508092002102057072519105341800354183171
12005020508092002102808071317305401710369185184
12005020508092002106886067417804961680328167161
12005020508101999103029071120305081740334169165
12005020508112002100656067818004981660332167165
12005020508112002102348077420905651920373188185
12005020508112002103147073020405261810345176169
12005020508122002106707067915905201720348176172
12005020508131999103092065617204841680316159157
12005020508132002105523063415204821560326159167
12005020508142002100712075519905561880368187181
12005020508182001102452078021605641920372184188
12005020508192000100299094328506582420416218198
12005020508212002107254066015605041560348168180
12005020508232000110229067116805031640339168171
12005020508271997106334073419105431820361185176
12005020508271999101715069017905110000000000000
12005020508281999104906058315004331430290143147
12005020508322000107306000000000000000000000000
12005020508342000104475071821205061710335170165
12005020508342002106129069917605231740349181168
12005020508382002107492052113203891270262128134
12005020508401997106334072117405471830364185179
12005020508401998106944063100000000000310156154
12005020508402000107264067517505001660334172162
12005020508412002103231073721205251840341175166
12005020508412002103856073521205231830340175165
12005020508421999110065072521505101800330169161
12005020508461999100152074620105451830362184178
12005020508462002102252070517705281730355177178
12005020508472001101248068219004921670325164161
12005020508492002106129064817604721590313159154
12005020508492002107453063816304751600315162153
12005020508502002109055067800000000000363174189
12005020508511998101514066400000000000342168174
12005020508562001105109070818605221760346175171
12005020508582000110087068317405091630346173173
12005020508582002102252070700000000000358180178
12005020509002002101922067216505071680339170169
12005020509002002107444066715505121510361177184
12005020509002002200028070518405211740347175172
12005020509022001100551071819505231760347177170
12005020509022002100926072619205341800354180174
12005020509032002109055068817305151570358172186
12005020509042002100646064914905001670333170163
12005020509051999100152069918805111700341172169
12005020509051999107166070821504931690324163161
12005020509061998101514063600000000000325000000
12005020509062002102484067818104971670330166164
12005020509081999104764080821105972020395202193
12005020509082001104306066716705001640336167169
12005020509082002104666069015705331570376180196
12005020509082002106533065416704871620325163162
12005020509092001105109069616905271790348176172
12005020509092002102408055614604101370273140133
12005020509092002107247060615304531410312153159
12005020509102001107191067717804991660333168165
12005020509102001107330073119405371820355182173
12005020509102002105992072218305391740365185180
12005020509132002103874071019705131670346172174
12005020509142002103847067317904941620332171161
12005020509151998200020068920004891750314161153
12005020509201999100379058516204231560267144123
12005020509212000104258064718004671530314160154
12005020509222002104666071917705421740368179189
12005020509232001104439071318305301860344178166
12005020509232001107191067717705001670333168165
12005020509232002100532071120005111760335171164
12005020509232002101294074219005521810371187184
12005020509232002102022069218505071720335170165
12005020509232002104942070019605041720332170162
12005020509232002105328076418805761830393199194
12005020509232002200028068117805031680335171164
12005020509242001101527000000000000000000000000
12005020509262000105123066418204821640318156162
12005020509262002106705066418104831600323162161
12005020509282000101528075820705511810370182188
12005020509282000105020066616405021590343171172
12005020509282002107238071619905171700347177170
12005020509292001101418073100000000000365191174
12005020509292002105239067117704941630331168163
12005020509292002110159072419805261790347180167
12005020509312002102548073917105681930375189186
12005020509342001104439078617606101880422219203
12005020509351999106748075018805621840378188190
12005020509352002104453068819004981700328167161
12005020509362001105599070417705271690358179179
12005020509371999101021072819105371750362181181
12005020509372001109141090124706542250429218211
12005020509372002102022069318705061730333171162
12005020509372002105328073618105551770378191187
12005020509382001101527068000000000000348000000
12005020509401999107196063016604641600304153151
12005020509402002102784069318205111720339172167
12005020509402002104205065416504891540335160175
12005020509422000105020066317404891600329162167
12005020509432001102058068116705141720342169173
12005020509442002100699070418005241750349179170
12005020509442002110191071318305301770353182171
12005020509482002103409072919005391790360186174
12005020509482002106089063416904651550310156154
12005020509482002109092066315905041650339169170
12005020509492002101407069317905141700344174170
12005020509501999106836000000004470000000000000
12005020509511998105261069318505081710337172165
12005020509512002106012063115404771480329161168
12005020509531999104361069816205361690367183184
12005020509531999105351063316004731520321162159
12005020509532000101588063815504831530330168162
12005020509542000106032070021104891670322163159
12005020509542002102859075718905681890379190189
12005020509552001102058066518204831750308153155
12005020509552002110038073018905411760365179186
12005020509562001103456067317404991630336169167
12005020509591999106801060016004400000000000148
12005020509592000101619060515904461510295156139
12005020509592000101672062315804651600305157148
12005020509592002106832073620405321780354177177
12005020510002002101407068416805161630353173180
12005020510032002101840063417304611560305153152
12005020510032002110114063916204771520325160165
12005020510041998104304068217605061700336169167
12005020510041998105261063416604681520316157159
12005020510052001102661075222005321860346179167
12005020510052002106012066317304901590331161170
12005020510102002102055062815604721510321154167
12005020510102002109123066817004981590339169170
12005020510112000102269066216704951630332166166
12005020510122001105369070818005281700358179179
12005020510122002101648070217705251700355177178
12005020510122002106832070217805241700354176178
12005020510352001110275067017204981590339166173
12005020510441998104051069017205181670351177174
12005020510442002100635065116304881620326166160
12005020510442002110019062915804711550316162154
