12014032506572008104381065317204811660315162153
12014032506572011100294064815204961630333165168
12014032506572011101089060714404631470316160156
12014032506572011101138065416504891580331162169
12014032506582009101813070417505291800349172177
12014032506582009110065067316005131630350175175
12014032506582010105104061215404581510307149158
12014032506582010105167066717004971640333166167
12014032506582010105445061517004451550290147143
12014032506582010105845063415504791630316149167
12014032506582011100420065716804891600329165164
12014032506582011101118063915604831570326161165
12014032506582011101832065816504931620331164167
12014032506582011101920061715704601560304147157
12014032506582011102190061115704541520302150152
12014032506582011103002062416004641510313155158
12014032506582011103418061215604561510305149156
12014032506582011103445063415904751580317155162
12014032506582011103922064516404811550326159167
12014032506582011104676062516104641580306151155
12014032506582011104852063315704761510325161164
12014032506582011106298072018205381800358181177
12014032506582011110010061415604581530305151154
12014032506582011110088065818104771770300151149
12014032506592007101734062216304591570302148154
12014032506592007103572061017404361510285143142
12014032506592009102644061816004581500308152156
12014032506592009110096065317404791620317163154
12014032506592010100540064216504771550322159163
12014032506592010102712064116404771570320162158
12014032506592010105843062217104511530298147151
12014032506592010106340066917604931630330162168
12014032506592011100417063516304721540318155163
12014032506592011100544061316404491570292153139
12014032506592011100713063116704641540310154156
12014032506592011100837065316704861660320162158
12014032506592011101041060115204491460303145158
12014032506592011101468063415704771600317157160
12014032506592011101506065216804841620322162160
12014032506592011101812068817305151820333177156
12014032506592011101835064216804741600314156158
12014032506592011103330067917105081760332175157
12014032506592011103807064216204801640316156160
12014032506592011103843064416704771560321155166
12014032506592011104079064315504881580330162168
12014032506592011104259059715904381550283144139
12014032506592011104289062016404561520304148156
12014032506592011104304062316504581560302154148
12014032506592011105916075518805671940373188185
12014032506592011106177063016704631550308152156
12014032507002007101071064616104851620323161162
12014032507002008101076065217604761660310154156
12014032507002008103264059915904401470293146147
12014032507002009100667065816904891660323161162
12014032507002009102673071116905421810361179182
12014032507002009103748068317705061660340170170
12014032507002009110085060715604511550296149147
12014032507002010102960058714904381510287151136
12014032507002011100376066916805011610340173167
12014032507002011100393062517604491550294149145
12014032507002011100719064115904821590323156167
12014032507002011101792063017204581630295151144
12014032507002011102968064217304691590310152158
12014032507002011103476069917405251770348170178
12014032507002011103981064916204871580329161168
12014032507002011105492062716504621590303153150
12014032507002011105696066417604881620326167159
12014032507002011105944068617005161790337173164
12014032507002011106440069218205101740336170166
12014032507002011106466065717004871640323166157
12014032507002011106497056815504131430270133137
12014032507002011106556062414904751570318159159
12014032507002011109191066917804911650326159167
12014032507002011110035074919305561930363179184
12014032507012008100563063116604651500315152163
12014032507012009106270063615904771610316158158
12014032507012009110123065317304801680312156156
12014032507012010106123068217005121680344175169
12014032507012011100295064516104841630321160161
12014032507012011103111064617104751630312151161
12014032507012011103660067617005061640342170172
12014032507012011104021064417604681590309157152
12014032507012011104146063015904711580313157156
12014032507012011104164071718905281760352180172
12014032507012011104447073719405431760367185182
12014032507012011105283067616005161600356177179
12014032507012011106062066017504851690316163153
12014032507012011106524069419105031670336168168
12014032507022007103008062616104651560309154155
12014032507022008103196062515804671560311153158
12014032507022008103256065117104801660314156158
12014032507022008105190066417704871730314157157
12014032507022008105982069319205011800321166155
12014032507022009103866060916004491520297149148
12014032507022009106282062016404561530303150153
12014032507022010102781060515804471520295146149
12014032507022010103165066017604841680316163153
12014032507022010103844065618404721670305155150
12014032507022010104670063616104751610314155159
12014032507022011100060065517104841660318158160
12014032507022011101918067217105011680333166167
12014032507022011102925065316604871650322158164
12014032507022011103161071721105061790327168159
12014032507022011103545066517904861710315163152
12014032507022011103589065516904861570329168161
12014032507022011104000066217104911640327164163
12014032507022011104124064216604761580318158160
12014032507022011104252067518404911720319161158
12014032507032007100624066417604881650323165158
12014032507032008102673068417705071740333167166
12014032507032009100253072920205271770350177173
12014032507032009100715067316505081720336174162
12014032507032009102961070219305091760333169164
12014032507032010101040073319805351810354179175
12014032507032010104456071019105191880331168163
12014032507032011101124062716104661630303152151
12014032507032011101190066817804901710319160159
12014032507032011101762062515004751550320157163
12014032507032011102996071919705221770345172173
12014032507032011103596065517404811660315161154
12014032507032011103602067017404961720324161163
12014032507032011103755066117104901690321160161
12014032507032011103787071220005121750337166171
12014032507032011103804062916504641560308150158
12014032507032011103938068818705011770324162162
12014032507032011104274063116704641590305155150
12014032507032011104434071419805161760340169171
12014032507032011104628064016604741650309151158
12014032507032011105008063317104621600302150152
12014032507032011105018061016904411500291147144
12014032507032011105583059915004491520297147150
12014032507032011105838070419605081790329166163
12014032507032011106537073019105391840355173182
12014032507042009104041065317404791640315155160
12014032507042009105955066416704971650332171161
12014032507042009106100064617504711640307149158
12014032507042009106306069518505101840326172154
12014032507042010101504063615904771560321159162
12014032507042010102603068919104981830315173142
12014032507042010104157071918805311810350178172
12014032507042010104266068319004931750318172146
12014032507042010106307063316804651550310155155
12014032507042011100964064717004771610316156160
12014032507042011102417070320504981870311167144
12014032507042011102772063717604611530308159149
12014032507042011102964063716604711650306158148
12014032507042011103163067018204881710317156161
12014032507042011103306066217504871650322162160
12014032507042011103574065518004751550320159161
12014032507042011103635067317005031570346170176
12014032507042011103738066016804921700322158164
12014032507042011103779068618505011720329167162
12014032507042011104095068319004931750318170148
12014032507042011104344070419605081860322175147
12014032507042011110059070419905051870318167151
12014032507052007103215067916705121690343169174
12014032507052008103192061316204511560295149146
12014032507052010103964061316804451500295150145
12014032507052010104176063416804661630303156147
12014032507052011100780068417405101760334166168
12014032507052011100784066118304781630315157158
12014032507052011101647063816804701530317162155
12014032507052011102551066918004891660323158165
12014032507052011103580065617404821590323158165
12014032507052011104046062416604581580300149151
12014032507052011104655063717304641530311154157
12014032507052011105541066417704871610326164162
12014032507052011106192063715004871670320163157
12014032507062008101804065517804771590318159159
12014032507062009101058062715604711540317156161
12014032507062009106070065517004851620323169154
12014032507062009106262069617605201760344171173
12014032507062010100493064215904831610322163159
12014032507062010103798065617204841630321161160
12014032507062010104392067516605091710338169169
12014032507062011100335066317504881670321161160
12014032507062011102323063416204721530319159160
12014032507062011102764066016404961650331167164
12014032507062011103632068416805161730343167176
12014032507062011103812064716604811570324164160
12014032507062011103875067517704981700328165163
12014032507062011103890068817705111720339170169
12014032507062011104476065416704871630324169155
12014032507062011104724066416105031600343175168
12014032507062011105322066917304961690327166161
12014032507062011106110065317304801540326162164
12014032507062011110090067715805191620357179178
12014032507072007103130072419005341840350173177
12014032507072008102632069418905051730332166166
12014032507072008102798062416004641510313157156
12014032507072009106126063316804651590306152154
12014032507072009106315064216604761630313156157
12014032507072010101834067216705051750330165165
12014032507072010103013062816604621580304153151
12014032507072010110140069617905171750342173169
12014032507072011100342065016004901610329162167
12014032507072011100547064616604801620318159159
12014032507072011102108066918104881670321162159
12014032507072011103364065416804861640322161161
12014032507072011103533065016004901560334160174
12014032507072011104056065116504861620324160164
12014032507072011104168064815604921570335166169
12014032507072011105678065016704831630320164156
12014032507072011105707060415004541460308151157
12014032507072011105817067117504961650331163168
12014032507072011106568065016104891640325161164
12014032507072011110021063517404611580303155148
12014032507082007105594062616704591550304150154
12014032507082007106404067517305021780324166158
12014032507082008106419066216904931610332166166
12014032507082008109158063216304691550314159155
12014032507082009105815070717705301780352178174
12014032507082009105960066217004921690323163160
12014032507082010102122063016004701560314155159
12014032507082011100382066215805041670337168169
12014032507082011102375069518505101700340171169
12014032507082011103176062215604661500316155161
12014032507082011103383062815304751590316159157
12014032507082011104034061415804561480308153155
12014032507082011104272065615804981560342171171
12014032507082011105097070817605321800352169183
12014032507082011105099060616004461540292148144
12014032507082011105536060716504421510291143148
12014032507082011106086061815604621440318149169
12014032507092007103165064416504791590320161159
12014032507092008103400067717405031680335167168
12014032507092008104830066717704901730317162155
12014032507092009102583063116504661570309158151
12014032507092009102838067218504871660321161160
12014032507092009103927064016704731610312157155
12014032507092009106469064516904761580318156162
12014032507092010101117063617804581590299149150
12014032507092010101956064316704761610315160155
12014032507092010103911064115704841610323160163
12014032507092010104769067017804921740318159159
12014032507092010106401067318904841620322161161
12014032507092011100410066617604901710319162157
12014032507092011101028066516505001600340167173
12014032507092011101922066417304911660325166159
12014032507092011102466063316204711540317160157
12014032507092011102902061415704571550302148154
12014032507092011103627061416104531510302149153
12014032507092011103984063916604731600313155158
12014032507092011104841066617404921700322158164
12014032507092011105001065016904811590322167155
12014032507092011105065068717705101740336172164
12014032507092011105853067216805041690335168167
12014032507092011105854066417304911730318160158
12014032507092011106093062316604571540303151152
12014032507102007102397064916804811600321157164
12014032507102007103315063016504651560309154155
12014032507102007106459063517304621620300148152
12014032507102008103259066116804931620331160171
12014032507102009103703066218304791590320164156
12014032507102009105825061316404491570292148144
12014032507102010104842066016804921610331164167
12014032507102011100889065716504921600332163169
12014032507102011101376066817404941670327163164
12014032507102011101703064015804821580324157167
12014032507102011103876061316104521550297149148
12014032507102011106427065717004871660321162159
12014032507112007101565065216604861610325163162
12014032507112007105200063416004741590315158157
12014032507112008100013066217704851630322164158
12014032507112009104414066917704921700322163159
12014032507112010110058064517004751600315164151
12014032507112011100770065015904911620329164165
12014032507112011101037065716904881620326163163
12014032507112011101355066117504861710315162153
12014032507112011102953065616204941690325166159
12014032507112011105499065916304961630333169164
12014032507112011105717065916904901620328164164
12014032507112011105771064016504751540321158163
12014032507122008106409056314404191370282139143
12014032507122009101771063316904641580306150156
12014032507122009102058058115704241470277140137
12014032507122009104832063414604881700318160158
12014032507122010102712061115804531530300152148
12014032507122011101655067617804981690329165164
12014032507122011102163066417204921610331167164
12014032507122011103368061816104571590298150148
12014032507122011103388060215304491520297150147
12014032507122011103794061016404461460300148152
12014032507122011104231066216504971700327160167
12014032507122011105072066417404901690321161160
12014032507122011106003061716904481560292147145
12014032507132007106370073019205381840354184170
12014032507132009100020069519305021800322169153
12014032507132009100353068718005071720335163172
12014032507132009100976064618204641510313152161
12014032507132009102052060315504481530295147148
12014032507132009106578066519204731670306153153
12014032507132010102128064516404811600321161160
12014032507132010105135061216604461470299144155
12014032507132011100750067419504791690310156154
12014032507132011101911070518105241730351173178
12014032507132011103914061316104521510301146155
12014032507132011104329057314604271490278140138
12014032507132011104880059113804531430310149161
12014032507132011105353070318305201810339174165
12014032507132011110035079022405662000366183183
12014032507142008103035060315604471530294149145
12014032507142009100570063816904691640305158147
12014032507142009101406068017305071680339165174
12014032507142009103509062516104641590305153152
12014032507142009103734069818305151760339172167
12014032507142009106230058514304421440298145153
12014032507142010102459064117304681590309153156
12014032507142010109051065017004801660314159155
12014032507142010110060062316104621660296150146
12014032507142011103481062916504641600304154150
12014032507142011104040062616304631540309151158
12014032507142011104176063716504721630309161148
12014032507142011106589066117204891620327167160
12014032507152008100484065317404791610318158160
12014032507152009105680066116504961650331165166
12014032507152011100069070917205371860351181170
12014032507152011102308073218705451850360183177
12014032507152011102399068016605141650349174175
12014032507152011103254068518005051700335165170
12014032507152011103930069617105251750350177173
12014032507152011104602065516904861570329162167
12014032507152011105856067418004941740320166154
12014032507162008100461066116704941620332163169
12014032507162009104596065018404661690297149148
12014032507162010102514064017604641720292146146
12014032507162010103760065717304841670317160157
12014032507162010105860060716104461610285146139
12014032507162011100241066618204841640320164156
12014032507162011102116065816804901610329164165
12014032507162011102213070520604991680331165166
12014032507162011103170066416704971640333163170
12014032507162011103323081223905732180355192163
12014032507162011103348066516305021730329170159
12014032507162011103896065817804801620318159159
12014032507172007105949062617304531610292149143
12014032507172008102978064016504751630312160152
12014032507172008105982069418605081750333172161
12014032507172009101523065316904841710313160153
12014032507172009103165070218405181750343173170
12014032507172009105291065116604851750310161149
12014032507172010100622071319505181770341175166
12014032507172010100855069017705131720341170171
12014032507172010104992078318805951920403199204
12014032507172010110033062917204571590298147151
12014032507172011100136068718305041690335168167
12014032507172011100325065618704691660303152151
12014032507172011100640067918604931740319164155
12014032507172011100956067216305091730336171165
12014032507172011101236068417005141740340172168
12014032507172011101331073217905531740379183196
12014032507172011103938069919005091790330170160
12014032507172011104076064017604641600304149155
12014032507172011105508064317004731590314159155
12014032507172011105747068218504971670330167163
12014032507172011105998068918105081710337167170
12014032507182006103177070619605101770333167166
12014032507182006103226063217204601620298153145
12014032507182007103142066116904921710321167154
12014032507182007104788065817104871730314160154
12014032507182008104829067118704841650319159160
12014032507182008105422067815605221690353173180
12014032507182010100689069519505001860314167147
12014032507182010104193068218005021730329167162
12014032507182011100367068417805061800326167159
12014032507182011100370073520005351870348174174
12014032507182011100537065915905001600340171169
12014032507182011101190066817704911670324162162
12014032507182011101761068317205111690342172170
12014032507182011102719066716205051580347169178
12014032507182011103537069619105051780327166161
12014032507182011103635069117605151770338168170
12014032507182011103661067519104841640320158162
12014032507182011103887063016804621570305156149
12014032507182011104147067917905001700330167163
12014032507182011104164068618105051720333166167
12014032507182011106032067018404861670319160159
12014032507192007103215064416504791650314157157
12014032507192007103884062817104571650292138154
12014032507192009100720067117504961650331170161
12014032507192009100991065718404731620311156155
12014032507192009105704077119905721950377189188
12014032507192009106035065318004731600313156157
12014032507192010101239067917505041680336167169
12014032507192010103226066316404991590340164176
12014032507192011100187065917204871600327163164
12014032507192011103539068317905041700334172162
12014032507192011105889066417704871620325163162
12014032507192011105954066316504981610337166171
12014032507192011110090065517404811670314149165
12014032507202008100500066117104901560334165169
12014032507202009106070063216604661580308157151
12014032507202009106262067316705061720334172162
12014032507202010103798064717104761610315156159
12014032507202010104278062016704531600293150143
12014032507202010104392064917204771690308157151
12014032507202011101471064317604671570310153157
12014032507202011103632065916904901650325164161
12014032507202011103812066517604891610328164164
12014032507202011103875065617704791670312158154
12014032507202011105764068618205041620342168174
12014032507212007103130065216904831660317160157
12014032507212008102632065217204801620318157161
12014032507212009103015067816705111760335171164
12014032507212009106484067517205031690334170164
12014032507212010101834063615404821520330160170
12014032507212010106540069417705171700347174173
12014032507212011100335067817405041680336170166
12014032507212011102537065716204951590336168168
12014032507212011103890069017705131780335168167
12014032507212011104156067517904961670329164165
12014032507212011105132067217804941640330162168
12014032507212011105322067017404961710325163162
12014032507212011105997068517005151740341170171
12014032507222006100106061315304601470313151162
12014032507222007109232062916804611540307149158
12014032507222008100623068917705121700342173169
12014032507222009106469069019005001710329165164
12014032507222011100349062417604481550293144149
12014032507222011100754064617004761600316157159
12014032507222011103854064016604741620312160152
12014032507222011104661065017604741630311159152
12014032507232008104337065416804861630323161162
12014032507232010101224067717804991690330165165
12014032507232010104473066417904851670318160158
12014032507232010105846065317104821660316156160
12014032507232011102093064717004771650312157155
12014032507232011102991063716704701580312156156
12014032507232011105560068017505051710334175159
12014032507242009100860064716804791550324159165
12014032507242009105658064816104871600327163164
12014032507242009106384061115104601510309151158
12014032507242010105769067217404981660332165167
12014032507242010106084062917304561570299154145
12014032507242011103069065017204781610317158159
12014032507242011103328061815504631510312151161
12014032507242011103892061715604611530308153155
12014032507242011104995067017304971660331164167
12014032507242011110025069618305131720341173168
12014032507242011110083061616104551540301155146
12014032507252009105903063516404711570314153161
12014032507252010100202066417004941630331164167
12014032507252010104837069318505081700338168170
12014032507252011100970067216905031750328167161
12014032507252011103800060015304471460301147154
12014032507252011104051062115804631530310153157
12014032507252011104957067716905081700338169169
12014032507252011105456066716705001670333164169
12014032507252011105539064916904801650315154161
12014032507252011105661065817404841580326160166
12014032507262009101871061416104531570296146150
12014032507262010100814063316004731580315157158
12014032507262010101252064518704581590299149150
12014032507262010102260063916804711640307152155
12014032507262011101162062015304671550312156156
12014032507262011101783066616605001710329165164
12014032507262011102884070118505161780338167171
12014032507262011103501065418804661530313151162
12014032507262011109127061015004601500310153157
12014032507272008101246061915204671550312159153
12014032507272008103589063215404781560322162160
12014032507272009102801065816304951630332163169
12014032507272009103402062415404701650305152153
12014032507272011100383066616305031710332168164
12014032507272011101365068018504951700325163162
12014032507272011101839061214904631500313157156
12014032507272011103847065917404851670318161157
12014032507282009106062061016104491480301149152
12014032507282010100690064217604661600306151155
12014032507282011101076062816404641610303153150
12014032507282011102384062916304661600306150156
12014032507282011102548067318404891730316153163
12014032507282011105157065217004821710311156155
12014032507282011105164066118704741640310157153
12014032507292008102322061715604611500311151160
12014032507292008103105060816004481480300150150
12014032507292010100128066317404891630326162164
12014032507292010101772064817404741560318158160
12014032507292010103862065916104981690329164165
12014032507292011101088063216604661590307153154
12014032507292011101529066917104981690329166163
12014032507292011105402066416604981520346170176
12014032507302008103371062517004551500305146159
12014032507302008104213065218004721650307158149
12014032507302009105436068718705001700330167163
12014032507302010100855066117504861650321160161
12014032507302011101116063116904621560306150156
12014032507302011102128062716604611530308149159
12014032507302011103091062516604591520307148159
12014032507302011103549064016904711590312157155
12014032507302011105784064217404681600308156152
12014032507302011106028067017304971620335166169
12014032507302011110099060715404531500303154149
12014032507312008102293064416804761600316161155
12014032507312010100622069118905021740328169159
12014032507312011102225067118804831740309153156
12014032507312011102229064316204811620319160159
12014032507312011103874065017004801650315160155
12014032507312011104490072518105441770367184183
12014032507312011104696060014804521460306149157
12014032507312011105556066617304931720321164157
12014032507312011105907066718804791690310154156
12014032507312011106114066216804941610333166167
12014032507312011106575069616905271810346174172
12014032507322009104586063717004671530314154160
12014032507322010104689065316904841660318165153
12014032507332007104332067918504941680326165161
12014032507332008110094061415704571560301150151
12014032507332011101186063916104781550323151172
12014032507342011102608066116105001580342169173
12014032507342011104555065517004851600325157168
12014032507352008102897065517704781650313155158
12014032507352010102310070016605341760358176182
12014032507352010102744067018304871660321160161
12014032507352010105578068517305121660346169177
12014032507352011105201061916404551570298150148
12014032507362009100365071418205321880344181163
12014032507362009103381065817204861650321165156
12014032507362010102883064117304681620306157149
12014032507362010103963065117904721600312156156
12014032507362011100016070918105281740354178176
12014032507362011100702065816604921660326166160
12014032507362011102930066816605021700332172160
12014032507362011105804067617704991640335170165
12014032507372010104174068118204991670332166166
12014032507372010104741065917204871680319160159
12014032507372010105151063317404591570302149153
12014032507372011101287065416904851700315158157
12014032507372011102872064616004861520334158176
12014032507372011103437070218805141740340174166
12014032507372011104139078719705901950395198197
12014032507382011100718062614704791490330160170
12014032507392010102640066016804921710321160161
12014032507392011103038067016605041730331165166
12014032507392011105107063015804721540318156162
12014032507402009105270070118305181780340173167
12014032507402009109049066517304921690323162161
12014032507412011104165066315505081640344169175
12014032507412011106288065216904831640319163156
12014032507412011106583066918404851640321157164
12014032507422008106438065715705001550345169176
12014032507422010101472063915904801590321169152
12014032507422010102138063517304621570305149156
12014032507422010103969064616104851600325162163
12014032507422011100297066116304981620336172164
12014032507422011100739067418504891640325161164
12014032507422011101130065416504891590330172158
12014032507422011101395064016504751610314156158
12014032507422011102723067017204981710327164163
12014032507422011103298064717304741580316160156
12014032507422011103479068818705011710330166164
12014032507422011105117065817004881650323159164
12014032507422011105886066518204831610322162160
12014032507422011106304071818005381680370184186
12014032507432008104008064116804731640309153156
12014032507432009102631065516504901630327162165
12014032507432009110044063815604821640318158160
12014032507432011100504068417505091770332167165
12014032507432011101956070518605191820337171166
12014032507432011102345065617104851590326162164
12014032507432011102612067417305011710330170160
12014032507432011105312068517605091660343170173
12014032507432011105334063216604661550311153158
12014032507432011105757066016704931620331163168
12014032507432011106081066316704961650331164167
12014032507432011110026065716604911680323159164
12014032507442008101549065717404831700313161152
12014032507442008106244071617705391790360185175
12014032507452009106666064117904621540308153155
12014032507462009101253067317604971690328168160
12014032507462009104603066917604931650328167161
12014032507462011100321074619005561820374184190
12014032507462011100679065316404891620327164163
12014032507462011105015066818604821640318154164
12014032507472010105836066517004951630332168164
12014032507472011100400066917504941640330166164
12014032507472011100408067917705021710331165166
12014032507472011102529066717404931630330166164
12014032507472011103704066016504951690326161165
12014032507472011104456064917004791640315158157
12014032507482009102166064017004701590311153158
12014032507482011101337067617305031710332169163
12014032507482011102292069618005161730343174169
12014032507482011104001069117305181700348171177
12014032507482011109101066417304911710320159161
12014032507492008104778064416104831610322163159
12014032507492010103743068619004961760320160160
12014032507492011100524065316004931700323159164
12014032507492011102236070918205271790348176172
12014032507502008104797064716904781650313154159
12014032507502009104161066015205081730335170165
12014032507502009105869065817304851620323154169
12014032507502011100986061616904471500297150147
12014032507502011101523066516704981650333166167
12014032507502011102255064016104791580321157164
12014032507502011102725065314105121770335169166
12014032507502011103146064916304861560330166164
12014032507502011104536068217705051650340163177
12014032507502011106597065215704951620333170163
12014032507512009101080063016604641510313150163
12014032507512010100880065717104861590327163164
12014032507512010104189061316804451570288148140
12014032507512011104080063918904501530297148149
12014032507522007102955061716904481540294144150
12014032507522011100381062415504691520317154163
12014032507522011102020065917404851600325164161
12014032507522011102076064617504711660305153152
12014032507522011105180062917604531520301150151
12014032507532010104874067916905101650345173172
12014032507532011100016064016204781590319157162
12014032507532011105311064216304791580321154167
12014032507542009101770068119504861710315160155
12014032507542011103410070118005211750346172174
12014032507552010102323067817105071740333168165
12014032507552011100350061515004651540311154157
12014032507552011101238069616805281750353178175
12014032507552011101517069218605061740332172160
12014032507552011101602066317604871640323162161
12014032507562009100232063116504661510315151164
12014032507562010101222062916204671520315157158
12014032507562010105844067418204921670325165160
12014032507562011101638067417704971680329165164
12014032507562011103129069318705061710335175160
12014032507562011106083069218405081750333173160
12014032507572009110005064117604651590306151155
12014032507572011105118066517004951670328165163
12014032507592010100356066017004901590331170161
12014032508002009106343068017705031720331166165
12014032508002011100807067618104951680327160167
12014032508032010105328064616904771540323158165
12014032508052011102617066216704951640331166165
12014032508052011103478064016104791620317160157
12014032508062007100206063616504711550316157159
12014032508062010100704061717104461560290142148
12014032508062010104137063816504731540319157162
12014032508062010104256062215904631510312153159
12014032508062011103430067216005121710341170171
12014032508062011104209064917104781640314156158
12014032508072007101829064716504821640318159159
12014032508082007103447059315204411430298144154
12014032508082009110077067417405001750325169156
12014032508082011100061065917604831620321154167
12014032508082011100494076220605561880368187181
12014032508082011101602067817904991710328163165
12014032508082011101713067617405021670335169166
12014032508092008101726061615604601530307151156
12014032508092009105108063216804641630301156145
12014032508092010102323070617705291820347174173
12014032508092010110057062116104601540306151155
12014032508092011100666075119505561860370187183
12014032508092011101687066017404861630323162161
12014032508132011105247066516305021680334160174
12014032508132011106445063516904661650301150151
12014032508142010100001072621405121740338161177
12014032508142011105028071817705411720369182187
12014032508182009105122065016604841620322159163
12014032508182011103619065616504911680323162161
12014032508192011104243071118305281780350176174
12014032508212011101273070118605151700345172173
12014032508222007104807058217104111500261134127
12014032508242010100121064218304591580301153148
12014032508242011106586062716504621570305154151
12014032508252009100783066118004811720309157152
12014032508252009106171057215904131440269135134
12014032508252010104155059315704361470289145144
12014032508252011103862057716104161440272139133
12014032508262008105598065915305061620344170174
12014032508262011101081066816805001660334168166
12014032508262011101382069018605041730331168163
12014032508262011103406069118105101760334165169
12014032508262011110041066316604971660331170161
12014032508272007100628062317504481520296147149
12014032508272008102938062116304581490309147162
12014032508282009106016062416404601520308151157
12014032508282011104324064817504731690304152152
12014032508282011104330062216304591590300152148
12014032508292008102083074518105641820382188194
12014032508292011103148068616905171640353171182
12014032508292011104345059015804321460286141145
12014032508292011106444064417204721600312156156
12014032508302009101761065916404951640331164167
12014032508302011105151066617404921680324161163
12014032508302011105624061915604631560307151156
12014032508312010101965071219505171760341169172
12014032508312011103827068418704971760321170151
12014032508312011105816065116204891590330164166
12014032508312011106108064717404731570316158158
12014032508342011101080067419904751620313156157
12014032508492011104868064117004711600311155156
12014032508502008101696067317105021710331169162
12014032508502009106325061415704571580299153146
12014032508502010103921073018605441880356178178
12014032508502011102210067817005081690339169170
12014032508502011105698070116605351730362178184
12014032508522011105766063715904781580320160160
12014032508532009100352068418804961690327160167
12014032508532011106329059616804281480280141139
12014032508542006101893067118804831720311156155
12014032508542009102372069417605181810337165172
12014032508542009103053062816204661500316155161
12014032508542010103178062416504591570302151151
12014032508542010104186066218404781690309159150
12014032508542011100912063315804751520323159164
12014032508542011102480063517004651550310152158
12014032508552007102890069517905161710345174171
12014032508552011100296069717205251700355177178
12014032508552011102621070818005281800348176172
12014032508552011103968065216104911630328165163
12014032508562010100978064414604981480350168182
12014032508562011100314069418305111750336172164
12014032508562011105562064316204811590322160162
12014032508572009103431064416104831600323161162
12014032508572010102972071417905351780357185172
12014032508572011101052065616404921650327163164
12014032508572011102738065117204791510328160168
12014032508572011106102068017505051700335164171
12014032508582009103264070520205031810322165157
12014032508582009105832069619205041890315169146
12014032508582009106218066519104741760298156142
12014032508582010104225067518004951830312165147
12014032508582011100521061416504491510298142156
12014032508582011103234066917704921820310164146
12014032508592007102796062517904461580288146142
12014032508592008100151065315604971580339167172
12014032508592009110031062816504631550308163145
12014032508592010101646062816204661520314156158
12014032508592011101819062816204661520314156158
12014032508592011106538062017604441500294146148
12014032509002008102808065117204791650314161153
12014032509002011102383066315205111610350169181
12014032509002011104195060816504431500293146147
12014032509012009101933069818905091770332168164
12014032509012009102471065916804911610330162168
12014032509012010103001073318505481850363185178
12014032509012010103737074319905441870357180177
12014032509012011102022066817404941680326157169
12014032509012011103837072819005381760362185177
12014032509012011106375072820005281780350178172
12014032509022011102642066717104961620334159175
12014032509042011102579068517305121710341175166
12014032509042011102805069117605151730342168174
12014032509062008103206069118005111690342169173
12014032509072009105854062016704531500303153150
12014032509072010104270067618304931760317163154
12014032509082010104625061616304531550298147151
12014032509082011101007063116704641550309155154
12014032509092008105917078537604091540255123132
12014032509092010105066064618204641590305150155
12014032509092011100564062016604541530301150151
12014032509092011105387063515504801580322159163
12014032509092011109233066118804731620311151160
12014032509102009109243068017805021720330165165
12014032509102010105027064017404661550311152159
12014032509112011101837064516804771580319158161
12014032509112011105914063015304771540323161162
12014032509122010105827067319304801610319161158
12014032509132008104215061316004531410312144168
12014032509132009102471062216004621500312153159
12014032509132009103158063316904641570307153154
12014032509132011103630062316004631530310155155
12014032509132011103719064617704691620307153154
12014032509132011104914063715904781530325160165
12014032509142010103001070119505061890317168149
12014032509142010103737067319304801730307162145
12014032509142011101543070018105191790340175165
12014032509142011102729069218405081750333163170
12014032509142011103837069119105001860314167147
12014032509142011106375070320005031930310175135
12014032509152011102699063916304761600316161155
12014032509152011105704067517505001640336168168
12014032509172011101278066916105081660342164178
12014032509182011102196066118604751670308154154
12014032509192009106257065717104861610325160165
12014032509192009106799065016304871610326163163
12014032509192010106016066717604911640327162165
12014032509192011101271066918004891680321161160
12014032509192011101542065317104821640318152166
12014032509192011102904065216604861660320158162
12014032509192011105064065116704841620322159163
12014032509202008101592068617705091670342170172
12014032509202009104154066016904911650326162164
12014032509202010102648063016804621550307150157
12014032509202011102837065316804851560329161168
12014032509202011104674068817805101740336171165
12014032509202011105304062116404571520305151154
12014032509212008103895065719304641460318150168
12014032509212011100487063616404721580314158156
12014032509212011105068067217404981760322164158
12014032509222007103362065918104781680310155155
12014032509222009100229064816404841600324164160
12014032509222010100473065817404841650319160159
12014032509222010101982068417005141730341170171
12014032509222011103259077220305691920377192185
12014032509222011104161066117504861700316161155
12014032509232010103462067917505041700334171163
12014032509232010104636068017005101770333174159
12014032509232010110063067418004941700324163161
12014032509232011102835062115304681540314154160
12014032509242009110112077720605711950376188188
12014032509252008103206065916204971660331159172
12014032509252010101775064317604671630304155149
12014032509252010104033066318204811620319164155
12014032509262009104944069718005171780339173166
12014032509262011103076069018405061740332169163
12014032509272008105644069518405111750336168168
12014032509272009102532067717405031680335170165
12014032509272009106571074819605521820370188182
12014032509272011101957067918504941720322167155
12014032509272011102540067217704951660329161168
12014032509272011103995066618004861700316165151
12014032509272011105520067817405041710333165168
12014032509282010103077064717904681630305152153
12014032509282011100353067917805011720329165164
12014032509292007106723064417404701620308153155
12014032509292009100457063416904651600305149156
12014032509292009102657067717205051680337166171
12014032509292011104366066717404931670326163163
12014032509302007106312072122304981850313162151
12014032509312010106028066618904771700307154153
12014032509312011102549066317404891700319162157
12014032509312011105318065217004821650317162155
12014032509322010100707067517305021670335170165
12014032509322010102342073118205491800369182187
12014032509332007104604067717904981710327162165
12014032509332011102532071418905251820343173170
12014032509342008104263064717004771590318159159
12014032509342010101553072422005041830321166155
12014032509342011103167061616004561490307150157
12014032509342011110006067818004981670331165166
12014032509352011100425064016704731570316157159
12014032509352011101492063816604721580314165149
12014032509352011102507068418804961660330168162
12014032509352011103259066816904991630336168168
12014032509362007102058061615204641500314153161
12014032509362009101828062815404741530321156165
12014032509362009103434062615804681560312156156
12014032509362009106090061117004411540287146141
12014032509362009106543063417504591590300151149
12014032509362011105559063316204711520319156163
12014032509362011105656071418305311830348179169
12014032509362011106171065517204831640319161158
12014032509372010103303067917105081680340170170
12014032509372011101983066415705071640343177166
12014032509372011104371067418204921640328158170
12014032509372011105703061716104561580298149149
12014032509382011105319071018105291790350175175
12014032509392010102969064917004791630316158158
12014032509392010109130080120305981980400200200
12014032509392011101368075219105611740387187200
12014032509402010105235067016805021690333166167
12014032509402011101242067717705001710329165164
12014032509402011105858066216504971640333166167
12014032509412009102459066817404941590335168167
12014032509412010106326066316804951620333168165
12014032509412011103628065516604891550334162172
12014032509412011109158066817804901630327161166
12014032509422008102566069817605221730349170179
12014032509422011101482068717505121710341173168
12014032509422011101898071518505301780352174178
12014032509432005110115066418604781690309160149
12014032509432008101723066218304791620317158159
12014032509432008101760065216404881630325161164
12014032509432011101457065417104831630320159161
12014032509432011103145068617605101720338167171
12014032509432011103159068917605131720341169172
12014032509432011104409067116005111650346170176
12014032509442007103290065318304701660304150154
12014032509442008101934065216904831610322161161
12014032509442009100287070719605111860325176149
12014032509442009104783059715404431550288148140
12014032509442010110122064817604721710301150151
12014032509442011101415064817604721710301154147
12014032509442011103446062216504571630294148146
12014032509442011103482073119505361720364180184
12014032509442011104221062817304551510304152152
12014032509442011104606081722205952020393201192
12014032509442011105700064718004671680299156143
12014032509452007101398067818204961680328164164
12014032509452008110097061115604551440311151160
12014032509452009105031065817304851730312161151
12014032509452010100699061216104511460305149156
12014032509452011105081067818204961660330165165
12014032509452011106362064717004771630314158156
12014032509462008103091064716504821550327161166
12014032509462009100613069017705131700343170173
12014032509462010104126066817304951610334164170
12014032509462010104510064716604811660315156159
12014032509462010110061064816104871650322170152
12014032509462011101378064316304801600320159161
12014032509462011102004065518004751600315156159
12014032509462011102273063817304651610304155149
12014032509462011102997063115804731590314153161
12014032509462011104045063516304721580314154160
12014032509462011104097065617804781670311156155
12014032509462011105673066716205051670338165173
12014032509462011106485066916405051670338168170
12014032509472008105742067617105051640341168173
12014032509472009105660071418405301780352175177
12014032509472010103461069818205161740342175167
12014032509472011101954070019905011730328167161
12014032509472011101968068318504981740324167157
12014032509472011102051069718105161730343175168
12014032509472011104312066018504751650310158152
12014032509472011109237069419405001720328163165
12014032509482007100567065116904821700312151161
12014032509482009102640061815604621600302153149
12014032509482009106130064317304701660304152152
12014032509482010101474066017304871630324161163
12014032509482010104298065217204801680312160152
12014032509482010104372065117004811790302160142
12014032509482010104549064316904741650309158151
12014032509482011100590064515804871650322164158
12014032509482011100774071118305281770351175176
12014032509482011101085065417004841630321162159
12014032509482011103748064216304791720307156151
12014032509482011103872065617204841740310161149
12014032509482011104855070818205261730353172181
12014032509482011105928063115504761600316157159
12014032509482011110007065417204821740308160148
12014032509492006106716062817204561600296144152
12014032509492007102177059216204301360294142152
12014032509492011105926064916404851560329160169
12014032509502005101133067216905031700333168165
12014032509502008100570065817204861590327164163
12014032509502009106109067116905021780324166158
12014032509502010105393064916504841580326162164
12014032509502011104004069418605081710337166171
12014032509502011104684069117405171690348174174
12014032509502011105626065917004891560333163170
12014032509502011110028066616605001670333167166
12014032509512007103400066817904891630326163163
12014032509512008101671063315404791610318155163
12014032509512008103271065717904781600318158160
12014032509512008106468061616204541550299145154
12014032509512009106433067618304931700323161162
12014032509512009106555065216304891710318162156
12014032509512010101273062515604691590310151159
12014032509512010101635062616104651610304149155
12014032509512010104509066017004901710319162157
12014032509512010105424066116005011660335165170
12014032509512010105786064417404701600310155155
12014032509512011103049062415604681490319160159
12014032509512011103051064015204881530335163172
12014032509512011103067064515504901590331164167
12014032509512011104170063215704751570318157161
12014032509522008101672068918005091670342173169
12014032509522009100359067118404871610326166160
12014032509522010100222063016104691590310154156
12014032509522010105176072919805311840347178169
12014032509522011101031073318205511930358178180
12014032509522011103137069518105141710343172171
12014032509522011103171062716604611580303153150
12014032509522011103277074819805501890361185176
12014032509522011103573060915104581500308150158
12014032509522011105350065517004851650320160160
12014032509522011106054066117504861640322160162
12014032509532008102351066718204851740311156155
12014032509532009101652066215605061680338178160
12014032509532009104540070818405241840340171169
12014032509532009104957066617304931670326160166
12014032509532010101256061015404561450311152159
12014032509532010102675066717704901630327162165
12014032509532010102956062817904491490300154146
12014032509532010106552066717504921680324167157
12014032509532010109130074518705581910367182185
12014032509532010110099067317604971700327167160
12014032509532011100007067617804981680330167163
12014032509532011100298059814404541460308151157
12014032509532011100525059515504401520288145143
12014032509532011102171065617604801670313157156
12014032509532011104013069117305181690349174175
12014032509532011104376059914704521510301152149
12014032509532011106548068318404991630336166170
12014032509532011109190066218904731660307152155
12014032509542008104630062116504561660290153137
12014032509542010104620066117504861630323164159
12014032509552009100789062716004671520315158157
12014032509552010110074064616704791620317160157
12014032509552011101539062216304591530306152154
12014032509552011103208065517004851530332163169
12014032509552011103855066718904781550323161162
12014032509562008105220066816904991770322163159
12014032509562009102772064117404671620305151154
12014032509562009105927061317004431530290144146
12014032509562010105925063016704631570306153153
12014032509562011100888062817204561590297153144
12014032509562011100967065317004831690314160154
12014032509562011103039065517204831690314160154
12014032509582009103182067618704891670322163159
12014032509582009106122057215504171410276136140
12014032509582011100337059815904391470292145147
12014032509582011103780060816204461600286142144
12014032509592006102717064817404741650309155154
12014032509592008100283060315304501470303149154
12014032509592009100967064017204681540314155159
12014032509592009105980069920104981870311167144
12014032509592009106254065517804771650312157155
12014032509592009106551064016804721620310157153
12014032509592010101137062915604731640309156153
12014032509592010102111066218104811670314162152
12014032509592010105312063816504731650308158150
12014032509592011102259064717904681590309156153
12014032509592011102607065217204801640316159157
12014032509592011104220064616904771710306153153
12014032509592011105007070420305011660335172163
12014032509592011105415064816904791670312161151
12014032510002006101448068517905061660340169171
12014032510002007101421066318404791650314159155
12014032510002008100267060915904501470303148155
12014032510002009102179061115704541510303149154
12014032510002010103767064017004701580312155157
12014032510002010104502059514904461490297155142
12014032510002011103035063015504751520323164159
12014032510002011103591065417604781630315153162
12014032510012008101073061817204461560290143147
12014032510012011103246065117004811630318162156
12014032510022008103293065817004881660322164158
12014032510022009106383071619105251850340172168
12014032510022010104068068618704991740325168157
12014032510022011104469068418405001720328164164
12014032510032010105424066716904981680330166164
12014032510032011104293067219004821700312153159
12014032510042007104889069018405061720334172162
12014032510042009106751064417704671620305159146
12014032510042011101184069218205101710339173166
12014032510042011102349065017504751650310158152
12014032510042011109184060214804541440310153157
12014032510052008100364065917904801650315155160
12014032510052008104252066818104871730314160154
12014032510052009102303059916304361510285141144
12014032510052009105295066217004921630329164165
12014032510052010104098061917704421550287147140
12014032510052011102525063416004741530321157164
12014032510062008101985068617505111740337167170
12014032510062009105813070318005231750348172176
12014032510062010102760065615804981710327160167
12014032510062010105386069117905121720340173167
12014032510062011103510062016204581540304148156
12014032510062011104010066617304931680325165160
12014032510062011104353065216104911660325162163
12014032510062011104668066017504851680317160157
12014032510062011106095067517205031710332169163
12014032510072010100093067417804961720324162162
12014032510072011101358062516004651560309155154
12014032510082006100405066017704831630320163157
12014032510082009102663065818104771690308154154
12014032510082010101830071919205271790348174174
12014032510082010110062061516704481630285142143
12014032510082011100402062516504601590301151150
12014032510082011101112065017204781680310154156
12014032510082011103178064917604731630310156154
12014032510082011105574067317404991690330160170
12014032510092007102760068320204811670314157157
12014032510092008104749069519105041740330166164
12014032510092010102094064017604641650299150149
12014032510112009102626067318804851690316157159
12014032510112011110074070419305111750336171165
12014032510122010101344062816204661590307152155
12014032510132007101731061116404471410306149157
12014032510132010101437063916804711560315158157
12014032510142006101906066516904961700326169157
12014032510152009101060067717605011730328168160
12014032510152010104068062917304561550301150151
12014032510152011104469065517504801600320159161
12014032510162009106383069017505151770338170168
12014032510162011103835064616004861670319165154
12014032510182010103774056714304241390285140145
12014032510182010104042063916904701700300156144
12014032510182011100783061416804461540292147145
12014032510192010104544071019005201790341170171
12014032510192011100363067917305061780328163165
12014032510202006106608063816804701560314159155
12014032510202008101985067117204991750324160164
12014032510202011104010064316004831630320156164
12014032510212006102379063817304651630302154148
12014032510212010104297068018304971690328162166
12014032510212011106089073018305471810366182184
12014032510222009102866067317604971670330161169
12014032510222009105834065616904871630324160164
12014032510222009106264063417004641600304157147
12014032510232009102917062615304731520321156165
12014032510232010100666063816504731600313157156
12014032510232010101350062615904671600307154153
12014032510232011105009074219805441880356183173
12014032510232011105428074120505361930343182161
12014032510242008105584067917405051700335166169
12014032510242011100154068818105071710336165171
12014032510252007105550064917604731620311159152
12014032510252011101563065415305011490352172180
12014032510262011104710067516905061650341167174
12014032510272008104316074720305441860358185173
12014032510332011103741065818104771650312155157
12014032510332011104129064316804751650310157153
12014032510332011105898063116404671560311153158
12014032510362008100886067218004921650327166161
12014032510362009105475066517104941580336162174
12014032510362010104377066917404951730322164158
12014032510362010104751066918304861660320159161
12014032510362011101446069918105181720346171175
12014032510362011109164068418305011690332162170
12014032510382010110112063617804581580300152148
12014032510402009105452071718705301900340182158
12014032510462008102588063417204621600302152150
12014032510462011106106071219905131700343174169
12014032510472011100581064416704771550322158164
12014032510482009103150060115004511480303146157
12014032510522009102527069118105101750335172163
