02013042605582008104807059715104461470299141158
02013042605592005102698069517705181720346166180
02013042605592007100094065917204871620325159166
02013042605592007100642070218705151710344174170
02013042605592007102504064716204851590326164162
02013042605592007105145070517905261790347173174
02013042605592008100059067517305021690333167166
02013042605592008100196072418605381810357183174
02013042605592009101138067517305021690333168165
02013042605592009103826064915204971600337166171
02013042605592009106532063915504841540330159171
02013042605592010101711064016404761500326157169
02013042605592010102034071318605271720355174181
02013042605592010103867069517805171770340173167
02013042605592010103909065516704881640324166158
02013042605592010106545071318405291700359176183
02013042605592010109123061315604571590298150148
02013042606002007103990075220605461940352176176
02013042606002008100614066817104971680329165164
02013042606002008102071067717305041750329167162
02013042606002008102579067017204981640334170164
02013042606002008104914055813804201410279140139
02013042606002009103117062716704601530307153154
02013042606002010100200062316504581540304152152
02013042606002010101599068017305071660341167174
02013042606002010102270055813404241370287143144
02013042606002010102439067316005131740339165174
02013042606002010103098070517305321740358178180
02013042606002010103793062316604571550302152150
02013042606002010103897068317805051730332168164
02013042606002010103919067317305001660334167167
02013042606002010103965058314804351440291147144
02013042606002010104638067217005021670335165170
02013042606002010104786063816204761610315157158
02013042606002010105208073320305301870343173170
02013042606002010106009065116904821670315160155
02013042606002010109176071517905361770359181178
02013042606002010109237071918105381750363179184
02013042606002011100066064216004821680314157157
02013042606012006103029069517705181740344171173
02013042606012007102803069217705151760339169170
02013042606012007104155065517504801600320161159
02013042606012008101424072417805461930353184169
02013042606012008102828069217305191800339177162
02013042606012008103349068017205081700338169169
02013042606012009101435069517505201840336167169
02013042606012009102779072717705501880362179183
02013042606012009103639067216405081690339167172
02013042606012009105714069617905171770340171169
02013042606012009105757062416304611600301153148
02013042606012009106579067317604971760321165156
02013042606012010100458067017005001700330167163
02013042606012010100505072417905451880357180177
02013042606012010100627070417905251790346183163
02013042606012010100674068016305171730344175169
02013042606012010101396068817705111730338172166
02013042606012010101869069417905151750340172168
02013042606012010102320067516105141710343174169
02013042606012010103689069317505181810337170167
02013042606012010103717068017205081700338169169
02013042606012010103779069817005281760352183169
02013042606012010103815066717304941710323167156
02013042606012010104418066917204971710326168158
02013042606012010109096072818505431830360185175
02013042606012010110029066717404931710322169153
02013042606012011109126069218505071700337172165
02013042606012011109222069618005161720344173171
02013042606022008102998068117305081730335172163
02013042606022009103604069517005251750350176174
02013042606022010101136063915504841590325160165
02013042606022010102377066616305031670336166170
02013042606022010103110070018405161770339173166
02013042606022010103247071018405261800346184162
02013042606022010103930069917405251730352176176
02013042606022010103943000000000000000000000000
02013042606022010104222074920105481890359181178
02013042606022010104383071118405271740353177176
02013042606022010104789066616405021680334166168
02013042606022010104989073218805441860358187171
02013042606022010105345070318405191770342168174
02013042606022010105439068416605181730345177168
02013042606022010105593069718405131730340175165
02013042606022010105964068618205041750329170159
02013042606032006101222068317005131680345168177
02013042606032007104645071018905211740347177170
02013042606032007106743069617905171760341171170
02013042606032008101927069717805191770342171171
02013042606032008105633072719705301930337176161
02013042606032008106205069718205151790336170166
02013042606032009106104069117505161750341169172
02013042606032010101910073020505251890336174162
02013042606032010102082073219705351920343177166
02013042606032010102139073020305271900337174163
02013042606032010102181073919005491900359178181
02013042606032010102446073020505251880337175162
02013042606032010102985072719905281910337177160
02013042606032010103193069318405091670342170172
02013042606032010103403069417805161740342171171
02013042606032010103656069318205111700341172169
02013042606032010103875066116704941650329164165
02013042606032010104164069218305091680341172169
02013042606032010105161066316704961660330164166
02013042606032010105329075219205601870373192181
02013042606032010106001065716304941630331165166
02013042606032011101173071918105381840354180174
02013042606042007101163070917705321710361178183
02013042606042008100544067416405101710339167172
02013042606042008102454065817504831660317162155
02013042606042009102554067716805091700339170169
02013042606042009104351078218705951930402198204
02013042606042009106597065416604881640324163161
02013042606042010101156070617805281730355173182
02013042606042010103195070317805251730352171181
02013042606042010104082066717304941600334162172
02013042606042010105073066817004981700328165163
02013042606042010106462069417305211700351174177
02013042606052007103866000018400001750000000000
02013042606052008103993068118504961680328163165
02013042606052008104739069417005241730351177174
02013042606052009102412067717405031720331164167
02013042606052009103010069517405211740347174173
02013042606052009105192070018105191690350169181
02013042606052010100392067316405091710338168170
02013042606052010100477064217004721700302156146
02013042606052010100557070817905291780351168183
02013042606052010101052073718805491910358184174
02013042606052010101842076418905751770398185213
02013042606052010102271071218305291840345175170
02013042606052010102366067517604991720327167160
02013042606052010103907069117605151760339173166
02013042606052010104135074119505461910355178177
02013042606052010104802075119105601740386178208
02013042606052010105125062916204671690298154144
02013042606052010105569069217505171770340173167
02013042606052010106054066717204951720323167156
02013042606052010106245071017405361740362181181
02013042606052010106425067617605001720328168160
02013042606062006101629067916605131740339177162
02013042606062007102253064816504831600323165158
02013042606062007105563069917505241720352177175
02013042606062008104141064717004771620315155160
02013042606062009101596070118205191760343166177
02013042606062010100799074519105541780376183193
02013042606062010100971068218105011720329166163
02013042606062010101610069817705211730348179169
02013042606062010101619062216004621510311161150
02013042606062010102209071117705341760358178180
02013042606062010103149066717304941700324164160
02013042606062010104690070916205471790368189179
02013042606062010104777068416905151690346174172
02013042606062010105300074720005472020345178167
02013042606062010106004071918405351820353178175
02013042606072006104462089522306722200452222230
02013042606072007109058084822306252030422201221
02013042606072008102600068117705041720332163169
02013042606072009100775083523406012110390190200
02013042606072009102441067117304981700328164164
02013042606072009105575067916105181760342175167
02013042606072009105739068317405091720337167170
02013042606072009105965061415704571470310153157
02013042606072010102053068017405061640342169173
02013042606072010104397067417704971670330163167
02013042606072010106168068517805071720335168167
02013042606072010106449089522206732190454223231
02013042606072011103565069418205121770335169166
02013042606072011105211069617805181670351176175
02013042606082008105553069817905191690350175175
02013042606082009103505066417304911640327163164
02013042606082010103417069917505241770347174173
02013042606082010104212071817505431830360181179
02013042606082010104448066916205071610346170176
02013042606082010105552070418305211820339175164
02013042606092009100298071018205281780350172178
02013042606092010100250065515904961620334165169
02013042606092010101017067116305081660342168174
02013042606092010102079069517605191760343173170
02013042606092010102498064516004851580327160167
02013042606092010103433065116504861620324164160
02013042606092010105256053514503901360254127127
02013042606092010105274061215904531570296150146
02013042606092010106453066916405051660339167172
02013042606092010106596066415205121620350167183
02013042606102009106336073619105451930352182170
02013042606102010105363068216805141650349173176
02013042606102010106459067217304991680331165166
02013042606102010106511067116605051720333175158
02013042606112004106172068918105081740334170164
02013042606112009103759062616504611590302156146
02013042606112009106014059615404421480294147147
02013042606112009106411066916605031730330164166
02013042606112010101004069217005221700352174178
02013042606112010102218071719605211900331167164
02013042606112010103079062715604711560315158157
02013042606112010104003067116305081730335169166
02013042606112010104167067717205051730332166166
02013042606112010104314070018105191740345172173
02013042606112010106528068417705071710336167169
02013042606112010110013059916204371480289140149
02013042606112010110017058015104291470282141141
02013042606112010110124065316804851640321160161
02013042606122009102051065317004831660317161156
02013042606122009105643080120705942050389198191
02013042606122009106603078519605891920397198199
02013042606122010100056077919305861990387189198
02013042606122010100085065817104871660321166155
02013042606122010100360064917004791630316170146
02013042606122010101972079820605922000392200192
02013042606122010102444065616304931670326169157
02013042606122010103867067417305011720329167162
02013042606122010104425080120305982050393197196
02013042606122010104852071718305341780356179177
02013042606122011105301077119505761890387198189
02013042606132007102028061916704521450307148159
02013042606132007103990056416703971410256128128
02013042606132008101493060716704401540286138148
02013042606132009100687070418505191770342172170
02013042606132009106498086421906452140431214217
02013042606132009106773065617204841650319156163
02013042606132010102284068117005111710340169171
02013042606132010103931067716805091730336171165
02013042606132010104306068117005111720339169170
02013042606132010106438067816805101720338172166
02013042606142008105456066716605011700331166165
02013042606142008105572077018605841930391195196
02013042606142010101599068417905051730332166166
02013042606142010101771066417404901670323167156
02013042606142010103741065017104791680311157154
02013042606142010105413059915904401530287149138
02013042606142010106009066817704911690322163159
02013042606152006103029058514704381440294145149
02013042606152007100094065716404931710322163159
02013042606152007102588080219206101990411206205
02013042606152008100614065916304961720324162162
02013042606152008102071066917204971660331164167
02013042606152009105714058214704351470288146142
02013042606152010101782071119005211780343170173
02013042606152010103717058314504381460292145147
02013042606152010103897065916704921630329162167
02013042606152010104222064417904651670298153145
02013042606152010105422073519005451850360183177
02013042606152010109096065017004801650315164151
02013042606162007102803064816904791620317160157
02013042606162008101424067316505081660342170172
02013042606162009102779070618005261810345171174
02013042606162009103639067616505111650346171175
02013042606162010100505071717705401820358179179
02013042606162010100674068316605171700347174173
02013042606162010101191064817004781640314162152
02013042606162010101396066117604851720313159154
02013042606162010101869066817504931710322169153
02013042606162010102320067316205111660345172173
02013042606162011109126065617404821660316164152
02013042606162011109222066417404901710319166153
02013042606172008102828069517805171740343170173
02013042606172008103274063116904621590303156147
02013042606172008104087063616504711660305153152
02013042606172009103604053814303951320263131132
02013042606172010100307063916304761540322160162
02013042606172010100627069217805141720342169173
02013042606172010101144063816504731610312159153
02013042606172010101533068217505071760331172159
02013042606172010103689069217805141710343172171
02013042606172010103779069617405221700352172180
02013042606172010103930057714904281450283142141
02013042606172010104195063417104631500313152161
02013042606172010104418066016504951620333166167
02013042606172010109212068017305071750332166166
02013042606172010110039067116805031710332167165
02013042606182007104645066217304891680321159162
02013042606182010100046067117005011650336167169
02013042606182010100051066516704981650333167166
02013042606182010100519074918505641880376184192
02013042606182010100971070518905161840332170162
02013042606182010101910071520305121910321168153
02013042606182010102048070818705211910330168162
02013042606182010102082071819305251940331168163
02013042606182010102151068118105001680332165167
02013042606182010102181068316305201750345183162
02013042606182010102446071220305091890320168152
02013042606182010102985071519505201930327170157
02013042606182010103980067217005021710331170161
02013042606182010104989073719005471830364186178
02013042606182010109176069717005271760351175176
02013042606182010109237070617605301740356178178
02013042606182010110096069216005321590373183190
02013042606192006101222065716904881630325159166
02013042606192008101927065917204871610326165161
02013042606192008102454065317004831630320159161
02013042606192010101156066716904981720326171155
02013042606192010101749067117005011620339169170
02013042606192010102536073718805491890360181179
02013042606192010103083064517204731650308155153
02013042606192010103193065416704871660321163158
02013042606192010103403066217304891630326162164
02013042606192010104164065416304911670324164160
02013042606192010104351070018105191700349175174
02013042606192010105073066216105011710330171159
02013042606192010105300070319805051820323165158
02013042606192010105561069517505201720348173175
02013042606202007101163065916504941650329167162
02013042606202009104693069519804971720325163162
02013042606202010100942054214503971350262133129
02013042606202010101842069616805281700358171187
02013042606202010104082066316904941660328168160
02013042606202010104802068016705131640349165184
02013042606202010106079070917605331720361176185
02013042606202010106462064816304851610324161163
02013042606202011103802054614703991390260131129
02013042606202011104801054514603991380261131130
02013042606212007103866066616804981600338165173
02013042606212008103993065717504821620320159161
02013042606212009100382070819405141720342169173
02013042606212009101601069517905161730343171172
02013042606212009105192066716505021620340167173
02013042606212010100557066616704991670332168164
02013042606212010103149061216104511580293146147
02013042606212010103195065816404941620332165167
02013042606212010106004070918305261810345176169
02013042606222006101629069617305231800343178165
02013042606222007105563068317605071740333171162
02013042606222009100706068018104991660333165168
02013042606222009101596066317404891720317162155
02013042606222010103527066418004841620322155167
02013042606222010104777066116604951720323169154
02013042606222010106168068617505111760335170165
02013042606232006104462077819505831970386190196
02013042606232007101791064516304821700312158154
02013042606232008105767065215504971640333161172
02013042606232009100298066717004971610336166170
02013042606232009102606068617905071720335167168
02013042606232010102877065416104931680325164161
02013042606232010103701067516805071730334166168
02013042606232010103940066116604951670328167161
02013042606232010104172076720205651950370187183
02013042606232010106449071519505201950325166159
02013042606242009100330074118905521900362182180
02013042606242009100775075021305371910346177169
02013042606242010100969071418505291720357178179
02013042606242010101154070818205261780348180168
02013042606242010105426066817104971680329166163
02013042606242010106528065517004851630322164158
02013042606242010110124066616704991680331167164
02013042606252004106172067617704991710328165163
02013042606252009105643072218905331870346179167
02013042606252009106498080320505982020396203193
02013042606252009106603072018105391760363181182
02013042606252010100056070518605191770342172170
02013042606252010101972071018605241710353178175
02013042606252010102475073719205451870358179179
02013042606252010104314066217404881640324165159
02013042606252010104425073519105441820362180182
02013042606252010105363067317105021680334167167
02013042606252011105301067917705021720330170160
02013042606262008105572070416705371700367187180
02013042606262010100331065117604751660309153156
02013042606262010105575078521005752080367192175
02013042606272010104852070418805161720344168176
02013042606282010102284063715904781610317158159
02013042606282010103732091023106792250454228226
02013042606282010104306063816104771590318160158
02013042606302008106218075421205421870355169186
02013042606302010103034065316604871620325164161
02013042606312010110037084221106312170414212202
02013042606322010100955069416605281720356175181
02013042606342009106516066817804901670323160163
02013042606342010102535056914104281430285143142
02013042606342010103988056813604321450287146141
02013042606342010104416057113704341430291149142
02013042606342010106237057614004361460290147143
02013042606352004100790066117704841630321155166
02013042606352008100673073920405351940341174167
02013042606352008101808098524707382510487245242
02013042606352010104172070118105201790341171170
02013042606352010106343073620305331920341173168
02013042606362010104139074820505431820361183178
02013042606372010106479073518005551880367183184
02013042606382008101290068318005031690334164170
02013042606382008102262071118605251830342169173
02013042606382008109033065016404861640322159163
02013042606382009105643072218505371800357177180
02013042606382009106498071418805261740352176176
02013042606382009106603067717605011690332167165
02013042606382010100056074219005521870365185180
02013042606382010101972074519205531870366186180
02013042606382010104425071818705311790352176176
02013042606382010104930061915504641590305150155
02013042606392008100926068418005041660338167171
02013042606392008102924064816704811580323156167
02013042606392009104771079419106031920411198213
02013042606392010102782070217305291760353182171
02013042606392010104213066617304931670326165161
02013042606392010106409062516204631540309151158
02013042606402006103060070317505281780350178172
02013042606402006103082061113904721410331148183
02013042606402009106236071316805451820363185178
02013042606402010100156065616904871630324164160
02013042606402010101243064419304511570294149145
02013042606402010103725077019105791900389194195
02013042606402010105002073119305381730365178187
02013042606402010106334071717305441830361185176
02013042606412007100850071120305081730335166169
02013042606412008105124073420805261850341170171
02013042606412010100777073420805261840342175167
02013042606412010100901073520705281860342172170
02013042606412010101966083520306322080424215209
02013042606412010104408065817004881640324164160
02013042606422007106154069417605181760342173169
02013042606422008103674069418005141770337170167
02013042606422009100698069717805191740345175170
02013042606422009105734062116204591540305151154
02013042606422010101534062016104591540305152153
02013042606422010109106069317505181760342167175
02013042606432007105629067017504951690326162164
02013042606432008100123068817605121730339172167
02013042606432010102324066116804931670326160166
02013042606432011102924067816905091710338167171
02013042606452008104976064717204751670308158150
02013042606452010100034068318005031700333166167
02013042606452010100343064317404691600309155154
02013042606462008102865067917305061730333171162
02013042606462010103361067416905051690336170166
02013042606462010106598073919705421810361188173
02013042606482008100673070218905131770336170166
02013042606482008106354062215904631540309152157
02013042606482010100321066615505111650346170176
02013042606482010100867064816304851580327159168
02013042606482010101018062416004641540310147163
02013042606482010105012067318004931770316166150
02013042606482010105401068318105021810321161160
02013042606482010106343069718405131740339169170
02013042606482010110048067416805061700336173163
02013042606492008105827068818305051680337169168
02013042606492010100702068218105011610340167173
02013042606492010101833069817505231790344174170
02013042606492010103009072518505401810359182177
02013042606492010105803071218105311860345176169
02013042606502004100790061716004571580299147152
02013042606502008101467066416105031640339167172
02013042606502008101849062317504481600288146142
02013042606502010100186074218205601870373192181
02013042606502010100552072219805241730351172179
02013042606502010104550071919405251730352173179
02013042606522007100850054414603981360262137125
02013042606522010101243056915504141380276141135
02013042606522010106479065016004901600330162168
02013042606532008102524060316004431480295148147
02013042606532010103358069016205281710357179178
02013042606542008100926065617204841610323163160
02013042606542010100417068616605201820338169169
02013042606542010101966084722006272090418208210
02013042606542010102782068117605051720333166167
02013042606552008102262068917805111790332169163
02013042606552010103024071418705271780349176173
02013042606562008105124070820205061840322167155
02013042606562009106236071318005331760357180177
02013042606562010100777070820505031830320165155
02013042606562010106334071518205331720361182179
02013042606572008100123063916604731630310158152
02013042606582006105366066117204891710318161157
02013042606582007102364065616304931590334163171
02013042606582008101677076520405611930368182186
02013042606592008103075083921306262110415207208
02013042606592009106051064716404831620321162159
02013042607002007105629060615904471560291142149
02013042607002008102865064916604831620321161160
02013042607002010100034065817004881660322162160
02013042607002010103361067216005121660346174172
02013042607012007103152079819806002040396200196
02013042607012009103004087423806362230413212201
02013042607012010103016077818905891890400198202
02013042607022008102525087823506432220421213208
02013042607022010101531067717705001670333171162
02013042607032007104601068617605101710339171168
02013042607032010103369069717205251690356178178
02013042607032010104760067516505101660344171173
02013042607032010105401065917604831670316160156
02013042607042010103615072717005571730384188196
02013042607062010100772064616404821610321160161
02013042607062010104349064516104841660318170148
02013042607072010102182071018605241840340166174
02013042607292006106144060816304451560289144145
02013042607292009102883062216904531610292146146
02013042607292009105298059915904400000000000144
02013042607292009106438062416904551640291145146
02013042607292010103016071917805411760365182183
02013042607302007103152070617805281690359177182
02013042607302007104601069118205091730336169167
02013042607302008102525075119005611880373185188
02013042607302008103075074518705581810377193184
02013042607302008103313072518205431820361181180
02013042607302009103004081719306241990425220205
02013042607302010102182059116204291450284142142
02013042607302010103369070618005261780348175173
02013042607302010103448069116505261740352179173
02013042607312009102125059615504411490292153139
02013042607312010100435070018305171690348176172
02013042607312010101565070619705091780331167164
02013042607322007104730069517605191720347175172
02013042607322008103806066617904871720315157158
02013042607322010106600066217804841700314157157
02013042607342005110005062116004611510310152158
02013042607352010103966058715104361450291145146
02013042607362009103696055615703991410258130128
02013042607362009105745067117904921700322159163
02013042607362010105672075418705671870380190190
02013042607372009103515059015704331530280142138
02013042607372010110088055416303911350256131125
02013042607382005106572069218505071670340166174
02013042607382010101633075019005601860374189185
02013042607412010102330078620605801920388192196
02013042607412010104465073019005401830357185172
02013042607422008102525070018705131750338170168
02013042607422008103075071617705391750364184180
02013042607422009104270076318905741860388190198
02013042607422010103016068817205161690347173174
02013042607432007103152070318005231690354176178
02013042607432007103790057916804111470264137127
02013042607432009101394060815704511520299155144
02013042607432009105298053213703951380257124133
02013042607432010104270060915904501530297150147
02013042607442009106599066917704921690323166157
02013042607442010101797066317204911650326163163
02013042607462008103313070718005271760351174177
02013042607462010103448069517805171680349172177
02013042607472010101954069717405231770346176170
02013042607492008105876065317004831660317162155
02013042607522005110150068517405111770334170164
02013042607532010100822067817705011650336162174
02013042607552005106519072718405431800363178185
02013042607552010103047073017905511810370183187
02013042607562008105285062315404691560313157156
02013042608032010109163066817704911590332165167
02013042608052008100663074218805541900364183181
02013042608052010105090074619705491900359181178
02013042608052010106442069117205191710348174174
02013042608062010100484076522205431990344176168
02013042608062010105659070417105331720361179182
02013042608072007102673060415604481500298149149
02013042608072010103047065218004721650307157150
02013042608112005106519069517605191720347171176
02013042608122007104247070318105221730349173176
02013042608122008105285064315204911630328161167
02013042608142010100290063616604701580312160152
02013042608152008105466064115804831530330159171
02013042608152010103480067218104911690322161161
02013042608182005106738065416704871620325164161
02013042608182008106104065315904941630331164167
02013042608182009100084065816504931620331162169
02013042608182009100434070517205331780355178177
02013042608182010100336069817605221780344175169
02013042608182010101541066516804971680329164165
02013042608182010103286074119505461830363182181
02013042608182010103800070317105321740358181177
02013042608182010105938075219505571780379183196
02013042608182010106017070419705071700337170167
02013042608182010106451064316804751550320153167
02013042608182010106496065718204751610314161153
02013042608182010109068074619205541790375186189
02013042608182011100125072720205251810344170174
02013042608192011101356069618605101720338169169
02013042608192011102104067716905081700338169169
02013042608192011102922069718105161740342170172
02013042608202008104297068917205171740343174169
02013042608202010100484063816904691590310153157
02013042608202010101491069417705171790338170168
02013042608212008100663066818304851640321146175
02013042608212009106449068917805111660345171174
02013042608212010103357071217805341720362179183
02013042608212010104146073119205391790360180180
02013042608212010104470074218305591850374189185
02013042608212010105090068217905031650338164174
02013042608212010105343069718805091770332166166
02013042608222007103137070418605181750343173170
02013042608222008103006071218005321840348174174
02013042608222010100383067518004951700325164161
02013042608222010101947069517305221770345171174
02013042608222010103506067716605111640347174173
02013042608222010103845069917705221760346175171
02013042608222010103891069317305201680352173179
02013042608222011105399068618205041700334164170
02013042608232009101261068718205051680337168169
02013042608232009103253061017104391520287142145
02013042608232010101208063516604691590310154156
02013042608232010101280070518405211760345179166
02013042608232010102112070618705191820337166171
02013042608232010103944063317004631580305154151
02013042608232011104381063816504731550318163155
02013042608242007101245070917605331750358177181
02013042608242010102416071918305361780358179179
02013042608242010103373071517905361790357179178
02013042608242010105728071517405411780363177186
02013042608252007102182070719305141690345165180
02013042608452007102496058716004271490278143135
02013042608452009102941069718005171760341174167
02013042608452010101157062215204701480322163159
02013042608462006100925067616805081650343168175
02013042608462007101245065216604861610325161164
02013042608462008104310064216004821620320158162
02013042608462008106388079521305821930389197192
02013042608462009100703069517905161740342170172
02013042608462009105874066516205031630340173167
02013042608462010101647066716005071660341165176
02013042608462010103105071817705411740367179188
02013042608462010104185078120705742020372189183
02013042608462010105191069718005171760341170171
02013042608462010105493067116905021690333166167
02013042608472006100541068317005131750338170168
02013042608472008102935069618105151760339173166
02013042608472008103319068417205121700342172170
02013042608472008106606068417705071690338168170
02013042608472010100227067617405021670335168167
02013042608472010101165074618405621950367187180
02013042608472010101435069217905131730340173167
02013042608472010102416068816905191740345161184
02013042608472010102427063316704661560310150160
02013042608472010103979064616504811520329160169
02013042608472010104146066017104891660323166157
02013042608472010104681068817105171670350173177
02013042608472010105343059717104261540272141131
02013042608472010105957068317305101710339172167
02013042608472010106618068317305101700340172168
02013042608482006104831071818605321790353176177
02013042608482007105211069217505171770340174166
02013042608482008103126069017205181720346170176
02013042608482008104268071218405281830345173172
02013042608482008105857070418005241810343172171
02013042608482009105878071117905321750357178179
02013042608482010100286072119005311870344174170
02013042608482010100383064116804731670306156150
02013042608482010100616068817205161720344169175
02013042608482010102341070617205341760358182176
02013042608482010103177070517705281790349173176
02013042608482010103506063915804811580323159164
02013042608482010105128070918505241770347173174
02013042608482010105281070017005301770353180173
02013042608482010105351068016705131750338174164
02013042608482010105969072519205331810352174178
02013042608482011100669071018505251820343173170
02013042608482011103785067317205011780323160163
02013042608482011103980067217205001760324163161
02013042608482011105399064517004751650310162148
02013042608492009100144062716804591590300147153
02013042608492009100434070318105221660356178178
02013042608492009106304067917405051730332167165
02013042608492010101329063417104631590304155149
02013042608492010103800070018305171660351171180
02013042608492010104233063716904681590309157152
02013042608492010104795072517905461780368185183
02013042608492010106531067117404971660331169162
02013042608492011103422072517905461770369187182
02013042608502008103322073917805611780383184199
02013042608502008105668070717805291740355175180
02013042608502009100368075518405711860385191194
02013042608502009105930074018005601780382186196
02013042608502010100771074918205671830384188196
02013042608502010103286074119105501930357184173
02013042608502010105938073718705501880362187175
02013042608502010109068075618305731860387198189
02013042608512008101165095524807072380469236233
02013042608512008105882068018204981700328166162
02013042608512009106876069818505131740339171168
02013042608512010101556067917805011660335172163
02013042608512010101990061115504561520304153151
02013042608512010103379068117605051700335165170
02013042608512010104946074319205511830368180188
02013042608512010105117074519505501790371187184
02013042608522007100100059716204351580277138139
02013042608522008104899062816304651570308153155
02013042608522009101662070417905251750350175175
02013042608522010100992059315504381500288149139
02013042608522010102555065617304831600323163160
02013042608522010103237069618205141720342169173
02013042608522010105656070718205251720353177176
02013042608522010105866070617205341780356173183
02013042608522010110046071916905501730377190187
02013042608522011103946070418605181730345174171
02013042608532008103016063615404821580324162162
02013042608532009100183066416804961660330166164
02013042608532010105568065617804781690309154155
02013042608532010106190061916104581510307146161
02013042608532010106477067117704941650329159170
02013042608532011101678068517905061670339165174
02013042608542007102727067617305031620341166175
02013042608542010101468065716804891650324164160
02013042608542010101708073818405541800374184190
02013042608542010102773068417205121690343168175
02013042608542010103834072517405511740377182195
02013042608542010104366065916904901610329166163
02013042608542010104404065816704911670324163161
02013042608542011109119085021306372130424218206
02013042608552006105899081421705971910406199207
02013042608552009102183063816504731580315157158
02013042608552010105003070219705051760329164165
02013042608552010105447066216804941650329164165
02013042608552010106338067517205031640339169170
02013042608552010106523070318405191780341172169
02013042608562009100794060015004501450305150155
02013042608562010100460066217204901630327162165
02013042608562010102152075819805601920368184184
02013042608562010106229068218404981690329164165
02013042608562011104589075819905591900369183186
02013042608572006106689098929306962600436238198
02013042608572007104812060214904531420311151160
02013042608572008104153059615504411460295143152
02013042608572009102678064717104761680308160148
02013042608572010105137068216405181650353173180
02013042608572010106067072219005321850347172175
02013042608582010102040068617505111620349171178
02013042608582010105369063516804671550312156156
02013042608592006110097065717004871660321161160
02013042608592009103630058914004491450304145159
02013042608592010102638069018205081760332171161
02013042608592010102663067917905001710329168161
02013042608592010103230064316104821540328164164
02013042608592010103776072618605401740366173193
02013042608592010104093071418205321730359178181
02013042609002007104556065817304851660319163156
02013042609002008102640073118805431830360179181
02013042609002009100754066418604781610317158159
02013042609002009103897066316804951670328163165
02013042609002010100284066917304961680328166162
02013042609002010100887065717304841660318164154
02013042609002010103703064417004741630311153158
02013042609002010104936064816804801640316167149
02013042609012007104213065316104921620330167163
02013042609012008106728064615504911540337163174
02013042609012009100703062416404601580302153149
02013042609012010100964063517604591580301156145
02013042609012010104401068717405131660347178169
02013042609012010105019066416804961640332165167
02013042609022008102827068318105021720330165165
02013042609022008106606064417704671610306150156
02013042609022009103131074318905541910363176187
02013042609022009105874066416704971700327163164
02013042609022010101165070418005241700354184170
02013042609022010102068064816904791660313157156
02013042609022010102273074719905481850363184179
02013042609022010103571067717405031710332166166
02013042609032008102935066916705021680334172162
02013042609032008103126067217904931740319161158
02013042609032008103319066016104991680331170161
02013042609032008104268070118505161780338169169
02013042609032010100286070518705181820336166170
02013042609032010100616067517904961740322161161
02013042609032010101435066816904991690330167163
02013042609032010101706078219505871860401199202
02013042609032010102341070517605291750354179175
02013042609032010103177070418605181770341172169
02013042609032010105281069516705281720356177179
02013042609032010105969070618805181800338167171
02013042609032010106618066316305001700330169161
02013042609042006104831051714203751250250123127
02013042609042009100368062916204671530314154160
02013042609042009104159068317105121700342173169
02013042609042010100771063016204681540314151163
02013042609042010103731073117405571780379189190
02013042609042010104795072117805431750368181187
02013042609042011103422071817705411730368182186
02013042609052007104928067918204971640333168165
02013042609052008102961062216304591490310147163
02013042609052009100374064217604661590307157150
02013042609052010104681067717305041660338167171
02013042609062009102015065617504811640317153164
02013042609062009105327065617604801610319155164
02013042609062009106152059100000000000289145144
02013042609062010103379065817104871650322159163
02013042609062010105117066717504921650327168159
02013042609072008101165073018605441830361176185
02013042609072008105882060515404511450306148158
02013042609072010103237066916705021630339169170
02013042609072010103677071419105231830340177163
02013042609072010104946070817605321710361174187
02013042609082009103716078219905831940389197192
02013042609082010101708069318605071820325166159
02013042609082010101759065816704911620329164165
02013042609082010101971080020605941960398197201
02013042609092006102822075818705711870384196188
02013042609092007106214056916104081520256131125
02013042609092008102522079620305932060387198189
02013042609092010101468063816404741630311158153
02013042609092010101970078919505942030391197194
02013042609092010102849070818905191750344175169
02013042609092010104366063816604721640308154154
02013042609092010104404063916304761650311157154
02013042609092010105347074018905511790372188184
02013042609102007102905080820406042020402201201
02013042609102010102773066016404961600336165171
02013042609102010105447062716404631510312155157
02013042609102010106338065916804911630328162166
02013042609102010110053082721406132090404207197
02013042609112006102165052914303861330253126127
02013042609112007100241064118004611610300148152
02013042609132009101027066116704941630331164167
02013042609132010103885065516304921620330161169
02013042609132010104187068417005141680346175171
02013042609142011101136065916204971620335169166
02013042609142011103931065215304991600339168171
02013042609142011104733063515804771520325161164
02013042609152005105406062215904631530310151159
02013042609152007102734055713904181380280141139
02013042609152008100516054913804111360275138137
02013042609152008102829055813704211370284141143
02013042609152010102582069718505121750337169168
02013042609152010106416065817204861630323161162
02013042609152011103815065917304861630323161162
02013042609172007104213068017105091720337170167
02013042609172008102827065916604931720321160161
02013042609172010101587071219005221770345172173
02013042609172010104401065716904881720316163153
02013042609182008100656075620405521890363189174
02013042609192010106165071319205211740347173174
02013042609202009103716070318605171770340174166
02013042609202010101971073918505541790375186189
02013042609202010106287067817605021700332164168
02013042609202011102802068117605051720333167166
02013042609212006101987070517905261780348174174
02013042609212010100164077120605651920373188185
02013042609212010101876075519605591870372188184
02013042609212010102008067617605001730327162165
02013042609212010104108068917605131710342170172
02013042609212010104570068617505111710340169171
02013042609222006102822069718005171750342172170
02013042609222008102522070718805191750344175169
02013042609222010101970071518105341780356180176
02013042609222010105347070819805101770333161172
02013042609232007102905073119205391840355178177
02013042609242007102333071717505421680374176198
02013042609242010110053073819305451810364187177
02013042609262009102505082020506151980417201216
02013042609262009104575069517805171750342171171
02013042609262009105725070518205231750348176172
02013042609262009106345069317905141750339169170
02013042609262010102582073919705421850357184173
02013042609262010103873068917805111750336169167
02013042609272009101027058415204321440288143145
02013042609272010100892074118505561820374186188
02013042609272010101373071918205371830354184170
02013042609272010103885057815204261420284138146
02013042609282005105406050913203771240253122131
02013042609302007101710071418005341740360175185
02013042609302009105442062416504591570302154148
02013042609312006103127060715804491520297149148
02013042609312006105511061815704611530308151157
02013042609312009103341067217404981640334163171
02013042609312010102047074119005511850366184182
02013042609312010102235074119205491880361182179
02013042609312010106506074219305491850364184180
02013042609322007102237062316304601530307150157
02013042609322008106245064916404851570328161167
02013042609322009103716069316605271690358187171
02013042609322010101971073618505511740377187190
02013042609332008100079068518505001780322167155
02013042609332009105993067917605031690334170164
02013042609342007101500069518305121730339169170
02013042609342008102995065015604941540340166174
02013042609342010109135069618205141700344173171
02013042609352006102822066916505041630341170171
02013042609352008102522069217705151740341174167
02013042609352010101970071018705231800343169174
02013042609362006101987066516904961690327162165
02013042609362007102905072017905411780363184179
02013042609362010102008066617204941660328162166
02013042609362010104108069318205111670344168176
02013042609362010104570066517204931670326164162
02013042609372010110053070317905241750349175174
02013042609382010103681068017705031790324179145
02013042609402009110026072219505271800347177170
02013042609462009103341065116904821650317158159
02013042609502007103968075018805621880374187187
02013042609502010102720073619005461790367183184
02013042609512010103525068216605161610355168187
02013042609572006101658074921405351920343177166
02013042610032007103968071717705401760364180184
02013042610032010102720069717805191710348174174
02013042610042010103525063915704821460336155181
