12006061002582002100699079423505592010358180178
12006061003002002109038084022606142090405207198
12006061003012001102223000000005521890363184179
12006061003012001110211079120905821950387195192
12006061003012002100727074322005231860337171166
12006061003012002103968069618605101680342172170
12006061003012003104905080020805921960396200196
12006061003012003106291074218905531820371189182
12006061003022003105760072019505251750350176174
12006061003032002106550084723106162180398201197
12006061003032003105190071618005361730363178185
12006061003032004104431085222006322110421206215
12006061003032004105845084921706322110421205216
12006061003042001100385051913803811230258125133
12006061003042003103029071919005291840345183162
12006061003051999102672074619205541890365187178
12006061003052003101234082820606222140408206202
12006061003062003102750086124806132120401204197
12006061003062003106096059416104331510282140142
12006061003062003110051075619505611820379198181
12006061003062004100737074120705341820352175177
12006061003062004101085054313904041280276131145
12006061003062004104205053913904001270273130143
12006061003062004110072074818805601840376198178
12006061003072003101988080221805842060378191187
12006061003072004101501079320805851950390198192
12006061003072004101957079120705841950389198191
12006061003082001100377067221004621790283152131
12006061003082002100288072920305261790347175172
12006061003082003101347068418604981680330166164
12006061003082004101722068018204981680330166164
12006061003082004101825071618005361710365183182
12006061003082004103418000018300001720000183000
12006061003091998101849073219905331850348177171
12006061003092002102724075518605691820387191196
12006061003092002106706075218305691830386190196
12006061003092003102032072220805141740340167173
12006061003092003103948088723206552330422210212
12006061003102001103435071717505421780364185179
12006061003102002107509084821706312090422211211
12006061003102003100616072617805481770371185186
12006061003102003106349000000000000000000000000
12006061003112003101923077520505701960374195179
12006061003112003102724075419905551880367183184
12006061003112003105574092626606602220438225213
12006061003112003106105082721706102060404206198
12006061003112004101990074119305481810367183184
12006061003112004101994077120205691930376189187
12006061003112004103175077220305691920377190187
12006061003122001101125074119305481810367182185
12006061003122004100766075118905621900372188184
12006061003122004106708075018805621910371188183
12006061003132003102742069218005121650347170177
12006061003132003104828066216804941620332168164
12006061003132003104883071118705241840340177163
12006061003132003107101075720205551860369180189
12006061003132003110129066517404911630328165163
12006061003132004102498083321706162040412209203
12006061003132004106968083321806152020413209204
12006061003142003100640060116304381500288148140
12006061003152001105778079520605891940395200195
12006061003162001103241054014703931330260134126
12006061003162002101270078022005601950365186179
12006061003162002103460076520005651890376188188
12006061003162003107389082321506082020406210196
12006061003172003100546074818805601800380189191
12006061003172003103029056715604111470264139125
12006061003172003106335071818805301840346183163
12006061003172004102145068317105121630349173176
12006061003172004103145068617305131640349173176
12006061003172004103154074720905381800358177181
12006061003172004105818074120305381800358177181
12006061003182001100707076219605661890377188189
12006061003182003110094073218105511770374186188
12006061003182004104431075018205681830385189196
12006061003182004105845074818005681830385189196
12006061003192001103100076621405521880364188176
12006061003192003101234070719305141770337176161
12006061003202002102679079620005961930403202201
12006061003202003103061071818705311780353178175
12006061003202004101749071818705311780353177176
12006061003202004103996084723306142090405209196
12006061003212001100652073519305421730369189180
12006061003212003102032071319405191740345174171
12006061003212003102750073220005321790353179174
12006061003212003110051070017505251710354186168
12006061003212004110072069517005251710354185169
12006061003222000101573079020705831990384000000
12006061003232002107509086122206392140425214211
12006061003232003101923074319705461870359182177
12006061003232003106105072819405341750359185174
12006061003242001105506073417405601820378190188
12006061003242002106059073018205481820366182184
12006061003242003102248072918005491820367187180
12006061003242003106206069117705141680346173173
12006061003242004101940068416905151680347172175
12006061003252000110202055715604011300271134137
12006061003252002105906073120305281790349177172
12006061003252003105574072920305261840342174168
12006061003252003106248069818505131700343168175
12006061003252004101089069321804752080267145122
12006061003252004104458069223304592070252129123
12006061003252004110050068723304542070247128119
12006061003252004110052069322004732070266145121
12006061003261999106409081023705732000373192181
12006061003262002103124071917205471780369182187
12006061003262002107326072521105141780336170166
12006061003262003105438072118205391860353178175
12006061003262003105601069617405221700352171181
12006061003262003110022070218005221750347174173
12006061003262004103461071919405251730352176176
12006061003262004104733071519005251730352175177
12006061003271999104764077519805771890388195193
12006061003272003102278075519805571830374185189
12006061003282004100766072118805331770356174182
12006061003282004102498072118905321760356174182
12006061003282004106968072318905341750359175184
12006061003292000100380000021800001980000191000
12006061003292001104834076420605581900368189179
12006061003292002102673075419005641820382189193
12006061003292003102993070618705191750344174170
12006061003292003107101070019505051780327168159
12006061003301998103479060616104451460299147152
12006061003302000104758058915804311450286143143
12006061003302001104227067016405061630343169174
12006061003302003102101070318405191680351172179
12006061003302003105704070818805201730347176171
12006061003312001100833073220005321840348177171
12006061003312002100573077921605631930370187183
12006061003312003102668071218505271760351176175
12006061003322001103072076822705411910350184166
12006061003322001103392073321605171820335174161
12006061003322001103443070700000000000327175152
12006061003322001110021063318904441620282151131
12006061003322002101006079724805492080341183158
12006061003322003106501079124005512090342181161
12006061003332002102674074219105511830368183185
12006061003342002109453080121005912000391198193
12006061003342003100050079221305792030376201175
12006061003342003102851073318705461780368190178
12006061003342003103877072219805241720352179173
12006061003342003104255071118205291770352175177
12006061003342003104724074420405401840356175181
12006061003342003105195070617905271750352176176
12006061003342003106097076920405651870378186192
12006061003342003106371076818805801910389190199
12006061003342004106468070417805261760350172178
12006061003352003103270075719705601940366186180
12006061003352003103871070119105101740336172164
12006061003352003110053071617005461720374185189
12006061003382002105906062517404511530298148150
12006061003392000102788077520405711970374192182
12006061003392002102272069418505091680341168173
12006061003392002102859059916404351520283147136
12006061003392002107326064317004731610312157155
12006061003392003104004068017805021700332164168
12006061003392003104366079220905831920391195196
12006061003392003106248064617204741570317162155
12006061003392003106845080020305971930404197207
12006061003392003109445060116604351520283147136
12006061003402000102386073918405551740381185196
12006061003402001103454076019605641830381189192
12006061003402004103421085521406412100431220211
12006061003422002106817083824805901990391195196
12006061003422003102858082420506192000419206213
12006061003432002109034082123705842040380201179
12006061003442001100833066700000000000324166158
12006061003442003103835072519605291810348174174
12006061003452001107508074319105521860366190176
12006061003452002103163071717305441760368186182
12006061003462001105156079321205811980383200183
12006061003462002107595076120105601910369193176
12006061003462004101364077820705711980373197176
12006061003472003105614073819705411860355179176
12006061003482001103193069117605151730342168174
12006061003482002102283076219105711850386194192
12006061003482002110065073019005401800360181179
12006061003482004100582066816705011630338167171
12006061003482004106737066617304931670326164162
12006061003492001103358000017900001740000190000
12006061003492004100067067017804921590333164169
12006061003492004100502070218205201700350173177
12006061003502003106267072717905481820366185181
12006061003502004101730075818905691880381186195
12006061003502004102251075118905621810381189192
12006061003502004102333066816805001650335166169
12006061003502004103214072118205391760363174189
12006061003502004104384065716704901630327163164
12006061003502004104539074019005501780372182190
12006061003502004109279076919305761870389191198
12006061003511999101279071618605301810349183166
12006061003512003102613070017605241680356172184
12006061003522000103344067316105121570355174181
12006061003522002100477070018305171720345177168
12006061003522002103149069317405191650354173181
12006061003522003101654080223705652040361185176
12006061003522004103577066316105021610341172169
12006061003532001106642085322706262160410210200
12006061003532003102921074820005481880360181179
12006061003542001103479070821104971720325164161
12006061003542003103814073819405441890355183172
12006061003542003104387071918905301770353178175
12006061003542003104446072120605151790336172164
12006061003552002109475076720105661850381194187
12006061003562000104319069917705221760346169177
12006061003562002106707067317604971590338170168
12006061003562002106817000022700001810000000000
12006061003562003102858072218605361760360180180
12006061003562003103716069417205221690353174179
12006061003562003105891093223007022390463247216
12006061003571999106711069318005131680345174171
12006061003572002100613068117005111620349170179
12006061003572004104134081820306152030412209203
12006061003582003102112067718204951670328168160
12006061003582003102820073219705351840351182169
12006061003582003104182067018804821630319161158
12006061003592001103350062415604681530315157158
12006061003592001107508059015504351520283152131
12006061003592003100334079220105912040387205182
12006061003592003109037057515904161440272135137
12006061004002002102194068618904971650332167165
12006061004002003102398083122206092100399207192
12006061004002003103007072719105361860350178172
12006061004002003110020058916504241440280144136
12006061004002004105467076819105771870390195195
12006061004012003100211065318304701750295156139
12006061004022002102283074618005661880378190188
12006061004042001107831074419405501860364179185
12006061004042002100852062117504461550291147144
12006061004042003101152064215204901560334165169
12006061004042004100276075718805691870382185197
12006061004042004100502074719505521830369187182
12006061004042004100669076318905741890385189196
12006061004042004102426076818905791900389191198
12006061004052002102126074319205511830368181187
12006061004052003102965063615404821550327160167
12006061004062001110027073120105301900340182158
12006061004062003100027073821105271800347167180
12006061004062003102826062816404641510313153160
12006061004062003102916070619205141740340170170
12006061004062003103047070419605081710337169168
12006061004062003105753071418605281700358178180
12006061004062003106267075118105701880382193189
12006061004072001102437076120205591860373186187
12006061004072001106642076020105591850374187187
12006061004081999105929074719505521890363185178
12006061004082002103277071920505141960318171147
12006061004092003106813074419805461850361184177
12006061004101999102139073020605241800344173171
12006061004102000103579070617105351640371179192
12006061004102001105319077119805731880385194191
12006061004102004104071069817605221710351174177
12006061004102004104385069917505241720352174178
12006061004112002100614074617905671810386189197
12006061004112003104589077219905731880385191194
12006061004112003104802076519505701890381189192
12006061004122002104388070217905231780345174171
12006061004122002105988073920105381880350179171
12006061004132002101892091423006842220462231231
12006061004132002102676073720105361780358175183
12006061004132002104609089323906542260428220208
12006061004132002105565071419505191800339173166
12006061004132003101735083622106152050410215195
12006061004132003104122073518705481840364185179
12006061004132003104873083123505962070389200189
12006061004141999106842069518305121730339172167
12006061004142001101705075019505551800375189186
12006061004142003102295072618305430000000000187
12006061004142003102737072718405431760367180187
12006061004142003110076072217905431740369181188
12006061004152004105467073818405541810373188185
12006061004162003106939078721605711890382193189
12006061004182003106788081621606002060394198196
12006061004182004100669064416304811570324159165
12006061004182004102426064316404791560323159164
12006061004182004109043065616204941610333169164
12006061004192001107831071418305311780353177176
12006061004192003102905068817005181650353177176
12006061004192003105753074019205481790369186183
12006061004192003110084067619004861580328163165
12006061004202003100828070418705171710346174172
12006061004212002102126074319205511830368184184
12006061004212004100777080122205791960383196187
12006061004212004100856074620205441760368186182
12006061004212004103649077619805781900388200188
12006061004212004110056078121605652020363186177
12006061004222003106486084124605952090386200186
12006061004231999101475070918105281760352179173
12006061004232000101466071719005271770350179171
12006061004232002104214079118906021990403198205
12006061004232002107643086222306392060433215218
12006061004232003101722072219805241770347172175
12006061004242001109047077520805671930374191183
12006061004242003104281078920905801940386194192
12006061004261999107003071617605401760364184180
12006061004262001100535075424705071770330168162
12006061004262001100753086724706202200400211189
12006061004272000103576068216905131660347169178
12006061004272002100832066816904991610338163175
12006061004272003100174071217205401720368176192
12006061004272003102295064717204751610314157157
12006061004272003102737064817104771620315156159
12006061004272003104873000020800001850000177000
12006061004281999103092066618704791640315160155
12006061004282001101705070019405061690337164173
12006061004282002104609079722405731930380194186
12006061004292001106161072818805401800360182178
12006061004292003102840066900000000000000000173
12006061004322003106788070318105221770345173172
12006061004342003102276065116604851600325160165
12006061004352003106486072120005211820339169170
12006061004362002100093071319805151770338173165
12006061004362002103902075019705531860367185182
12006061004362002109032074118305581760382186196
12006061004362003101694069516805271690358179179
12006061004362003101812070718205251790346172174
12006061004372001109047072417705471820365187178
12006061004372003100426070619305131760337173164
12006061004412003102375073219105411780363180183
12006061004432001106161071318005331830350179171
12006061004432003101740069516705281720356179177
12006061004442002102172076220805541870367187180
12006061004452004103861071116605451660379188191
12006061004452004106699071216505471670380188192
12006061004472003100360069018205081730335171164
12006061004492002104391068620004861640322000000
12006061004502002109032069317605171760341175166
12006061004502003101812066517104941700324166158
12006061004512001104928085222606262080418210208
12006061004532002103621081020906011960405202203
12006061004532003105338096427506892410448229219
12006061004552001102442073518305521780374188186
12006061004562003104250065917704821670315000000
12006061004562004100686065817304851640321164157
12006061004562004102860066117504861640322164158
12006061004562004102909066117904821670315161154
12006061004572002102172070218605161710345173172
12006061004582002103216071020705031770326162164
12006061005002002107209070218305191730346175171
12006061005011999106893073517305621820380188192
12006061005012000106609075618905671880379189190
12006061005012003100590080020006002010399198201
12006061005022000105073076119005711900381193188
12006061005022001104248070616805381690369178191
12006061005022003102146071718205351700365182183
12006061005022003106498079920705922000392199193
12006061005032003102299081122205891980391196195
12006061005032003106499000014900001280000134000
12006061005032003109117080320705961970399201198
12006061005032004104285069918805111690342172170
12006061005032004105025070318905141710343000000
12006061005032004109156077019505751880387192195
12006061005042003102758070519305121740338171167
12006061005042003110018071817605421790363182181
12006061005052003102249082122305982060392200192
12006061005052003106631069918205171820335178157
12006061005062003102022072218605361790357182175
12006061005062004104231070517805271720355182173
12006061005072003102053069318105121730339173166
12006061005082001102442050813403741250249124125
12006061005092003101777070317005331720361179182
12006061005092003102118082722706002010399201198
12006061005092003103254079420405901970393198195
12006061005102003105356073318605471820365182183
12006061005102003107047075522105341800354171183
12006061005112000105531000000000000000336000000
12006061005112001110115068117305080000000000172
12006061005112003100163070818705211760345174171
12006061005132002101220069817905191720347174173
12006061005132002103816069418005141750339000000
12006061005142000101603089425206422350407215192
12006061005142002102982072519005351790356178178
12006061005142003103039065216704851560329165164
12006061005152002110200068218804941690325164161
12006061005152004106701069418205121710341174167
12006061005161999106893069417805161690347172175
12006061005162000103719075221005421820360179181
12006061005162000105073071518605291760353182171
12006061005162000106609070719105161720344174170
12006061005172001104248067514705281490379183196
12006061005172003102146063316104721540318161157
12006061005172003102299074222405181750343170173
12006061005172004104285065917304861570329162167
12006061005172004105025065716904881560332164168
12006061005182004109156070618305231760347174173
12006061005192002110075070419705071730334167167
12006061005212003104488072120305181800338173165
12006061005221999102072075319005631980365188177
12006061005222003102118076119905621870375187188
12006061005231999102748080023305672060361188173
12006061005232002105257072918305461810365183182
12006061005232003103254071618505311820349173176
12006061005232003103773071419805161720344175169
12006061005241999106730077620705691940375198177
12006061005242002110173072320505181810337170167
12006061005262001102385080121205892020387196191
12006061005262002101220066817504931720321166155
12006061005262002102062076318705761870389194195
12006061005262002103816065117004811660315163152
12006061005282002104719079418906051890416204212
12006061005292000103719068618704991650334166168
12006061005292001103253070118105201760344175169
12006061005292003100652076118805731880385192193
12006061005292003105676072817705511840367182185
12006061005312003103470066918904801680312000000
12006061005322001106638066318204811680313155158
12006061005472000105294000000005280000000000170
12006061005472001105273069416705271770350177173
12006061005472003102640072519305321780354176178
12006061005472003110185066718404831730310160150
12006061005482000103173067919404851680317162155
12006061005482002100615000017400001600000162000
12006061005482002100978066118404771670310159151
12006061005482002110151068617005161740342175167
12006061005482003100122067917105081690339172167
12006061005482003100642070519005151720343176167
12006061005482003101411076020905511930358184174
12006061005482003102540069819005081840324000000
12006061005482003103397067919304861670319165154
12006061005482003103933076519105741860388193195
12006061005482003105754068116505161710345171174
12006061005482003110186067817305051660339167172
12006061005492001107097000000000000000000000146
12006061005492002103592066018004801620318162156
12006061005492003105526074520205431850358188170
12006061005492004102934063316504681600308157151
12006061005492004103426064300000000000309162147
12006061005501999104361065417004841610323162161
12006061005502002103241070118005211730348177171
12006061005502003105363072419105330000000000163
12006061005502003106424073117605551790376190186
12006061005502004100739068515605291660363179184
12006061005511999102069079522605691950374193181
12006061005522002100230073019305371760361182179
12006061005522002102925067517205031580345174171
12006061005522003100518071118005311700361176185
12006061005522003106113072018105391730366180186
12006061005522004105329067417704971550342161181
12006061005522004110039071019205181730345174171
12006061005532001100651069418405100000000000165
12006061005532001105155065717504820000000000157
12006061005532004100676063415204821550327159168
12006061005532004103588078920605831910392193199
12006061005532004103592079020605841890395195200
12006061005532004104238079021805721970375190185
12006061005532004110038066915705121590353171182
12006061005542000105379062017704431620281145136
12006061005542001104395065617104851610324159165
12006061005542002104175064816904791600319160159
12006061005542004103618080823505732120361186175
12006061005542004105791080923505742150359183176
12006061005552002100911069018405061710335172163
12006061005552003104172064516904761640312158154
12006061005562002102223071718005371780359177182
12006061005562003100093071318105321770355179176
12006061005562003104046071016905411730368180188
12006061005562003110023071118105301730357177180
12006061005562004104085069617005261690357174183
12006061005572002100851075819305651930372189183
12006061005572002100940073118805431760367184183
12006061005572002106597065000000000000000000000
12006061005572002110094079321005831950388196192
12006061005572003100496069818705111750336174162
12006061005572003101062067318404891750314162152
12006061005572003101738073519305421820360184176
12006061005572004100740069820004981710327174153
12006061005581999103691000000005131590354181173
12006061005582002100724067017704931650328165163
12006061005582002101898071219005221710351177174
12006061005582003100451071916605531690384195189
12006061005582003102904065916804911630328165163
12006061005582003103364073517605591760383189194
12006061005582003110090067017504951660329169160
12006061005592000100947068718105061680338170168
12006061005592000106605063016504651530312152160
12006061005592002100471072419505291810348181167
12006061005592002100816082422505991990400202198
12006061005592003100099062616804581660292156136
12006061005592003106211067917005091690340170170
12006061006002000104983073116905621890373189184
12006061006002002107254069517005251720353177176
12006061006002003102732077220305691980371191180
12006061006012000102538074618805581750383192191
12006061006012003103932064616604801650315163152
12006061006021999104111070617605301750355180175
12006061006022002106140071318105321790353177176
12006061006022003101796067017404961680328166162
12006061006022003102515064616504811560325160165
12006061006022003105754066817204961660330168162
12006061006022003106135066216904931660327165162
12006061006032003100734068617905071690338168170
12006061006032003101839066417504891580331167164
12006061006041998104123077622205542040350185165
12006061006042003102928077621905572030354191163
12006061006042003102985074118905521770375190185
12006061006042003104531064616204841570327161166
12006061006042003104685076622005462020344188156
12006061006042003110073079400000000000370196174
12006061006042004101427069117705141720342176166
12006061006042004102487061416204521500302153149
12006061006042004105261061216004521500302153149
12006061006052003101066072417705471830364182182
12006061006052003102004067617605001640336168168
12006061006052003110217068617405121640348172176
12006061006052004101467066815805101620348174174
12006061006062000107386073018905411810360182178
12006061006062001102858068117605051680337171166
12006061006062002103169066817204961690327165162
12006061006062002106012064016104791520327159168
12006061006062004110038071117805331650368179189
12006061006062004110039070218505171700347175172
12006061006071999107038070119005111790332173159
12006061006072002103205066118104801620318160158
12006061006072003101000066316205011680333162171
12006061006072003102311066317304901680322000000
12006061006072003102570063618504511620289150139
12006061006072004104383060715904481490299152147
12006061006082003101879066017404861640322161161
12006061006092000105277066419204721530319152167
12006061006092001103396065116604851560329162167
12006061006092003102185073518205531810372186186
12006061006092003104093073318605471780369184185
12006061006092003107257068100000000000331166165
12006061006101998100689072117305481760372184188
12006061006102003101156072618905371750362180182
12006061006102003102513064715904881580330161169
12006061006102003104046065716004971550342160182
12006061006112000105030070517705281710357178179
12006061006112000106533064916104881630325000000
12006061006112003103059070918205271800347176171
12006061006112004101365073418905451800365187178
12006061006112004109068074919405551780377190187
12006061006112004109197073519005451790366188178
12006061006122002100728066418304811720309152157
12006061006122002105936068717705101680342171171
12006061006122002106074060917504341470287141146
12006061006122002109122072619505311820349179170
12006061006122002110094077019805721890383192191
12006061006122003100451070717105361760360183177
12006061006122003110206069817305251780347178169
12006061006122003110222065817004881660322164158
12006061006122004103557072418805361820354176178
12006061006122004105576065316704861580328160168
12006061006122004106722072218505371830354177177
12006061006122004110019065616904871590328166162
12006061006122004110059065416004941590335167168
12006061006131999103691066017104891590330162168
12006061006132000100947070618505211750346176170
12006061006132001103038065417304811620319160159
12006061006132003100654071319505181800338175163
12006061006132003105148068617905071700337175162
12006061006132003109433000018700000000000000000
12006061006142002110010057014504251390286140146
12006061006142003100349068918105081800328169159
12006061006142003100723071817805401760364182182
12006061006142003100865060416304411410300146154
12006061006142003104941064417104731570316159157
12006061006142003105913072800000000000360000000
12006061006142003109181068717405131690344179165
12006061006142003110002071518705281810347179168
12006061006142004101075073518805471830364187177
12006061006142004102233073418805461820364188176
12006061006142004102925076119105701890381193188
12006061006142004104184072417705471790368187181
12006061006152000110026055115104000000000000136
12006061006152002105358055414304111390272138134
12006061006152002106044069818805101740336174162
12006061006152003104952067618004961640332160172
12006061006152004103864066717404931660327159168
12006061006162003100913068017405061630343173170
12006061006162003101895068517205131720341176165
12006061006162003102003067717904981620336168168
12006061006162003103121068317105121640348172176
12006061006162003107460069417605181650353176177
12006061006162004103791073219405381770361179182
12006061006172001101394072019405261840342176166
12006061006172002102105062317504481570291152139
12006061006172002103310074420105431850358184174
12006061006172002105363065017004801600320162158
12006061006172002105971076119405671830384190194
12006061006172003102093074519105541870367187180
12006061006172003106691076318905741820392191201
12006061006172004109071074519105541860368187181
12006061006192003103584063717304641610303155148
12006061006192004104455079719506021940408207201
12006061006192004104999073819405441820362184178
12006061006192004106820073618305531750378189189
12006061006202000101838070318305201740346176170
12006061006202003107215069817605221700352177175
12006061006211998100689056114604151410274136138
12006061006212003100179066517604891670322164158
12006061006212003105699064518404611590302151151
12006061006212003107255069018705031620341175166
12006061006222000103018070218205201740346177169
12006061006222003102532060115304481450303151152
12006061006222003105210070418405201750345173172
12006061006232000101561078123105501890361185176
12006061006232003102857075718905681800388191197
12006061006242000102363061817904391680271142129
12006061006252003102533068317905041670337000000
12006061006252003102635066918104881640324168156
12006061006262000110171069818505131720341173168
12006061006262002100485068717805091690340168172
12006061006262002102294069517405211720349173176
12006061006262003104544071319305201750345175170
12006061006272000105030066517204930000000000000
12006061006272003103059071218805241760348177171
12006061006282001106643000000000000000000175000
12006061006282003106911073518905461730373197176
12006061006282004109047078323605471780369193176
12006061006292000104260067517704981530345173172
12006061006292001103325070020005001690331169162
12006061006292003102403066517804871650322163159
12006061006302001106298089524306522300422227195
12006061006302002102400068719004970000000000000
12006061006302003100913065816904891610328166162
12006061006302003102773072100000000000371181190
12006061006302003103867067216705051800325165160
12006061006302004102182068618205041640340170170
12006061006302004103129068217805041640340170170
12006061006312002104686070317205311650366181185
12006061006312002110001068621204741610313154159
12006061006312003101173068116805131670346173173
12006061006312003101794066917804910000000000163
12006061006322002103989077319705761890387201186
12006061006322003106880070618205241700354176178
12006061006332003104952074420805361870349179170
12006061006342000106111068317005131690344172172
12006061006342003103515077220105711920379192187
12006061006342004100623076220005621870375189186
12006061006342004105782078520705781910387203184
12006061006352004101438074618605601830377188189
12006061006352004103507071317105421720370182188
12006061006362003105465070518705181750343173170
12006061006362004104396066716605011650336169167
12006061006362004109157068717605111700341171170
12006061006382001103237066516604991660333171162
12006061006382001104535071417605381960342172170
12006061006382003102545067816705111650346171175
12006061006382003102566071518805271760351179172
12006061006382003102757070317605271750352181171
12006061006382004107074070117505261710355174181
12006061006392003100799066517404911620329166163
12006061006392003101075057015904111410270138132
12006061006392004104861056515804071400267136131
12006061006412000107264069018005101690341173168
12006061006422000102752070618205241750349177172
12006061006422002103803070600000000000348176172
12006061006422003102563069518005151750340174166
12006061006422004101466069418505091760333000000
12006061006422004103063072317905441800364184180
12006061006422004103160073218505471790368185183
12006061006422004106604070419005141770337174163
12006061006432001107389073719805391820357181176
12006061006432003102773072017705431780365188177
12006061006432003106846086623206342120422220202
12006061006432003106911067916905101710339174165
12006061006432003110109087121206592130446227219
12006061006442001104552071420005141770337173164
12006061006442001105366069018305071710336174162
12006061006442002105598079622405721990373190183
12006061006452002109410068918505041710333172161
12006061006462001100237072620105251800345175170
12006061006462002102671077322805451900355184171
12006061006462003101736067500000000000000000167
12006061006462003102983071819405241780346176170
12006061006462003104840065516804871590328165163
12006061006462003107073069317505181680350179171
12006061006462004104139083421306212080413210203
12006061006462004109152083521406212080413210203
12006061006472002101015060400000000000000000163
12006061006472003100134064916904801600320161159
12006061006472003101275066516904961630333167166
12006061006472003103674068018104991650334170164
12006061006472004101505067718404931710322166156
12006061006472004106388067218004921700322162160
12006061006482002110179083421306212050416207209
12006061006482003100313071517905361780358178180
12006061006492001107559075819505631810382188194
12006061006492002104742075119305581840374189185
12006061006492002105212066116204991610338172166
12006061006492004104396068916805211740347168179
12006061006492004109157068316705161680348172176
12006061006512002110001055715803991390260131129
12006061006522001110038069017405161670349176173
12006061006532000110276074418005641760388202186
12006061006532004104710081321605971950402202200
12006061006542003102391072918605431790364182182
12006061006562002100526066617604901670323159164
12006061006572003100896073500000000000364179185
12006061006572004101683072717505521800372188184
12006061006572004102278072817505531810372187185
12006061006572004102942066917504941610333164169
12006061006572004103930072718705401800360179181
12006061006572004106628067017604941610333164169
12006061006592001104552067519004851620323169154
12006061007002003106813054214303991400259131128
12006061007002004105682065917504841600324166158
12006061007012002102030072518105441790365177188
12006061007012002102658067817305051740331172159
12006061007012003106087074219905431840359185174
12006061007062000103426067317305001660334171163
12006061007062004102510070917905301720358179179
12006061007072001103312075919305661840382193189
12006061007072002107011067217904931610332167165
12006061007072003101487067318304901660324162162
12006061007072003102391066618304831640319163156
12006061007072003104263066216904931580335170165
12006061007072004103018071917705421660376187189
12006061007102002104004077621605601920368192176
12006061007122001100225073518205531880365187178
12006061007122003101482075921605431850358181177
12006061007132002100607064118304581710287157130
12006061007132002102818075619005661870379189190
12006061007152002102030058615404321400292141151
12006061007162003102120076020305571880369189180
12006061007182003107214071218705251790346176170
12006061007192003104360075219605561850371190181
12006061007192003106711075219605561850371190181
12006061007212000107111062817804501660284156128
12006061007222004102393068016605141620352174178
12006061007232002104004075720905481860362186176
12006061007281999100020084300000000000424214210
12006061007292001100225066916005091550354172182
12006061007292002102818070218105211670354175179
12006061007292003102120064317204711520319155164
12006061007382001107735074519805471820365184181
12006061007402003107224069317605171590358178180
12006061007402004105204070218205201720348173175
12006061007422002103220077418705871850402197205
12006061007452002106061070518605191720347174173
12006061007452003100599073717905581800378191187
12006061007452003101293080219706051970408204204
12006061007462004101734075118705641800384193191
12006061007462004101988065117204791630316162154
12006061007462004102032075218805641810383192191
12006061007462004102250073518905461760370185185
12006061007462004104358065116904821630319163156
12006061007462004104993068217405081680340170170
12006061007462004106704065217304791630316163153
12006061007471998105057073120305281810347176171
12006061007482001106657066617904871670320164156
12006061007482003102951073420505291760353182171
12006061007492003103741066416205021670335169166
12006061007492003107240067017204981630335166169
12006061007512000106314073119105401760364181183
12006061007512002104982071318105321740358182176
12006061007512004102162072118505361810355178177
12006061007522000106580073920205371860351180171
12006061007522002107010072118305381740364186178
12006061007522003106516070817805301750355181174
12006061007522003107224071418205321780354182172
12006061007542003110117069016505251690356176180
12006061007562003101938000000005721930379191188
12006061007562004102897074518305621800382188194
12006061007562004106815076619405721930379191188
12006061007572002103220070417705271790348179169
12006061007582001101415068819104971700327164163
12006061007582004100250065617304831580325159166
12006061007592003104286067218304891650324160164
12006061007592003104328073818605521800372187185
12006061007592003105379066117604851630322161161
12006061008022001104957071220205101640346178168
12006061008022002102675068818305051600345166179
12006061008022004100922069217005221630359176183
12006061008022004101877069317105221630359177182
12006061008032003110181000000000000000356173183
12006061008062003110117068415805261630363180183
12006061008092003104357072918005491790370186184
12006061008102001107191073217905531800373182191
12006061008102003102800073718205551790376182194
12006061008132003103725076319705661900376191185
12006061008142002103743083025805722180354190164
12006061008142003104257071221005021930309165144
12006061008172001103456067617804981670331166165
12006061008182003104769068619404921620330167163
12006061008202001104243067217604961670329167162
12006061008202002104852070618705191850334176158
12006061008222003100046067818404941640330164166
12006061008222003107430075319205611900371190181
12006061008222004102317071618605301730357175182
12006061008222004103678072418205421780364180184
12006061008222004104935071618605301760354180174
12006061008222004110083071618705291750354180174
12006061008231999100510077322805451900355179176
12006061008232002107342073219305391810358185173
12006061008272003101788068118304981590339171168
12006061008272003103672069719405031670336171165
12006061008272003104789069819105071690338165173
12006061008272004104357069619405021720330168162
12006061008292003105275071119605151760339170169
12006061008312003106627069518505101710339170169
12006061008342001101503066416704971540343167176
12006061008342003102817065717404831550328157171
12006061008342003103271065316904841600324164160
12006061008361998100682074519505501800370188182
12006061008361999100510074020805321780354178176
12006061008372002101062066917204971630334167167
12006061008372002102633064516504801580322161161
12006061008382002107516000000005881940394198196
12006061008402003102472065416604881600328165163
12006061008412003101754066516804971630334167167
12006061008422003107146068317605071730334168166
12006061008442003103858068518904961650331169162
12006061008442003107178070117605251800345175170
12006061008452002102430067117504961620334169165
12006061008452003103060063916104781580320164156
12006061008462003102071072619605301800350180170
12006061008482001103018062516904561560300152148
12006061008482001103329058317604071380269132137
12006061008482003100691065017304771560321163158
12006061008492003106083062516604591540305156149
12006061008512003100553066016304971590338169169
12006061008512003100815065917104881600328166162
12006061008512004101359080620506011920409205204
12006061008512004101360079520105941860408204204
12006061008532002100293066918304861650321166155
12006061008532002100783069517105241610363177186
12006061008532003106334073318005531840369184185
12006061008542002100722069618605101700340174166
12006061008542002103584070218105211690352174178
12006061008551999104643065916904901640326163163
12006061008552000103767066017104891630326162164
12006061008562001103305065817204861620324164160
12006061008562004102172072218905331800353178175
12006061008582003103482069819005081700338169169
12006061008592003110116073918705521830369188181
12006061009032002105523054614604001430257129128
12006061009042001100860070818005281730355177178
12006061009072003103583073119105401800360185175
12006061009102002104082078120305781950383192191
12006061009102003103236073817705611820379194185
12006061009191999101659069417605181670351178173
12006061009212002110185069416405301740356177179
12006061009212003110061069418305111680343174169
12006061009212004101915072518705381810357179178
12006061009222003101165070018005201610359181178
12006061009252000101585068018005001650335171164
12006061009282003100084072319305301780352179173
12006061009332002102871072119605251810344174170
