12006013106572001100661066518904761630313158155
12006013106572003103043076319905641860378191187
12006013106582002105358069718805091690340175165
12006013106582003100702070419005141730341172169
12006013106582003100913073317505581880370190180
12006013106582003104675071019505151750340173167
12006013106592000109220066700000000000312162150
12006013106592001100412072818805401820358179179
12006013106592001103018000000005111710340172168
12006013106592001103163071118805231790344174170
12006013106592001103389070818405241780346176170
12006013106592001103416067517305021690333164169
12006013106592001104249070718405231700353180173
12006013106592001105253070818105271750352177175
12006013106592001106161069616805281780350173177
12006013106592002100615067718204951740321166155
12006013106592002100766070918205271760351177174
12006013106592002100810067217304991650334166168
12006013106592002102194069018205081660342173169
12006013106592002110191068517905061690337169168
12006013106592003101832075520205531820371186185
12006013106592003102558069116805231730350174176
12006013106592003103019066316904941670327163164
12006013106592003107211067617704991610338167171
12006013106592003110010077119605751880387195192
12006013106592003110185068217005121640348174174
12006013106592003110216067618404921690323162161
12006013107002001102088064516604791640315158157
12006013107002001102452070818205261680358177181
12006013107002001104804070020604941690325000000
12006013107002001104952069517605191730346000000
12006013107002001107092068017605041660338171167
12006013107002002102673070417205321690363179184
12006013107002002105991072718905381810357181176
12006013107002003100658073218505471780369185184
12006013107002003101046068217805041650339172167
12006013107002003101184000000005350000000000181
12006013107002003102327067717804991620337167170
12006013107002003103517069018305071640343167176
12006013107002003106208067918204971620335162173
12006013107002003107003067718004971590338000000
12006013107002003107105070018405161700346169177
12006013107011998105900070016105391700369185184
12006013107012000101497072618605401820358182176
12006013107012000102263070718505221770345175170
12006013107012000103173078221305691940375190185
12006013107012002100890066317504881650323161162
12006013107012002102977067417704971640333166167
12006013107012002106391066215705051620343173170
12006013107012003100600070418205221700352178174
12006013107012003100916064516704781570321160161
12006013107012003101751073919505441850359182177
12006013107012003102066071317805351790356181175
12006013107012003102228065615904971610336171165
12006013107012003104615076321805451910354180174
12006013107012003104786066116704941640330166164
12006013107012003104837074821105371880349178171
12006013107012003105117090124306582330425213212
12006013107012003105760068116905121620350178172
12006013107012003107486075020905411810360186174
12006013107022000101583065418704671600307153154
12006013107022000101634068517505101610349176173
12006013107022000107695065716304941540340163177
12006013107022000110163000000005201760344173171
12006013107022000110170070320005031700333171162
12006013107022001100778069418305111680343175168
12006013107022001102250069918705121700342176166
12006013107022002100941072420605181770341175166
12006013107022002104463067618804881620326000000
12006013107022003100585068716805191700349175174
12006013107022003102442068300000000000332164168
12006013107022003102665072420905151770338180158
12006013107022003102881069819805001690331171160
12006013107022003102899070518805171750342179163
12006013107022003102955071620405121740338172166
12006013107022003103668063115904721580314158156
12006013107022003104087069317705161730343174169
12006013107022003104098068617205141680346173173
12006013107022003104679067618604901650325162163
12006013107022003104959069218505071700337171166
12006013107022003105752000000005251760349178171
12006013107022003105815071418805261760350178172
12006013107022003106691069918605131660347171176
12006013107022003110103066719104761630313160153
12006013107032001100065077920505741870387191196
12006013107032001107508079020705831900393197196
12006013107032003101203070818005281720356180176
12006013107032003102171000000005161720344172172
12006013107032003102759073318505481910357180177
12006013107032003104366069017205181710347180167
12006013107032003105107071517605391760363182181
12006013107042000101382061915404651470318156162
12006013107042000101495077220705651850380194186
12006013107042001103069064216004821600322159163
12006013107042001103146063316704661490317160157
12006013107042001106642075820205561860370187183
12006013107042002100728065516604891660323164159
12006013107042002101312069718605111700341174167
12006013107042003100817069618005160000000000172
12006013107042003104215073318405491830366184182
12006013107042003104511072317805451800365191174
12006013107042003106049066816005081680340172168
12006013107042003110076068918305061700336167169
12006013107042003110220061114904621400322156166
12006013107052000110041064917204771580319164155
12006013107052001100237075319705561840372187185
12006013107052001106935078621605701970373187186
12006013107052003101908076618805781910387202185
12006013107052003102375066917204971570340169171
12006013107052003102741069318205111730338173165
12006013107052003104962077719605811950386201185
12006013107052003105086078721605711980373187186
12006013107052003107269078721605711970374188186
12006013107061999100020068317805051710334165169
12006013107061999106936069217905131710342170172
12006013107062001103289075520205531890364191173
12006013107062002100773070717605311740357184173
12006013107062003100033071818505331770356176180
12006013107062003101127076520205631910372190182
12006013107062003101742071818405341760358177181
12006013107062003102311069917405251760349173176
12006013107062003102414067218004921700322158164
12006013107062003102813072717905481850363189174
12006013107062003104046068616305231650358175183
12006013107062003104322066916705021650337169168
12006013107062003104873067917705021660336169167
12006013107062003105673063816304751540321158163
12006013107062003107188068418105031650338171167
12006013107062003107285000000000000000000000000
12006013107072000107386069317505181710347174173
12006013107072001100377073419205421800362188174
12006013107072001103465074618905570000000000179
12006013107072001104617065017004801630317164153
12006013107072001106138000000000000000000000000
12006013107072001106147070718005271750352182170
12006013107072001107424072218905331840349183166
12006013107072002100293064717504721560316160156
12006013107072002104393062415004741500324162162
12006013107072003101351064416904751560319157162
12006013107072003102146067917305061680338171167
12006013107072003102286076821005581950363194169
12006013107072003102758068418005041630341172169
12006013107072003103694066818304851670318165153
12006013107072003103762068717005171770340173167
12006013107082000105123069618205141750339172167
12006013107082002100877069918405151770338173165
12006013107082003101879068116805131790334171163
12006013107082003102071072218105411790362180182
12006013107082003102191071917905401810359178181
12006013107082003102320071118405271740353176177
12006013107082003102977068318704961660330166164
12006013107082003103043069117805131630350172178
12006013107082003106631072618405421770365182183
12006013107082003110242073020305271770350174176
12006013107092000103680069918405151690346175171
12006013107092001100261071619705191770342177165
12006013107092001107831070618805181690349177172
12006013107092002101922067717804991670332169163
12006013107092002102811000018200001620000149000
12006013107092002105358068218205001680332173159
12006013107092002105674074820005481830365186179
12006013107092003100230068117705041710333172161
12006013107092003101152063015404761570319159160
12006013107092003104586074019505451820363183180
12006013107092003104603074019505451820363183180
12006013107092003106203064516604791570322160162
12006013107102000102258078321905641990365184181
12006013107102000106303000017900001720000178000
12006013107102001101505069617105251700355177178
12006013107102002102348078120605751880387190197
12006013107102003101073070418005241720352171181
12006013107102003102249068118005011720329166163
12006013107102003102592070418205221780344174170
12006013107102003102680071819705211700351172179
12006013107102003103648067715905181620356177179
12006013107102003106097072818605421830359181178
12006013107102003106559070617705291780351174177
12006013107102003106637095525806972210476231245
12006013107102003106846074820005481830365185180
12006013107111998102528067717705001640336172164
12006013107112000101492069017805121710341175166
12006013107112002103614072418505391770362182180
12006013107112003100693072917905501790371188183
12006013107112003101103071617905371780359181178
12006013107112003101739072617705491770372187185
12006013107112003102390069517705181660352176176
12006013107112003102434070017805221720350174176
12006013107112003103122073118105501800370185185
12006013107112003104383062116304581500308154154
12006013107112003105275071819005281730355179176
12006013107112003106624065516004951530342163179
12006013107112003106742067716805091720337171166
12006013107121999101844069100000000000351000000
12006013107121999106804065217204801590321162159
12006013107122001103416068317605071780329167162
12006013107122001106161069116405271650362183179
12006013107122002100073070618505211690352178174
12006013107122002104819066717404931610332168164
12006013107122002109038071219105211760345177168
12006013107122003100702069416705271790348180168
12006013107122003100913065717104861620324163161
12006013107122003102388064716004871570330166164
12006013107122003102467068417105131650348174174
12006013107122003105773060815904491490300150150
12006013107122003107211066216904931640329163166
12006013107122003110185069217805141710343174169
12006013107131998100682067216405081740334169165
12006013107132000105509068318305001630337172165
12006013107132001102088062015704631540309154155
12006013107132002100766071618105351780357183174
12006013107132002105560072318505381760362186176
12006013107132002106552068518704981640334168166
12006013107132002106817075620805481920356184172
12006013107132003100100073518105541790375189186
12006013107132003100658065917204871600327164163
12006013107132003101184000000005061640342172170
12006013107132003101355074619505511840367183184
12006013107132003101817070918805211770344176168
12006013107132003102266072519605291750354178176
12006013107132003102327063617104651560309154155
12006013107132003102667068617705091750334172162
12006013107132003102910074219905431900353182171
12006013107132003103164068017405061730333171162
12006013107132003103583071619205241770347175172
12006013107132003104615067217404981660332165167
12006013107132003105704000000004731590314157157
12006013107132003106208069918305161630353179174
12006013107132003107046064016704731590314159155
12006013107132003107201069318205111710340172168
12006013107132003107486067719204851690316160156
12006013107142000103173065618004761650311160151
12006013107142001100412074519205531810372189183
12006013107142001104804065618804681580310161149
12006013107142001107654081121905921990393199194
12006013107142003100103071017805321770355183172
12006013107142003101751069017705131740339173166
12006013107142003102292076020505551850370195175
12006013107142003104446069318005131760337169168
12006013107142003107003070200000000000323163160
12006013107142003109416068817005181740344175169
12006013107152000101497066917204971670330000000
12006013107152000104475067718304941550339165174
12006013107152001100592065215704951570338169169
12006013107152001107092068318105021710331168163
12006013107152002102679069217905131690344171173
12006013107152002104119068616705191750344170174
12006013107152003100600065016504851500335160175
12006013107152003100916065716504921620330166164
12006013107152003102002068316205211710350177173
12006013107152003103016067117304981630335164171
12006013107152003104555074118305581930365187178
12006013107152003105094064615504911570334166168
12006013107152003105117077820105771940383195188
12006013107152003105760064916604831510332158174
12006013107152003107255063715604811520329161168
12006013107161998105900067600000000000339169170
12006013107162000101634065400000000000331165166
12006013107162000107695064516004851580327160167
12006013107162001100778072417305511870364187177
12006013107162001106577068919604931660327162165
12006013107162002100604074918605631860377190187
12006013107162002101712063519204431660277139138
12006013107162003102899069118105101800330173157
12006013107162003103623074918205671860381195186
12006013107162003104173078820005882010387199188
12006013107162003104959069618305131810332172160
12006013107162003106456071419305211800341178163
12006013107162003106691070119005111700341172169
12006013107162003106757069518105141740340170170
12006013107162003107427071320105121700342177165
12006013107162003109073078418705971970400207193
12006013107172000103352065616504911610330166164
12006013107172001100065067017504951550340169171
12006013107172002100154066517204931550338165173
12006013107172002100941067219304791690310164146
12006013107172002102965069418005141730341168173
12006013107172002106559070918105281740354180174
12006013107172002110065064115004911580333165168
12006013107172003104103066516205031570346171175
12006013107172003104130069217805141690345175170
12006013107172003104193066717004971600337168169
12006013107172003107146069918605131680345174171
12006013107182000106626000019700001740000176000
12006013107182000110170068518704981690329169160
12006013107182001105369067317305001680332169163
12006013107182001110188055114704041360268135133
12006013107182003102665071219005221780344185159
12006013107182003102742065417004841590325163162
12006013107182003102881069018705031690334174160
12006013107182003103596067317005031670336171165
12006013107182003104511067618104951630332171161
12006013107182003104531064717104761580318158160
12006013107182003110103068619804881690319163156
12006013107192003100591072917805511800371189182
12006013107192003100650066216704951620333166167
12006013107192003100805070017205281740354180174
12006013107192003101908073019305371870350182168
12006013107192003102311069018105091750334170164
12006013107192003102618065018404661620304155149
12006013107192003102836066718104861650321162159
12006013107192003102883067418104931620331168163
12006013107192003102905067615105251640361183178
12006013107192003104046069516805271640363179184
12006013107192003104215071017905311760355177178
12006013107192003104962072419305311850346179167
12006013107192003106166064416704771640313159154
12006013107202000105073073018005501750375186189
12006013107202001103271074319205511790372186186
12006013107202001103782066317204911610330167163
12006013107202001104617066517404911590332167165
12006013107202003102281067818304951680327164163
12006013107202003103679069918605131690344175169
12006013107202003106120072617805481790369180189
12006013107202003106311000000005110000000000168
12006013107211998107424070718705201710349178171
12006013107211999100645073319605371770360000000
12006013107212001103465075019505551880367192175
12006013107212002100877066217204901640326162164
12006013107212003103482066018204781610317162155
12006013107212003105062079419905951950400207193
12006013107212003109445069119105001650335167168
12006013107221999103133069320204911700321164157
12006013107221999106622071118205291730356180176
12006013107222002106885073218205501800370187183
12006013107222002107098070518105241750349183166
12006013107222003103611065516004951610334167167
12006013107222003103869069618605101710339172167
12006013107222003103874072420005241790345179166
12006013107222003105798072619705291790350183167
12006013107222003110144068117405071700337171166
12006013107222003110242069219304991700329168161
12006013107232000100200066816005081510357173184
12006013107232000103680066917504941610333169164
12006013107232001106517070818605220000000000165
12006013107232001107831066417104931600333165168
12006013107232002107008072719005371880349180169
12006013107232003102079067917405051660339169170
12006013107232003104168063716004771580319160159
12006013107232003105099062016004601490311155156
12006013107232003105460071418605281760352179173
12006013107232003105855067718404931640329164165
12006013107242000105509068100000000000334173161
12006013107242003101752069518105141680346176170
12006013107242003101851069818105171810336176160
12006013107242003102249068918705021720330168162
12006013107242003102782060215904431410302151151
12006013107242003103164065600000000000331165166
12006013107242003103648066016204981600338171167
12006013107242003106248069119105001570343171172
12006013107242003106939073219205401820358184174
12006013107252001103115063415804761570319158161
12006013107252001103655069118305081690339169170
12006013107252003103122071818005381740364181183
12006013107252003104674071719305241730351178173
12006013107252003104984072219505271780349176173
12006013107252003106505074619705491880361180181
12006013107252003107483072619105351770358182176
12006013107262000101492062117004511600291156135
12006013107262000105277068000000000000323000000
12006013107262001110197080019306071920415208207
12006013107262002101195069119704941700324170154
12006013107262003100168069416505291740355179176
12006013107262003101495070218905131740339173166
12006013107262003102207073818805501840366185181
12006013107262003102680067317404991580341170171
12006013107262003104076073718805491830366185181
12006013107262003104310069819305050000000000162
12006013107262003105057071319605171770340170170
12006013107262003109128069116505261750351177174
12006013107271999104209069717305241650359177182
12006013107272001110187070619705091740335165170
12006013107272003104797070018105191670352174178
12006013107272003106209070919005191790340171169
12006013107272003110059070320005031710332169163
12006013107272003110061071120005111700341174167
12006013107272003110175067316505081650343172171
12006013107281999101781068718305041690335168167
12006013107282001102320071517805371760361182179
12006013107282002100637069718205151700345179166
12006013107282002102515000000000000000000000000
12006013107282002105626065516504901510339167172
12006013107282002106817068018104991630336170166
12006013107282003100100068418105031660337170167
12006013107282003100360074520305421900352181171
12006013107282003100712071618005361790357182175
12006013107282003102135071617905371780359183176
12006013107282003102216066217504871630324161163
12006013107282003102910066917504941620332165167
12006013107282003106664067417704971740323162161
12006013107292000101470071119305181780340175165
12006013107292000105081071219105211730348178170
12006013107292001107598073821305251820343171172
12006013107292002102172070018605141660348176172
12006013107292002103110063416504691500319000000
12006013107292003102684000000000000000000000000
12006013107292003104173070817305351930342185157
12006013107292003104555069817505231730350176174
12006013107292003105304072318805351840351181170
12006013107292003105749070918505241760348177171
12006013107292003107073070618705191710348177171
12006013107292003110022071819905191730346173173
12006013107292003110128070316605371770360184176
12006013107302000101545074819005581810377186191
12006013107302000104868066619204741640310159151
12006013107302001100592066916005091660343177166
12006013107302002101597072820605221800342174168
12006013107302002104214071719605211830338179159
12006013107302002105598000021000000000000000000
12006013107302003100063069918605131740339175164
12006013107302003100261069117605151690346171175
12006013107302003102805072418505391750364183181
12006013107302003104023068717205151710344175169
12006013107302003104412070616705391720367183184
12006013107312001102254065718204751620313154159
12006013107312001102591069018405061690337165172
12006013107312001103358067718604911610330163167
12006013107312002100922064817304751580317163154
12006013107312002106690063817704611490312161151
12006013107312003100930070700000000000360178182
12006013107312003101888067118404871690318165153
12006013107312003102093066215405081600348171177
12006013107312003104983067118404871690318165153
12006013107312003106134064717004771490328160168
12006013107322001100086067316605071640343171172
12006013107322003102102072418405401770363182181
12006013107322003105080068116605151690346170176
12006013107322003105206065815205061540352171181
12006013107331999103789066216105011660335172163
12006013107331999106582069820404941630331166165
12006013107332000106626068517905061720334169165
12006013107332002101364064516404811600321162159
12006013107332002106061069819405041720332164168
12006013107341998107424067817405041640340171169
12006013107352002105356067617904971680329160169
12006013107352002106885070917805311780353179174
12006013107352003100503073619305431830360182178
12006013107352003104084068819804901620328164164
12006013107362001105273062315504681520316155161
12006013107362003101445067417904951610334169165
12006013107362003105410069217505171650352174178
12006013107362003106338068718305041750329173156
12006013107362003106586068818005081730335167168
12006013107362003106745068917405151700345178167
12006013107371999105793071918305361740362000000
12006013107372000100461072118705341770357181176
12006013107372001100821066517304921610331169162
12006013107372002103816068018604941700324166158
12006013107372002104713066517204931630330167163
12006013107372003106133070817805301680362183179
12006013107372003107071074418305611790382195187
12006013107372003107294073918505541760378196182
12006013107382001103655067418004941720322164158
12006013107382003100638069917205271700357182175
12006013107382003102213053313903941270267133134
12006013107382003104575066617204941690325166159
12006013107382003105057071018605241750349181168
12006013107382003106248069019604941700324167157
12006013107392000101391084825905892190370197173
12006013107392003101353071319205211770344175169
12006013107392003102237068318305001690331170161
12006013107402000103793080021205882040384197187
12006013107402003106371082921106182080410207203
12006013107412003104764068117105101670343171172
12006013107422001102320064816404841540330164166
12006013107422002102172068317705061630343173170
12006013107422003101183069617705191690350174176
12006013107432002100971071817905391810358182176
12006013107432003102684070217805241780346172174
12006013107432003102805072018405361760360181179
12006013107432003102906080220705952040391200191
12006013107432003104412069600000000000353176177
12006013107432003105268069016905211670354182172
12006013107432003105418080820106072010406211195
12006013107432003109057067318204911670324161163
12006013107442000101103076819505731920381196185
12006013107442000110113088524006452210424217207
12006013107442003100211070918005291750354178176
12006013107442003101788069817005281740354180174
12006013107442003109130069118805031670336168168
12006013107451999103798072419305311780353179174
12006013107452000103579065216004920000000000165
12006013107452003110052072217405481660382189193
12006013107461997107091068416805161630353172181
12006013107462000100672070717605311770354177177
12006013107462002102567067518904861670319160159
12006013107462003101354072600000000000359185174
12006013107462003103971072018905311760355178177
12006013107462003104919070217805241690355178177
12006013107462003106872069416405301670363180183
12006013107471999110175065600000000000000000000
12006013107472000104348066817804901620328164164
12006013107472001100225075917605831930390204186
12006013107472001110108068517205131610352173179
12006013107472002102189072117805431810362188174
12006013107472002106061076420305611870374196178
12006013107472003100668074518805571800377188189
12006013107472003103884077519905761910385194191
12006013107472003104027081420606082000408218190
12006013107472003107448074919505541850369189180
12006013107482000101474067118804831570326160166
12006013107482002103621074318405591780381189192
12006013107482003100289066316504981670331167164
12006013107482003103022067116805031640339172167
12006013107482003106211067300000000000337000000
12006013107492002103816061816304551550300153147
12006013107492002104713063416204721560316158158
12006013107492002105240069017405161670349172177
12006013107492002106417067817904991630336168168
12006013107492003100046067516505101660344172172
12006013107492003101299067718604911640327161166
12006013107492003107451069118305081660342169173
12006013107502003102206068117705041660338171167
12006013107502003110157067517405011640337170167
12006013107512003100313071218105311750356179177
12006013107512003107074069717805191730346177169
12006013107522000110087069418705071740333173160
12006013107542000103014069917505241700354179175
12006013107542000107467071119905121710341177164
12006013107542002100724075121205391860353181172
12006013107542002102976064115504861570329165164
12006013107542002104751072818805401860354182172
12006013107542003101794068417905051650340170170
12006013107542003101993073518805471890358184174
12006013107542003103795068617405121730339173166
12006013107552000100285068517605091710338166172
12006013107552002104852068200000000000328160168
12006013107552002107254070018505151680347177170
12006013107552002110115000000005151650350177173
12006013107552003101183066917304961640332166166
12006013107552003105268070117205291720357179178
12006013107572000100672069317405191730346173173
12006013107582000101103072418105431800363185178
12006013107582000110113078921105781950383197186
12006013107582003102496074119105501870363183180
12006013107582003106481067917305061660340170170
12006013107592002100465065016704831660317163154
12006013107592002103895066018204781640314161153
12006013107592003102446064317004731560317159158
12006013107592003103612066417504891610328162166
12006013107592003107257065416504891560333162171
12006013108002000101281064616904771600317158159
12006013108002003102024073018905411820359185174
12006013108011997107091068717005171690348172176
12006013108012000100380069718105161710345175170
12006013108012001100225069716205351650370181189
12006013108012001103040068517405111670344173171
12006013108012003100793066716505021610341171170
12006013108012003101809071217605361760360179181
12006013108012003106872071017005401680372180192
12006013108022001107191070718105261700356178178
12006013108022002105240071518105341750359183176
12006013108022003100046068117905021710331164167
12006013108031999102748075020905411910350182168
12006013108032001107097066518604791660313164149
12006013108032002101335075619805580000000000181
12006013108032003101284074119105501780372188184
12006013108032003102560074018605541840370185185
12006013108032003104398074920705421780364184180
12006013108032003105448075019405561870369189180
12006013108042003102206068217305091680341172169
12006013108042003104263070018005201720348177171
12006013108042003105685070918305261720354176178
12006013108042003107451069218005121670345172173
12006013108052001103479077525705181880330175155
12006013108062001110276072419005341770357180177
12006013108072003106879062215504671520315155160
12006013108082003100931068617005161690347175172
12006013108102001110247079621805781970381193188
12006013108112003105523074919505541850369192177
12006013108122001104872065716104961650331170161
12006013108142003102968080726505421850357180177
12006013108142003104883073219505371880349181168
12006013108142003106798081026405461870359180179
12006013108161998101851061415804561470309152157
12006013108172002107240070118505161690347178169
12006013108182002110001077022505451930352187165
12006013108212002101012063517204631490314158156
12006013108212003101938066118504761670309160149
12006013108232001106436065017304771630314158156
12006013108242001104872065316204911590332166166
12006013108252000105162069618305131690344173171
12006013108272000103952064417304711590312157155
12006013108272001103235068419304911780313162151
12006013108272003105371062415604681530315156159
12006013108282000102609059315604371400297144153
12006013108302001102687000000004941670327000000
12006013108312003100586070317205311740357178179
12006013108312003101933071215505571710386192194
12006013108461999105881066316804951620333166167
12006013108462001105796064116104801560324163161
12006013108462003110142072419005341750359182177
12006013108471999103747000000005171700347177170
12006013108472003100995072618405421710371185186
12006013108472003104026070118405171690348173175
12006013108482001110013074921405351840351180171
12006013108482003100240068019004901670323164159
12006013108501997102283067000000000000000000000
12006013108502003102160067817305051690336171165
12006013108502003104516069419205021670335168167
12006013108512001109258077720905681900378195183
12006013108512002100887072600000000000355183172
12006013108532001106646065517304821750307166141
12006013108562002103220071416605481770371186185
12006013108572001100385063400000000000319159160
12006013108572003100917068917805111700341176165
12006013108572003106568069217705151710344177167
12006013108581999102316061213204801320348165183
12006013108592002107209000000005171800337000000
12006013108592003105368066116704941620332168164
12006013109002000110105063016004701540316155161
12006013109002001101051067217504971700327168159
12006013109002001101548060415604481480300149151
12006013109002002105906071920905101750335173162
12006013109002003101812068117005111730338171167
12006013109002003101988065816504931580335167168
12006013109012003102435071520005151810334174160
12006013109012003102872072920005291840345177168
12006013109012003105890071820105171820335173162
12006013109021999103747064816704811580323165158
12006013109022001110013071319805151750340174166
12006013109022003104026067917905001660334169165
12006013109042001101706065816504931600333166167
12006013109042003104007066217504871590328166162
12006013109052001106369069818505131710342173169
12006013109052002100093071218105311710360182178
12006013109052003100024067517904961690327164163
12006013109062002104447069418205121710341177164
12006013109062002104533068017605041560348177171
12006013109062002104666067116905021600342170172
12006013109062003100210064416004841600324165159
12006013109062003101410069517405211670354177177
12006013109062003105981063315704761550321161160
12006013109062003107193074618105651940371192179
12006013109072000105134070418405201660354179175
12006013109072003100692071318805251760349179170
12006013109072003101850069818405141660348174174
12006013109072003103853073919805411840357184173
12006013109072003104963070918605231750348176172
12006013109082000104260064817604721520320160160
12006013109092001100385060416304411440297153144
12006013109102003107042058600000000000307000000
12006013109112001103800065416404901590331165166
12006013109112002103220067816905091630346172174
12006013109112002103268067916405151650350175175
12006013109112003102301070817805301700360178182
12006013109112003106551070317705261730353176177
12006013109122000104131070617305331680365177188
12006013109132002106482066816705011600341167174
12006013109132003100666069718605111680343173170
12006013109132003101988068317705061650341169172
12006013109132003102627071719105261760350177173
12006013109132003106936067614705291540375181194
12006013109142001106696067517505001620338173165
12006013109142003102872068217005121670345173172
12006013109142003103383088323706462150431221210
12006013109142003106682067117804931640329166163
12006013109152000110105063615804781550323164159
12006013109152002104091068917405151700345175170
12006013109152003105803070518005251700355179176
12006013109152003106419068816905191700349175174
12006013109162003100546068216005221630359179180
12006013109162003102120066617704891660323168155
12006013109162003106627065416404901630327165162
12006013109172001105778069918505141750339175164
12006013109182001101840070618005261740352177175
12006013109182003104792074719105561950361189172
12006013109192001101327067017904911550336165171
12006013109192002100093067918104981610337171166
12006013109192002101220064316404791560323160163
12006013109192002102808066815405141570357175182
12006013109192003107193071818605321830349182167
12006013109202001105278067316005131620351177174
12006013109202002100535070219705051660339172167
12006013109202003105276069716605311720359182177
12006013109202003106424064816404841640320164156
12006013109212003105125068400000000000345175170
12006013109222002107326068118105001730327167160
12006013109222003100298066114805131550358177181
12006013109222003100895070721204951770318162156
12006013109222003102476069618005161690347174173
12006013109222003103450070318905141760338173165
12006013109222003104484070821104971730324166158
12006013109222003106489070821204961770319163156
12006013109222003107410069318005131680345172173
12006013109232000103889075919405651910374189185
12006013109232002101490066116504961630333166167
12006013109232002104373067617005061660340172168
12006013109232003100216073820005381800358182176
12006013109232003100476067716805091680341168173
12006013109232003104093070418105231740349175174
12006013109232003104111063615404821520330160170
12006013109232003105077076219805640000000000186
12006013109232003105511070318105221740348175173
12006013109232003109161065917104881560332163169
12006013109242001100672068117105101670343173170
12006013109242003106145065116504861520334167167
12006013109252001103935069517405211690352177175
12006013109252003101035081523205832020381199182
12006013109252003102301068316805151650350175175
12006013109252003106551068517105141650349176173
12006013109261999102139063416404701480322156166
12006013109262000106787000000005321780354182172
12006013109262000110171066917604931640329168161
12006013109262001107574065416004941610333165168
12006013109262002101336067317205011630338168170
12006013109262002103268065917004891600329162167
12006013109262002110050070918205271760351178173
12006013109262003100262069718105161680348180168
12006013109262003101781063615404821470335161174
12006013109262003102086071419205221780344175169
12006013109272001110196067817405041650339000000
12006013109272002106482063115604751550320158162
12006013109272003101156069318105121700342169173
12006013109272003102807067116705041660338171167
12006013109272003110034071318805251700355179176
12006013109282001101503064115904820000000000159
12006013109282003101408066216904931610332166166
12006013109282003105891068917605131660347173174
12006013109282003109131062015704631490314159155
12006013109282003110189073018005501770373186187
12006013109292000110166069316605271630364184180
12006013109292003100174064014704931490344166178
12006013109302002100057074419105531840369187182
12006013109302003104792068517205131700343175168
12006013109312000110018063016604640000000000000
12006013109312001100535071620505111760335170165
12006013109312001101840068816805201710349178171
12006013109312003100661066614505211610360182178
12006013109312003102887068017305071710336172164
12006013109312003105276073418705471800367000000
12006013109322000104389068818105071710336176160
12006013109322002101220061515504601530307160147
12006013109322003103338070918605231730350185165
12006013109322003105125069017105191710348177171
12006013109331999104206069918405151740341178163
12006013109332002100535067717804991690330170160
12006013109332002102808067217304991610338167171
12006013109332003100663068115105301630367192175
12006013109332003102649071617905371790358183175
12006013109341999104536067516905061670339176163
12006013109342001105278065315504981590339168171
12006013109342001106298066818704811660315162153
12006013109342002103744070017205281720356183173
12006013109342003100998094226406782310447234213
12006013109342003101886061115504561460310151159
12006013109352000110229065315404991560343169174
12006013109352001105366076117505861930393202191
12006013109352002107326064516704781620316161155
12006013109352002110231079521705781900388206182
12006013109352003110106079821805801930387200187
12006013109362002103606064416204821610321162159
12006013109362003101035057415704171410276141135
12006013109372002100476080020505951990396199197
12006013109382003100262062515604691530316158158
12006013109392000101653070020304971750322172150
12006013109392001100294067017304971740323167156
12006013109392001103812070118905121700342173169
12006013109392001106629065816304951570338166172
12006013109392001110021069320404891750314165149
12006013109392003102970069519405011770324174150
12006013109392003110073072721905081720336170166
12006013109401999102139066016204981710327164163
12006013109402000107570067018604841620322162160
12006013109402002100057066516505001600340172168
12006013109402002107238073417905551810374191183
12006013109402002110128068216605161680348178170
12006013109402003101408065916404951610334170164
12006013109402003101781061416904451510294142152
12006013109412000106609073018505451730372186186
12006013109412003100590073218705451790366183183
12006013109412003102234070517905261720354179175
12006013109412003105536064918004691580311156155
12006013109412003106107067216205101630347172175
12006013109412003106114075818605721870385194191
12006013109422000106580073919605431800363185178
12006013109422001101743070118005211660355175180
12006013109422002110094077020905611890372189183
12006013109422003102792072819005381810357181176
12006013109422003106349069218905031700333171162
12006013109432003100379069317105221670355175180
12006013109441999100510064316204811460335160175
12006013109442001102256071319905141760338173165
12006013109442002100288065618704691620307156151
12006013109442002101906073419005441850359183176
12006013109442002104968071319305201740346170176
12006013109442003100697070217805241720352178174
12006013109442003102448069217805141670347178169
12006013109442003102702068617505111660345178167
12006013109442003102748071618105351810354183171
12006013109442003103901066417704871650322164158
12006013109452001103335068717605111690342172170
12006013109452002102706064717004770000000000159
12006013109452002105559063315604771470330164166
12006013109452003102586070918205271740353178175
12006013109452003103005066816205061680338169169
12006013109452003109105067616805081700338173165
12006013109462001103274063815704811550326160166
12006013109462003110174072517805471790368000000
12006013109471999104268064600000000000307159148
12006013109472002107244071917805411770364183181
12006013109472003105472068717205151660349174175
12006013109472003110090074118205591860373191182
12006013109482000110229066516205031610342170172
12006013109482002110221072719105361790357190167
12006013109482003102053079222905632030360183177
12006013109482003102958067816405141710343172171
12006013109482003105526078021005702040366188178
12006013109482003106267087521806572210436223213
12006013109492001100707066316804951600335168167
12006013109492002100816074522105241880336177159
12006013109492003100648076521605491950354178176
12006013109492003107240064416304811540327162165
12006013109502000102475066917704921610331167164
12006013109502002102292063518004551520303151152
12006013109502003100643074419905451850360186174
12006013109502003102720062216204601470313157156
12006013109502003102735070720305040000000000165
12006013109502003102757065317904741600314159155
12006013109511999106936068819904891740315162153
12006013109521999102069067017604941620332169163
12006013109522000100158068717505121700342174168
12006013109522002100516066117304881680320163157
12006013109522002105263068217305091690340169171
12006013109522002105492064916804811550326161165
12006013109522003100665070719105161770339171168
12006013109522003110179067417205021690333172161
12006013109531999102672065817104871570330167163
12006013109532000103614066917204971660331168163
12006013109532002100918069119404971660331171160
12006013109532002110128071818505331740359183176
12006013109532003103773065016404861570329165164
12006013109542000107570064917004791510328164164
12006013109542002102785065917004891610328165163
12006013109542002106140069617905171690348174174
12006013109542002107238069117005211710350177173
12006013109542003100340068617505111620349170179
12006013109542003103053070019305071740333165168
12006013109542003106847069118005111670344173171
12006013109552000106609070700000000000354180174
12006013109552003100590069417805161680348176172
12006013109552003102337066717304941600334166168
12006013109552003102557064316204811550326162164
12006013109552003103799063816204761550321157164
12006013109552003104342069718105161650351174177
12006013109552003104869069016805221670355177178
12006013109552003105328070617005361760360183177
12006013109552003105564066718004871640323163160
12006013109552003105858063115604751550320158162
12006013109552003106114072518705381730365182183
12006013109561999100510061015804521360316147169
12006013109562000110051067618204941590335162173
12006013109562001100511068517405111630348175173
12006013109562003101878067416605081570351173178
12006013109562003102918067316805051690336173163
12006013109562003102975064215404881590329166163
12006013109562003106106067517105041640340170170
12006013109562003106848068317405091730336174162
12006013109572000101931069117905121710341172169
12006013109572001101743066917304961590337165172
12006013109572001102398060915304561450311153158
12006013109572002103643089524406512340417214203
12006013109572002110094075119305581760382186196
12006013109572003100697069217305191710348176172
12006013109572003100865068317705061630343177166
12006013109572003102448069217305191670352177175
12006013109572003102466068418205021650337169168
12006013109572003102702067116805031640339168171
12006013109572003104954059015604341390295144151
12006013109582001102437072919505341730361182179
12006013109582002100476068918005091690340175165
12006013109582003102586072317705461760370183187
12006013109582003104910071818205361730363181182
12006013109591998101737074019305471830364187177
12006013109592000101588063817104671550312158154
12006013109592002103050064615504911560335167168
12006013110001999107003068318005031710332168164
12006013110002003106269062715904681530315157158
12006013110002003110174071919405251830342000000
12006013110012003104338069018605041670337175162
12006013110022001107735074119705441830361183178
12006013110022003102256069617805181720346177169
12006013110022003102569072218105411810360184176
12006013110022003104829069217705151710344178166
12006013110022003107093069617805181710347178169
12006013110022003107253067816905090000000000167
12006013110032000107099070417605281690359186173
12006013110032003100643075419805561930363185178
12006013110032003104443062916004691530316158158
12006013110041999106735067717705001650335169166
12006013110042002100646069318305101720338168170
12006013110042002100926072719405331790354184170
12006013110042002101144065716704901610329166163
12006013110042003102948068118404971710326166160
12006013110042003105438070917605331790354178176
12006013110052001103739070218805141790335171164
12006013110062003103034070216705351780357179178
12006013110072001110100062616304631450318156162
12006013110072002102231062116804531520301147154
12006013110072003102563065216404881580330165165
12006013110072003110030059617104251480277134143
12006013110082001103435065516804871620325164161
12006013110082003102991066316904941650329165164
12006013110082003105564063516604691590310160150
12006013110092000110121065317204811620319161158
12006013110092003102472066416305011630338168170
12006013110092003104342068017705031700333169164
12006013110092003105370070317305301680362179183
12006013110092003105858068718105061700336170166
12006013110092003109127064614605001560344171173
12006013110102003103968064616304831650318162156
12006013110102003105104067618304931660327166161
12006013110112003102519065217204801540326163163
12006013110162001107735069018705031700333168165
12006013110181999107631082623605902050385200185
12006013110182003101343071218005321790353179174
12006013110182003104952068618105051700335176159
12006013110192001106938066516704981590339167172
12006013110192002104010069316805251660359176183
12006013110192002106026075422105331960337176161
12006013110202002100501068917105181690349176173
12006013110202003110257067117704941640330165165
12006013110242002101901072119505261820344173171
12006013110242002104208068017005101680342168174
12006013110252001107391068718205051700335167168
12006013110252003101738072116305581710387190197
12006013110252003103364076019305671880379190189
12006013110252003106845075618405721910381196185
12006013110262001104712060615104551460309151158
12006013110262003100417066017904811610320164156
12006013110271998105844060615604501410309150159
12006013110272000101388064417304711520319158161
12006013110272002100616059114004511420309152157
12006013110272002105990062415904651500315158157
12006013110272002110204064017104691550314160154
12006013110282002104742071518905261720354175179
12006013110282003100259067717205051670338172166
12006013110282003103442066516305021650337170167
12006013110292002102057067518304921680324168156
12006013110312003101117068400000000000335165170
12006013110312003102345075520005551800375194181
12006013110342003104719069616205341590375178197
12006013110352002105260067317005031690334168166
12006013110352003102470068618105051680337167170
12006013110372003106273075518505701850385195190
12006013110382002105180071618705291760353177176
12006013110382003102545071718705301740356178178
12006013110392001104037073820205361850351178173
12006013110512003102345071318205311780353178175
12006013111002002105495075521905361940342177165
12006013111002003102976064116704741500324161163
12006013111022003102957063316204711530318158160
12006013111022003104678063015904711520319159160
12006013111032002103091065116804831570326157169
