02008021506592005104032070517405311790352183169
02008021507002001102572077020105691890380192188
02008021507002001102588069816505331780355179176
02008021507002002100260076918105881920396193203
02008021507002002101351077020205681920376187189
02008021507002002109421075519605591900369187182
02008021507002003102507068817105171740343175168
02008021507002003104993076118605751860389193196
02008021507002005103544076218705751860389191198
02008021507002005105121082120506161980418207211
02008021507002005105491075818705711930378189189
02008021507002005106798078919905901920398194204
02008021507012002100539078019305871930394193201
02008021507012002104665063916204771570320160160
02008021507012003106518069716905281730355177178
02008021507012004103064068316905141700344170174
02008021507012004104642064615804881540334164170
02008021507012004110040076819905691970372189183
02008021507012005102297069018105091720337173164
02008021507012005102532064917104781560322158164
02008021507012005110085081120606052020403202201
02008021507022004103908081618806281980430216214
02008021507022005100022072718605411910350182168
02008021507022005100601076419105731820391193198
02008021507022005101926074219305491900359183176
02008021507022005106755090022306772260451222229
02008021507022005106862073319505381890349186163
02008021507032003103615070316705361720364179185
02008021507032004102312069317905141730341173168
02008021507032004106551071618005361760360180180
02008021507032005100103070117605251740351176175
02008021507032005105171073918205571830374187187
02008021507032005105901075218405681850383192191
02008021507032005106949075018405661870379188191
02008021507042003105944065116904821600322162160
02008021507042004101525079119705941970397206191
02008021507042005101404072418105431760367182185
02008021507042005101532067817205061630343172171
02008021507042005103198000017300001630000173000
02008021507042005103322072219205301760354180174
02008021507042005103452075218605661830383193190
02008021507042005103786070317905241750349179170
02008021507042005103831073318505481800368183185
02008021507042005109248076720005671930374189185
02008021507052000101646065116404871590328166162
02008021507052003103797066116504961680328166162
02008021507052004100781067516405111610350168182
02008021507052004102236070317305301650365178187
02008021507052004106053069217105211720349176173
02008021507052005104983078620005861930393192201
02008021507052005105032071318105321680364181183
02008021507052005105422072018705331710362177185
02008021507052005106201080220805941960398199199
02008021507052005110017066615105151600355169186
02008021507052005110076071519205231730350173177
02008021507062004106928066116304981630335166169
02008021507062005100668070018305171730344171173
02008021507062005102052073521605191790340170170
02008021507062005102554070220105011790322167155
02008021507062005105999066216904931630330160170
02008021507062005106621067916005191620357170187
02008021507072005100564083221406182080410207203
02008021507072005101171076918805811790402193209
02008021507072005103738076018705731840389193196
02008021507072005106726076519405711830388189199
02008021507072005106819077218705851880397200197
02008021507082005100165074819205561800376191185
02008021507082005100297070619605101810329170159
02008021507082005104060070619605101810329170159
02008021507082005105179094423507092310478240238
02008021507082005105601075018505651850380193187
02008021507091999105351098125707242420482249233
02008021507092005100305000000005391790360182178
02008021507092005101829071518305321750357181176
02008021507092005104904072918605431820361180181
02008021507112005103246067718304941780316162154
02008021507112005103954073619305431830360181179
02008021507112005104952069217905131750338169169
02008021507112005105491066715805091630346175171
02008021507112005105750073819505431830360181179
02008021507112005105789069117005211720349174175
02008021507112005106885069517305221720350175175
02008021507122004109030070419105131690344169175
02008021507122005100517067215905131550358181177
02008021507122005106076067117704941590335164171
02008021507132002109421068519104940000000000153
02008021507132002110131068818005081690339000000
02008021507132003104993070519605091730336164172
02008021507132004109165079120005911950396196200
02008021507132005101894061515704581520306153153
02008021507132005103544069619205041740330160170
02008021507132005105121077019505751930382185197
02008021507132005106620061716204551500305154151
02008021507132005200008069718105161690347174173
02008021507142004104456075719005671860381190191
02008021507142005100654072619905271780349178171
02008021507142005101726078420105831880395190205
02008021507142005103183072018405361780358178180
02008021507142005104370069517505201680352176176
02008021507142005107026072619105351790356180176
02008021507152003105944051713403831300253128125
02008021507152004103064064716904781630315164151
02008021507152004104642061516604491480301150151
02008021507152005100117077822005582030355185170
02008021507152005100593066600000000000335165170
02008021507152005100714075119405571810376186190
02008021507152005102524074019605441780366182184
02008021507152005102532067517405011660335167168
02008021507152005104379074519605491770372184188
02008021507152005110085077319305801910389193196
02008021507152005110152060315404491480301150151
02008021507162003102507056814804201390281147134
02008021507162005100601076618805781880390200190
02008021507162005102203089021906712140457227230
02008021507162005102248080520006051970408206202
02008021507162005103786068917805111730338171167
02008021507162005106278068416505191670352173179
02008021507162005109143067615905171630354174180
02008021507162005109305075619805581880370190180
02008021507172003104108072517305521810371185186
02008021507172005101926060616204441500294143151
02008021507172005102092073918405551850370184186
02008021507172005103925071117605351660369182187
02008021507172005104794079420805861900396189207
02008021507172005105094075820205561920364187177
02008021507172005105285069718105161750341171170
02008021507172005106518070017905211760345171174
02008021507182005100316073921405251830342175167
02008021507182005106755076817905891880401198203
02008021507182005106862056914604231440279143136
02008021507192004105875094024406962280468229239
02008021507192005101255069616405321730359172187
02008021507192005103322067217304991620337167170
02008021507192005103409093324106922270465230235
02008021507192005103452072818905391780361177184
02008021507192005105901074718305641820382192190
02008021507202003103580065418404701610309000000
02008021507202004102920077300000000000391192199
02008021507202004103766071618305331770356175181
02008021507202005100663074419605481920356176180
02008021507202005101355073819305451810364184180
02008021507202005101733066218604761680308161147
02008021507202005101796067320004731640309165144
02008021507202005102554070320005031830320168152
02008021507202005104196052914703821320250127123
02008021507202005105363074519505501840366185181
02008021507212003107141086924006292220407209198
02008021507212004102236067416705071630344167177
02008021507212005101532066917504941640330162168
02008021507212005103198066717104960000000000170
02008021507212005103831068418205021680334163171
02008021507212005105422067617005061640342169173
02008021507212005106621049312603671200247123124
02008021507222003100738062815404741470327159168
02008021507222004100563061315304601410319156163
02008021507222004100719061615904571540303150153
02008021507232005100305000000000000000000166000
02008021507232005101829067017404961670329165164
02008021507232005103459070417805261720354170184
02008021507242005102140080121005911990392206186
02008021507252003102694085921806412100431215216
02008021507252004103112065117004811650316158158
02008021507252005101626065917504841680316157159
02008021507252005102139081520706082010407202205
02008021507252005103184065617304831660317157160
02008021507252005106938065217304791640315158157
02008021507262005104262067317305001610339172167
02008021507272005100013084620706392080431213218
02008021507282004104456073118705441810363180183
02008021507292003104108067516505101660344170174
02008021507292004109030068417605081660342165177
02008021507292005102092075919705621860376186190
02008021507292005103925070216505371650372181191
02008021507292005104794066817504931630330163167
02008021507312002101313085421306412090432213219
02008021507342003103580065118704640000000000148
02008021507342004102920069817305251740351176175
02008021507342004103283062016204581580300151149
02008021507342005101255055214604061320274133141
02008021507342005101733064417604681700298161137
02008021507351999106723068118604951630332163169
02008021507352004103766068417205121670345172173
02008021507352005100397080922105881970391189202
02008021507352005100445069418605081710337164173
02008021507352005101789066516604991630336165171
02008021507352005101796000000004891790310172138
02008021507352005102187064816004881560332163169
02008021507352005102383067117105001650335171164
02008021507352005103714076419805661870379182197
02008021507362000100335064018204581590299152147
02008021507362003107141097427506992430456229227
02008021507362004106554074619505511840367182185
02008021507362005109043078420805762000376189187
02008021507372003105600072018205381750363180183
02008021507372005103459066316904941640330161169
02008021507372005104467073418405501780372181191
02008021507382005102621073920105381860352178174
02008021507392005101459070418305211730348171177
02008021507392005104925069718105161710345172173
02008021507392005109252067217105011660335164171
02008021507392005110113067100000000000333165168
02008021507402005100657069717405231630360171189
02008021507402005101064069219005021690333165168
02008021507402005101811069517705181670351174177
02008021507402005104993070217905231700353178175
02008021507402005105924079120805832000383190193
02008021507412003103002073219605361810355174181
02008021507412004104135073919405451790366183183
02008021507412005100267073020205281840344179165
02008021507412005103514072519505301750355171184
02008021507412005104492073119205391810358177181
02008021507412005110112065616404921610331161170
02008021507422001103410067417205021660336166170
02008021507422003105096000000004760000000000160
02008021507422005102295065717004871610326158168
02008021507422005104839078621405721990373183190
02008021507422005105137000000000000000000000000
02008021507432005100013075218705651820383188195
02008021507442000101309052700000000000250126124
02008021507442005103771074220605361740362182180
02008021507442005105610087322706462050441203238
02008021507452005103048083321206212080413208205
02008021507452005104880075919905601870373189184
02008021507452005106206085422406302010429216213
02008021507452005106951076020105591910368187181
02008021507462003102870066717404931630330164166
02008021507462005101900073218405481820366181185
02008021507462005102171074318205611850376188188
02008021507472004102530076819105771890388190198
02008021507472005109125075319305601790381187194
02008021507482005100138065816304951610334163171
02008021507482005100831070418005241770347166181
02008021507482005101789061815304651630302146156
02008021507492003100943066716105061590347169178
02008021507492005102114075518605691900379190189
02008021507492005102169072919505341830351176175
02008021507502002105164073420305311810350177173
02008021507502004100047070621204941680326161165
02008021507502005101914075119405571800377192185
02008021507502005103691081321905941990395201194
02008021507502005106396072218705351780357190167
02008021507512000100352051713403831240259128131
02008021507512005103204051713303841250259127132
02008021507522003100848057814404341390295142153
02008021507522005102621064516704780000000000162
02008021507522005102705075021005401910349181168
02008021507522005109235072518105441700374180194
02008021507532005104890069318005131730340170170
02008021507542005101748067818104971680329165164
02008021507542005102597073519405411810360182178
02008021507542005105462072319505281790349172177
02008021507542005109300070018605141710343177166
02008021507562004103454077620305731900383192191
02008021507562005106639077620705691850384186198
02008021507572001103410071920105181830335179156
02008021507572005104880068517705081640344171173
02008021507572005105137069919705021790323171152
02008021507582005103038070118105201710349171178
02008021507592000101631084321806252120413214199
02008021507592003105096067117504961580338166172
02008021507592005103828071717505421780364181183
02008021507592005104083073519505401760364180184
02008021508002003102852078819605921900402201201
02008021508002004106082080620106051970408205203
02008021508002005101436074519105541860368184184
02008021508002005102155079920805911960395196199
02008021508002005103714070117605251660359174185
02008021508002005104978081121205991950404201203
02008021508002005106564074719105561820374185189
02008021508002005106780080320805951930402201201
02008021508012003102870065317204811590322162160
02008021508022002105164064016804721590313154159
02008021508022005103691075819705611840377190187
02008021508032005100216078318605971830414199215
02008021508032005105578069218405081680340171169
02008021508032005106784071318505281790349174175
02008021508052004103083068917205171660351167184
02008021508052005100304070218105211710350171179
02008021508052005101917068618405021630339168171
02008021508252004103220053213703951310264130134
02008021508252005100568050313603671250242119123
02008021508252005103137052913703921350257131126
02008021508252005106784052414403801310249123126
02008021508252005109320051513703781200258124134
02008021508262002100943059019103991360263129134
02008021508262003102852057817903991310268131137
02008021508262005105288084922206272120415210205
02008021508262005105578067117404971590338169169
02008021508272000101631075719405631840379193186
02008021508272004106082077518705881850403199204
02008021508272005102013080019006101970413206207
02008021508272005102155077721005671870380190190
02008021508282005103038067816605121720340172168
02008021508282005103513071017505351730362182180
02008021508292005106738075818805701870383192191
02008021508322005104091072119105301850345175170
02008021508322005105998071618705291790350173177
02008021508352000106135067416905051660339172167
02008021508352002101831069017605141670347172175
02008021508361999103042065716904881650323159164
02008021508362004102548068717805091730336170166
02008021508382002102770080218806142030411205206
02008021508412000101631073618905471880359184175
02008021508412002100943056218403781290249125124
02008021508412003102852055517703781290249124125
02008021508412005102155075520405511840367187180
02008021508422004106082071700000000000000000195
02008021508422005109161072419305311810350177173
02008021508432003103675083322206111990412204208
02008021508472005101546071820005181790339173166
02008021508482005105998067217604961670329162167
02008021508491999103042049812703711180253123130
02008021508492000106135068117305081690339169170
02008021508492002101831069318105121730339168171
02008021508492004102548063115904721550317157160
02008021508522002102770069615105451720373182191
02008021508542005100938064317204711600311153158
02008021508542005103869064217204701600310150160
02008021508542005109161071018805221740348176172
02008021508552002110097061415604581530305150155
02008021508562002102849073417605581810377183194
02008021508562005101549067616105151670348173175
02008021508562005105570066416105031580345170175
02008021508582003103675064615804881560332166166
02008021508582005102400071818105371790358181177
02008021509002005101546050513403711210250121129
02008021509022005101654064215904831560327163164
02008021509042003102078067917405051640341169172
02008021509042005101533069618005161690347170177
02008021509052002101062060316004431450298144154
02008021509052002105923074318305601750385186199
02008021509052003106384097325007232360487241246
02008021509072004104633062015904611510310154156
02008021509072005105741066317204911660325163162
02008021509072005110186066417104931640329164165
02008021509082005101549065816004981600338162176
02008021509092003104799065817404841660318160158
02008021509092005105570064215704851540331162169
02008021509092005106830066817204961690327163164
02008021509112002102849070700000000000354176178
02008021509112005102400074618805581880370185185
02008021509122000102048062316304601550305153152
02008021509132001110184064718004671570310154156
02008021509132003104565073519405411800361178183
02008021509142001107763077019705731930380195185
02008021509142005109267077020505651910374186188
02008021509152005101654062615904671540313156157
02008021509152005105726072718405431780365179186
02008021509172005102368058714704401420298146152
02008021509172005102420058914704421430299146153
02008021509182005102210062515404711590312156156
02008021509182005102365063315604771590318160158
02008021509192005100903069718705101680342172170
02008021509202004110116067316905041620342169173
02008021509212002100561069718305141700344176168
02008021509212004109256069718105161740342169173
02008021509212005110121071318605271790348177171
02008021509232004100635072718605411780363179184
02008021509232004106263069517305221690353181172
02008021509232005103098069817205261670359178181
02008021509232005103734069317205211650356176180
02008021509232005109256074818705611840377188189
02008021509242001110083074417905651790386191195
02008021509242003102702068518005051630342167175
02008021509242005103134074920005491830366185181
02008021509242005103982074021605241800344174170
02008021509442005104798054114803931340259129130
02008021509442005105505000016800001640000000000
02008021509442005105793055815104071380269135134
02008021509452005102082066317704861660320159161
02008021509452005102813051914403751300245121124
02008021509452005102985067216805041580346172174
02008021509452005103849065516104941600334166168
02008021509452005103903051314303701280242119123
02008021509462001103671071317905341760358176182
02008021509462001106171068017905011640337166171
02008021509462002100729075918405751790396197199
02008021509462003106998063017704531510302151151
02008021509462004100325078219505871890398195203
02008021509462004104512070318105221710351170181
02008021509462005102128071417605381720366185181
02008021509462005103074077418705871890398198200
02008021509462005105103076418205821840398199199
02008021509462005106136063216004721530319159160
02008021509462005106222083919706422210421219202
02008021509462005110146078119305881890399196203
02008021509471999110122070217905231760347177170
02008021509472004100699070418305211750346174172
02008021509472004101251049313703561170239117122
02008021509472004107012068816905191750344176168
02008021509472005101462070117105301780352177175
02008021509472005106083070917905301700360181179
02008021509472005106773067716005171700347174173
02008021509502003103628066215905031540349173176
02008021509502005100595065017104791600319159160
02008021509502005105877070217405281720356175181
02008021509512004100520064516804771510326157169
02008021509512005101306070918705221760346173173
02008021509512005101429066617504911620329165164
02008021509512005103778065316404891610328162166
02008021509512005105211068617605101640346171175
02008021509512005110134065316504881610327161166
02008021509522002106028068617205141630351172179
02008021509522005105112067316705061660340166174
02008021509522005105217065816104971650332162170
02008021509532001106479058016204180000000000143
02008021509532004109136071518305321680364187177
02008021509542002101003068318205011700331165166
02008021509542005102654070617705291750354175179
02008021509542005102808069117405171680349174175
02008021509552004105787070917805311660365176189
02008021509552005101343072718905381750363180183
02008021509582002100879072619105351760359181178
02008021509582005104986075520105541900364183181
02008021509582005105117064515204931620331165166
02008021509592001103671069217305191700349000000
02008021509592004106503069218005121630349173176
02008021510002005102082067617505011670334170164
02008021510002005102128054215103911370254129125
02008021510002005103849065816504931630330168162
02008021510002005106083054215203901370253128125
02008021510012001103111071720605111780333168165
02008021510022001106171067217404980000000000169
02008021510022002106491067818504931680325162163
02008021510031999110122066917704921640328164164
02008021510032004100699067917905001680332168164
02008021510032004101248073819005481840364180184
02008021510032005102644071618305331740359179180
02008021510042003103763071319205211750346177169
02008021510052003103628068016205181650353177176
02008021510052005106765065018004701620308152156
02008021510062003105147073619205441860358177181
02008021510062004109136057414604281390289142147
02008021510062005103848000000000000000000177000
02008021510072003104900058715104361470289146143
02008021510072005102625065416304911650326165161
02008021510072005102808067116705041600344175169
02008021510072005103778063715904781550323161162
02008021510072005110134063815804801580322159163
02008021510082005100520080119906021970405202203
02008021510082005103812074317905641770387190197
02008021510112005101193102623707892350554260294
02008021510122002100879072218505371780359179180
02008021510122005100960070518505201730347173174
02008021510122005104986070518405211720349173176
02008021510122005109057070518505201730347173174
02008021510142001103111072720805191830336173163
02008021510172001103160084722906182040414206208
02008021510172003104151074120105401840356176180
02008021510182003102535082821206162070409205204
02008021510212005101346073118505461820364181183
02008021510232003106938070318605171700347178169
02008021510242005102336066817104971670330167163
02008021510252003105097071017705331790354179175
02008021510272005102367067917905001670333167166
02008021510282002100819074418705571780379187192
02008021510282005105564081621006061980408206202
02008021510282005109260069917905201730347171176
02008021510302000104299063715704801540326159167
02008021510302005110084063116704641540310149161
02008021510312005104757062216904531540299147152
02008021510312005105925060516804371430294143151
02008021510312005109247069818005181730345178167
02008021510322001103160060618804181480270135135
02008021510322003102535060117804231440279146133
02008021510322005102331077120105701870383193190
02008021510322005104192078821405741980376199177
02008021510332002104237085120306482010447213234
02008021510352003106938053300000000000252127125
02008021510352005105056072518505401760364189175
02008021510382004105826068117405071670340171169
02008021510382005102336061916604531540299146153
02008021510382005105552067617205041630341168173
02008021510382005109322067817405041660338170168
02008021510402003105097070717505321730359178181
02008021510432004103239061616104551430312157155
02008021510442005104757052515903661330233117116
02008021510442005105925052115703641310233116117
02008021510452001103160056217603861330253127126
02008021510452005110045070219605061750331164167
02008021510462003102535055616803881300258130128
02008021510462003105475083920906301940436218218
02008021510462005104252073321005231840339170169
02008021510462005109247068717705101720338172166
02008021510472005106585070417605281710357177180
02008021510482005100567068817905091670342173169
02008021510492004106504076619605701810389187202
02008021510502004102270070618205241750349171178
02008021510502005100785071118205291760353180173
02008021510592003105475087421506592160443231212
02008021511012004106504072919505341890345174171
02008021511072004102827086123906222130409204205
02008021511072004103171080419606081960412207205
02008021511072005102030080319506081970411206205
02008021511072005104814082120806132070406214192
02008021511212005102030073618605501810369185184
02008021511222004102827085020006501990451219232
02008021511222004103171075519005651900375182193
02008021511272004103107000000007822470535271264
02008021511301999106109078620005861930393196197
02008021511302004110041078920705821920390196194
02008021511372005102030071718105361760360180180
02008021511402004103107000000007800000000000264
