02014100603592010100035067016505051670338168170
02014100603592010103676066917304961650331162169
02014100603592011104237067717205051650340164176
02014100603592012104582067717505021690333164169
02014100603592012105688063816804701650305154151
02014100604002010105439077820105771910386192194
02014100604002011100071079920105982030395196199
02014100604002011100073075419305611830378183195
02014100604002011103565077219805741880386195191
02014100604002011104883073319305401870353181172
02014100604002012100538074519905461890357185172
02014100604002012100866075819405641820382187195
02014100604002012101245075218505671790388187201
02014100604002012101650077119405771840393193200
02014100604012007103990083022006102070403205198
02014100604012010101667073817705611850376187189
02014100604012010101708090624306632450418212206
02014100604012010106130072219405281910337174163
02014100604012011103273074018205581840374187187
02014100604012011103525071718405331780355181174
02014100604012011106354076619405721730399192207
02014100604012012100163073219005421810361174187
02014100604012012100309070618005261840342177165
02014100604012012100793071417405401810359171188
02014100604012012100943064616704791550324145179
02014100604012012101911079320105921960396193203
02014100604012012102062070218305191880331169162
02014100604012012102244070618205241820342172170
02014100604012012102304076017605841870397191206
02014100604012012102830072617805481760372180192
02014100604012012103754077919505841890395190205
02014100604012012103798078220005821930389185204
02014100604012012103885060316404391530286139147
02014100604012012104399061316604471530294142152
02014100604012012104499074518405611770384187197
02014100604012012104528073218905431810362176186
02014100604012012104590079219905931960397195202
02014100604012012104698070819005181820336170166
02014100604012012104864084421806262110415212203
02014100604012012105321078319805851920393194199
02014100604012012105765072518005451740371181190
02014100604022007106154071917805411690372188184
02014100604022007106743071819105271770350175175
02014100604022008110132073218905431850358182176
02014100604022009106099070618305231720351169182
02014100604022012100131077018605841860398193205
02014100604022012101966072418905351790356176180
02014100604022012102094081020106091970412204208
02014100604022012102307074417905651780387191196
02014100604022012102617070419305111790332168164
02014100604022012103209073617705591730386188198
02014100604022012104139072118605351760359178181
02014100604022012104290074118005611730388189199
02014100604022012104490072418505391820357182175
02014100604022012104592074820205461920354176178
02014100604022012109119071918705321760356179177
02014100604032008100544074617305731780395194201
02014100604032009103341076718605811890392197195
02014100604032011101463082920906202020418197221
02014100604032011102450077219605761860390192198
02014100604032012102323076419105731840389189200
02014100604032012103088077218905831880395195200
02014100604032012103143076818505831860397198199
02014100604032012103310077120005711900381190191
02014100604032012110006078319505881870401195206
02014100604042011101218076219005721850387194193
02014100604042011104461061915404651470318152166
02014100604042011105062076319505681850383194189
02014100604042012100396077319905741890385196189
02014100604042012102472075218605661900376185191
02014100604042012102930077219405781930385195190
02014100604042012102942073918205571850372187185
02014100604042012103940073819105471860361182179
02014100604042012104056060315304501480302150152
02014100604042012104136060115204491480301149152
02014100604042012104212076619305731880385191194
02014100604042012104274072917605531740379187192
02014100604042012104409077120205691870382187195
02014100604042012105442077419905751910384190194
02014100604042012106217076918905801960384195189
02014100604042012110047076018805721960376185191
02014100604052010103292086120806532130440220220
02014100604052011103802081119706141950419209210
02014100604052011104482090122106802200460229231
02014100604052012101881081620306132000413207206
02014100604052012102381077619605801960384196188
02014100604052012103853076318305801980382186196
02014100604052012104340076519005751890386195191
02014100604062012101257086521606492180431211220
02014100604072007102143084221206302070423209214
02014100604072009104351084922106282090419208211
02014100604082008100661088021206682180450220230
02014100604092012109208081819906191960423204219
02014100604102008102827076718405831910392193199
02014100604102011103490072118705341860348173175
02014100604102011103497076019405661910375184191
02014100604102011104304073519105441810363180183
02014100604102012100009076118005811890392190202
02014100604102012104511085720906482170431219212
02014100604102012104668086421006542120442219223
02014100604102012104866078818905991910408198210
02014100604102012110100077919605831920391194197
02014100604112009102441078419105931930400199201
02014100604112010103764078318905941930401201200
02014100604112010104114077919005891900399199200
02014100604112010104929061116404471560291148143
02014100604112011104198077218805841870397198199
02014100604112012104059080219306091980411202209
02014100604122009102505079119805931940399203196
02014100604122011103520085220906432080435216219
02014100604122011103928084520106442070437216221
02014100604122012100089075018505651910374189185
02014100604122012100538073920505341890345170175
02014100604122012105732075018405661920374186188
02014100604132008102522089022106692230446223223
02014100604132010101972080319906041900414205209
02014100604132010104559083621806182100408207201
02014100604132011100071081620506112020409203206
02014100604132011102893090622806782270451223228
02014100604142010102387072317405491770372183189
02014100604142011105098066217404881690319159160
02014100604142012104361065217404781620316156160
02014100604142012104715063917704621530309151158
02014100604142012105222062517804471550292143149
02014100604142012105800064217704651530312153159
02014100604152007106154061016804421580284146138
02014100604152010106366069517305221750347172175
02014100604162007106743062116404571570300151149
02014100604162008110132060216004421560286145141
02014100604162009106099069718705101770333170163
02014100604162011101778088623006562170439220219
02014100604162012101503078820405841920392199193
02014100604162012101966060716704401500290141149
02014100604162012102094080120305981940404197207
02014100604162012103282073518205531820371182189
02014100604162012104139060917104381490289140149
02014100604162012104490061216604461510295142153
02014100604162012109119068117005111680343176167
02014100604172009103341071817005481740374187187
02014100604172009104533065918404751670308156152
02014100604172012106223076419105731870386195191
02014100604182008100516074218805541800374183191
02014100604182010103302085822406342160418206212
02014100604182012101769075219305591780381189192
02014100604192010100927077919605831960387190197
02014100604202010103004074219405481880360181179
02014100604202010110016075419205621880374186188
02014100604202011106345073017705531770376182194
02014100604202012103088080320006031980405198207
02014100604202012106092074818905591820377189188
02014100604222010105961073420205321890343175168
02014100604222011109108067317904941670327166161
02014100604222012104559077020505652030362183179
02014100604232012101039073518305521880364187177
02014100604242011105166073818605521790373182191
02014100604252009102505081720506122010411207204
02014100604252011103928075017605741810393192201
02014100604252012104524073218105511810370182188
02014100604252012110093073218105511820369181188
02014100604262008102522078620405821950387191196
02014100604262010101972078818905991870412207205
02014100604262010104559081220806042100394201193
02014100604262011103520080019706031960407202205
02014100604272011102893092121907022240478240238
02014100604312009104487066817604921600332165167
02014100604322011106174081721706002050395201194
02014100604352011100669069817205261730353180173
02014100604352012103264074118405571870370183187
02014100604352012105244070317305301710359178181
02014100604352012105858070117005311690362181181
02014100604382009102505076719605711930378191187
02014100604382011103928076519005751780397190207
02014100604392009106185072718105461760370185185
02014100604392010101508074018205581840374186188
02014100604392010101972079019205981830415203212
02014100604392011103520076018605741870387190197
02014100604392012100764073418005541810373185188
02014100604392012103204074418405601790381186195
02014100604402008102522073518705481810367181186
02014100604402009103643076820305651850380192188
02014100604402011103251084521606292060423209214
02014100604402012100779077418605881880400199201
02014100604402012101019078918706021900412203209
02014100604402012104270079520105941870407199208
02014100604402012105031073518005551880367182185
02014100604402012105673079619705991870412195217
02014100604412010104559080220305991980401202199
02014100604412011100497072118305381870351174177
02014100604412011102893087721606612160445218227
02014100604412012104304076418405801860394192202
02014100604412012104453077318405891840405193212
02014100604442011105641071118405271860341170171
02014100604452009106336077121405571920365185180
02014100604452012100335083122006112090402203199
02014100604452012100865082819306352020433218215
02014100604452012105901080722605811990382192190
02014100604492012101233082621106152050410199211
02014100604492012103566082921306162040412196216
02014100604492012109149083021206182020416199217
02014100604532009106185060115904421510291144147
02014100604532010101508061415104631520311149162
02014100604532012100764061015104591510308150158
02014100604532012103204061415204621520310149161
02014100604562009101967073118405471790368181187
02014100604562009105863078019105891880401189212
02014100604562009106104078419705871970390195195
02014100604562011105266078419305911930398188210
02014100604562012103953074518405611790382184198
02014100604572010101975084120106402040436222214
02014100604572010103016081519806171970420206214
02014100604572011100497072318505381870351178173
02014100604572012100723078318905941860408206202
02014100604572012101644078418905951860409206203
02014100604572012105031071517505401790361180181
02014100604582009106336071220805041840320167153
02014100604582012100335074519705481820366183183
02014100604582012105901075420505491740375174201
02014100605002009105984070919005191870332176156
02014100605022012105058065116604851640321167154
02014100605042008101709076020005601990361179182
02014100605042009106900072918405451750370178192
02014100605042010101017077319005831940389199190
02014100605042012101712079019405961950401205196
02014100605042012101970067117304981660332166166
02014100605042012102197077220305691800389191198
02014100605042012103610074019005501870363183180
02014100605042012104272080921005991970402199203
02014100605042012105480076718805791970382191191
02014100605042012105508077020305671810386189197
02014100605042012109053077619105851830402195207
02014100605072011103636078418705971880409196213
02014100605072012104470073718605511680383195188
02014100605072012109103093524406912370454228226
02014100605102010101975078419005941890405206199
02014100605102010103016077819005881930395193202
02014100605132012100316086321306502060444217227
02014100605182010104223081721006072120395201194
02014100605232010101975077618705891850404199205
02014100605232010103016076118205791870392191201
02014100605232010103171067716605111700341169172
02014100605232012105636071818105371830354178176
02014100605242012105870076100000000000391189202
02014100605292009110093069818205161740342170172
02014100605292011103825072319505281880340172168
02014100605312012104183073717805591710388189199
02014100605342008101669085221506372160421212209
02014100605352011102146060916804411460295146149
02014100605352011104136059717104261420284137147
02014100605362008100114068316405191660353168185
02014100605362008101952068816205261670359170189
02014100605372010104495071517205431860357181176
02014100605372010109144071117405371860351175176
02014100605372010110031072017605441830361184177
02014100605372012101040078319705861880398194204
02014100605372012103658074919005591800379185194
02014100605372012106386074117605651810384185199
02014100605382010101316072718205451820363178185
02014100605382012101100072518905361940342179163
02014100605382012106268069018305071810326172154
02014100605412009106158061316404491470302154148
02014100605422012104916074518805571810376190186
02014100605492010106477080519106141970417209208
02014100605492011109012080419506091990410205205
02014100605512010103681073520405311860345177168
02014100605512010103940078718606011900411202209
02014100605512011103583092822807002210479232247
02014100605512011106544077518405911960395192203
02014100605512012105032078618606001960404197207
02014100605542011102043071218205301760354176178
02014100605542011104658071517405411800361183178
02014100605572012100011098121607652230542244298
02014100605572012100108086821506532070446213233
02014100605572012101185084320106422010441211230
02014100605572012101771091723106862420444223221
02014100605572012105670085321806352040431207224
02014100606002010102611000019300001730000152000
02014100606002012103485078818206061870419199220
02014100606012010102663076319505681890379191188
02014100606012011109026089422006742140460232228
02014100606012012100338071218205301620368175193
02014100606012012103698077518505901780412198214
02014100606012012105348085320606472030444215229
02014100606052008105491061614204741510323153170
02014100606052010100462073718705501850365176189
02014100606052010101869073718305541830371184187
02014100606052010103093078420105831890394196198
02014100606052010106624077819005881900398193205
02014100606052011101576078721005771960381190191
02014100606052012102781079920105981940404193211
02014100606052012103167078219705851910394192202
02014100606052012105509073919305461890357175182
02014100606052012105841075118505661830383194189
02014100606272007103951069317205211610360164196
02014100606272009105278064216904731650308152156
02014100606272009105961064116904721610311151160
02014100606272009110062059716504321510281141140
02014100606272011104031059814904491440305148157
02014100606272011104378064316804751640311151160
02014100606272011106116064216304791500329154175
02014100606272012100610067415405201460374160214
02014100606272012102779063815704811460335155180
02014100606272012104003064116804731660307151156
02014100606272012104369061615304631450318155163
02014100606282009100698075719205651860379187192
02014100606282011104166071419105231800343174169
02014100606282012100090078019705831880395193202
02014100606282012100091078119805831880395193202
02014100606282012100094076819105771910386184202
02014100606282012101021080420406001960404193211
02014100606282012101143079920605931920401193208
02014100606282012101212079319905941910403192211
02014100606282012106156079119805931890404193211
02014100606282012109068075419505591830376186190
02014100606282012110023076719205751910384182202
02014100606292006101222075619205641870377183194
02014100606292010101407065417004841640320157163
02014100606292010103366076219805641960368187181
02014100606292011103871072918905401840356184172
02014100606292012102870076019405661870379185194
02014100606292012104237077419705771910386188198
02014100606312010104035069318005131640349168181
02014100606312010104401081020606041910413212201
02014100606312011104019076719005771930384193191
02014100606312011104419078319305901970393198195
02014100606312012104665078319405891970392197195
02014100606322012104026080519506102020408211197
02014100606322012104737077719005871950392198194
02014100606342008106386073019105391870352172180
02014100606372009104771084420606382070431212219
02014100606372010103195084522106242060418206212
02014100606402010103950076918905801900390190200
02014100606402012105243076419305711910380186194
02014100606412006101222073218405481790369189180
02014100606412007105629073617305631830380189191
02014100606412009100698061715604611530308146162
02014100606412011101475076619505711900381192189
02014100606412011103871062315404691520317151166
02014100606412011104166061015704531500303148155
02014100606412012100913070817105371730364174190
02014100606412012101207075018605641730391186205
02014100606412012101879070618305231770346180166
02014100606412012103563073618805481790369181188
02014100606422012102870066516804971610336163173
02014100606422012104237065816804901660324161163
02014100606422012109068065916904901640326163163
02014100606462009105982062316204611440317153164
02014100606462011106143077019705731880385190195
02014100606462012103825079820405941970397194203
02014100606472009100897062115704641510313151162
02014100606472010104578061815604621510311153158
02014100606472010106363062915504741540320150170
02014100606472011105245085821106472120435212223
02014100606482010100390069314705461530393169224
02014100606522009104035064218704551500305145160
02014100606522010110105098634906372960341189152
02014100606522011105983076818305851860399192207
02014100606542010101969077718705901900400196204
02014100606542012102150087822906492140435220215
02014100606552010101971090023906612210440222218
02014100606552010102453063916204771560321156165
02014100606552010104425086620606602150445224221
02014100606552011110038088822006682230445222223
02014100606552012104358079619106051940411197214
02014100606552012104877077618905871950392193199
02014100606562008101945083620306332040429217212
02014100606562012103165064416604781640314158156
02014100606562012104808079420305911970394196198
02014100606572011104416072918905401780362180182
02014100606572012104841073218705451770368181187
02014100606582009105944080120106002070393195198
02014100606582010102449071317505381720366175191
02014100606582012100376075619105651920373186187
02014100607002012101358072818705411860355176179
02014100607002012103192074919005591870372187185
02014100607022011105245072317105521850367179188
02014100607042010103975064915504941540340158182
02014100607042011100290065015904911480343157186
02014100607042011103571062214904731470326155171
02014100607042012104360063015004801410339161178
02014100607052012100643077519705781910387198189
02014100607052012100736078121405671940373193180
02014100607052012100738071519405211790342171171
02014100607052012104314074719605511830368181187
02014100607072007102690072318405391840355177178
02014100607072009105725073818605521830369184185
02014100607072010101969074018005601810379186193
02014100607072010104164075418805661790387189198
02014100607072012101965075418805661860380186194
02014100607082008101945080120106001940406199207
02014100607082010101971076419605681890379190189
02014100607082010104425077720205751930382193189
02014100607082010104936074418105631830380189191
02014100607082011110038077219105811870394193201
02014100607092012106139079120505861950391194197
02014100607092012110081079918806111820429208221
02014100607182009106603092224106812380443224219
02014100607192010101969075218205701820388189199
02014100607192012100643072120105201930327165162
02014100607192012100736073521305221810341175166
02014100607192012100738070420504991730326168158
02014100607202007102690067315805151570358164194
02014100607202010104164069417805161630353167186
02014100607202012101965067215905131560357167190
02014100607212010101971072117605451850360178182
02014100607212010104425078019905811960385197188
02014100607212011110038078319105921990393194199
02014100607222008101945082220206202060414206208
02014100607232009101903077620305731910382193189
02014100607232010104936075919505641910373185188
02014100607232012106139073619205441790365186179
02014100607232012110081073018805421730369180189
02014100607452010101095067217604961610335161174
02014100607452010104148072018005401710369181188
02014100607452010110013072218205401700370178192
02014100607452011101182072118105401700370174196
02014100607452011104228071418105331710362000000
02014100607452011104427070917705321780354171183
02014100607452012104420073619205441910353182171
02014100607452012104625073819105471920355182173
02014100607452012110084073319205411890352180172
02014100607462008103002071517605391770362177185
02014100607542012104064107026808022600542259283
02014100607572011103692092027006502200430214216
02014100608012012110040081719906182010417206211
02014100608112012104268085521106442200424218206
02014100608112012104915083921306262080418206212
