02006092604222001103389063516904661560310159151
02006092604242001103452068417805061660340171169
02006092604382001103389062116304581530305159146
02006092604382001103452062816304651540311158153
02006092606002000100129073018505451800365180185
02006092606002000102820070816905391690370177193
02006092606002001100473087022106492110438217221
02006092606002002105091069417105231660357174183
02006092606002003103808073519305421870355179176
02006092606002003106129066616904971610336162174
02006092606002004101137067416405101640346168178
02006092606002004101671068017005101630347173174
02006092606002004103104066416005041620342167175
02006092606002004104016067316805051650340168172
02006092606002004104657069616605301700360176184
02006092606002004104979074119505461800366181185
02006092606002004105601067116905021650337167170
02006092606002004106519068817205161680348171177
02006092606011999103690071417805361750361179182
02006092606011999105452069717305241760348177171
02006092606012000110062080521605891990390195195
02006092606012001104244066716705001680332171161
02006092606012001106294068417305111700341169172
02006092606012001110059065615904971600337163174
02006092606012002100812070617105351710364175189
02006092606012002104264066917704921650327162165
02006092606012003101572070217305291710358182176
02006092606012003103159067217404981620336167169
02006092606012003103784072517905461740372183189
02006092606012003104993068117305081720336169167
02006092606012003105345069016705231680355175180
02006092606012003106518069917205271770350176174
02006092606012003106938071017905311740357176181
02006092606012004100642074818005681740394190204
02006092606012004100656071917605431760367186181
02006092606012004102144070117505261730353176177
02006092606012004102512070217805241720352175177
02006092606012004102703075018705631810382186196
02006092606012004104097000000000000000000180000
02006092606012004104642066516804971620335171164
02006092606012004105146071218905231770346173173
02006092606012004106252071417805361670369178191
02006092606012004106394071718405331800353178175
02006092606022000101089073519005451780367182185
02006092606022001102245070818505231770346175171
02006092606022001103671071317305400000000000188
02006092606022001103720076620705591880371189182
02006092606022002100655075519805571810376183193
02006092606022002102364059514704481470301149152
02006092606022002110198068817805101680342172170
02006092606022003100472070417905251660359180179
02006092606022003101304055315503981350263128135
02006092606022003102673064015704831540329160169
02006092606022003102891082820906191950424204220
02006092606022003102894076019405661870379189190
02006092606022003106123071317405391850354176178
02006092606022003106436071218505271770350177173
02006092606022003106527071518705281790349174175
02006092606022003107412074917705721760396196200
02006092606022003109368067217404981670331165166
02006092606022004100325065516304921600332161171
02006092606022004100403072918105481770371185186
02006092606022004101486068717105161640352169183
02006092606022004102085068118005011680333170163
02006092606022004102324072819005381830355175180
02006092606022004102597073118305481770371186185
02006092606022004103257071016705431720371182189
02006092606022004103740081522405912070384185199
02006092606022004105678067916705121600352172180
02006092606022004107161076019305671850382190192
02006092606022004109228069816405341630371178193
02006092606032000101728067416705071650342167175
02006092606032001102066070417005341730361177184
02006092606032001110036063816004781580320157163
02006092606032003100864073318905441810363184179
02006092606032003101160068717105161660350172178
02006092606032003102078069217405181600358177181
02006092606032003102440068817905091670342170172
02006092606032003104476066217604861600326164162
02006092606032003105154072218605361790357178179
02006092606032004101079073719205451850360181179
02006092606032004101525074218805541810373187186
02006092606032004101795074520205431890354176178
02006092606032004103008000017400001690000000000
02006092606032004104596067817904991690330166164
02006092606032004105432075319005631740389199190
02006092606032004105508068217705051710334168166
02006092606032004105551078519605891920397198199
02006092606032004106264075219205601860374189185
02006092606032004106564069418305111680343172171
02006092606042000101664071418005341750359180179
02006092606042001106069070518405211800341171170
02006092606042001110254000016800000000000000000
02006092606042002100921068817505131690344169175
02006092606042002105083072818805401770363182181
02006092606042002105110068616705191660353172181
02006092606042003104149072319005331780355172183
02006092606042003105596068516405211650356173183
02006092606042004102464092124006812210460230230
02006092606042004103286067917505041680336167169
02006092606042004103457067416805061580348170178
02006092606042004104673067615905171610356173183
02006092606042004104903069517705181690349171178
02006092606042004104965068116305181680350173177
02006092606042004106683067416705071650342169173
02006092606042004110174068717605111690342170172
02006092606051998104172076918605831800403193210
02006092606052000110088065216704851600325164161
02006092606052001107606068218005021660336167169
02006092606052002100382066116304981610337165172
02006092606052002102845000016500001630000167000
02006092606052003100257068917205171650352172180
02006092606052003100829071217905331730360176184
02006092606052003101798071518305321720360175185
02006092606052003102489071418005341740360174186
02006092606052003103458070917605331740359176183
02006092606052003105868070918305261730353173180
02006092606052003106378070817805301720358175183
02006092606052003107327067917905001710329170159
02006092606052003110074068316705161660350171179
02006092606052004102234068417705071650342167175
02006092606052004102677071419205221850337173164
02006092606052004103296071118105301710359177182
02006092606052004105072072118605351760359179180
02006092606052004105409069818105171660351174177
02006092606052004105554069117905121630349169180
02006092606052004106883070917805311700361178183
02006092606052004109179070917905301750355170185
02006092606052004110068071517405411830358183175
02006092606062000110237000000005961910405000000
02006092606062001103046073919905401850355174181
02006092606062001110029073819505431830360173187
02006092606062002100561071618305331770356175181
02006092606062003100549066816705011600341171170
02006092606062003102033070218105211650356177179
02006092606062003110152075319505581840374186188
02006092606062004101099071117705341740360181179
02006092606062004102790067317704961670329165164
02006092606062004103182070216705351690366178188
02006092606062004104149064616404821580324163161
02006092606062004104708065116204891580331164167
02006092606062004105335064516004851570328162166
02006092606062004110145071717705401740366181185
02006092606072000109435068617405121740338171167
02006092606072002103761068916805211710350179171
02006092606072003100683071218105311740357182175
02006092606072003102338067316205111620349176173
02006092606072003102561065616404921600332169163
02006092606072003105096066315805051610344170174
02006092606072003105495071517905361730363178185
02006092606072004103486068217105111720339173166
02006092606072004105033065015904911580333166167
02006092606081999110237066916305061580348170178
02006092606082001103049072618405420000000000178
02006092606082001103133060715304541450309145164
02006092606082001104710071518205331780355176179
02006092606082003100483070218405181650353172181
02006092606082003100495072518905361800356177179
02006092606082003102998065316104921570335165170
02006092606082004100409072618105451760369184185
02006092606082004101423065715804991580341170171
02006092606082004101919071217205401760364174190
02006092606082004102893065216204901560334165169
02006092606082004103335068117505061620344164180
02006092606082004103383065916204971560341164177
02006092606082004104257066316205011630338167171
02006092606082004104331072017805421770365177188
02006092606082004105263074019205481800368182186
02006092606082004106297075819105671840383191192
02006092606082004107109073318905441780366182184
02006092606082004110177073219005421810361181180
02006092606102001103125075318905641880376185191
02006092606102001103269000000000000000000168000
02006092606102003102355067617704991660333165168
02006092606102004106053068617605101640346170176
02006092606112000101407086522706382140424209215
02006092606112003101349071518405311780353177176
02006092606112003102789072118405371730364181183
02006092606112004101955065616304931590334162172
02006092606112004105090068717805091740335168167
02006092606121999101793070916805411670374180194
02006092606122000101631083822106172040413207206
02006092606122002110095087422406502170433216217
02006092606122003102574064917604731590314155159
02006092606122003110223072917305561730383186197
02006092606122004105106067917205071620345173172
02006092606122004106954067217504971610336169167
02006092606132001110059062915004791540325158167
02006092606132002100812069417305211710350174176
02006092606132003106630072418605381810357178179
02006092606132003106938067017704931680325164161
02006092606132004101587073819205461830363181182
02006092606132004102144065616604901620328163165
02006092606132004102512065717204851630322160162
02006092606132004102743074219305491810368182186
02006092606142000101532076919205771900387194193
02006092606142000102820065516104941650329163166
02006092606142002110182077720405731940379194185
02006092606142003102282066317204911650326162164
02006092606142003103784000000004790000000000185
02006092606142004101547062716104661530313155158
02006092606142004101894071918505341750359175184
02006092606142004103850073418105531730380187193
02006092606142004105904080420905951970398196202
02006092606142004106252066516005051670338169169
02006092606142004107161069617605201650355172183
02006092606152001102245063316204711620309157152
02006092606152002100655065816504931560337163174
02006092606152002105091066815705111660345171174
02006092606152002109205086019806622110451000000
02006092606152003105093070017705231700353169184
02006092606152004101137066016704931630330161169
02006092606152004101197067917005091700339172167
02006092606152004103104066816904991570342166176
02006092606152004104016067116605051630342170172
02006092606152004105601067116605051650340169171
02006092606152004106049073418005541780376185191
02006092606152004107044068516905161670349166183
02006092606162001102066067616605101720338171167
02006092606162001103671065100000000000334164170
02006092606162003100864066517604891660323160163
02006092606162003105129075220905431900353179174
02006092606162003106436062816504631610302155147
02006092606162004101079066317404891660323159164
02006092606162004101486067916805111640347171176
02006092606162004101525071217805341790355176179
02006092606162004102324067916805111650346171175
02006092606162004103450067718004971710326163163
02006092606162004104097073819305451730372181191
02006092606162004104586072118605351700365183182
02006092606162004105642067618104951710324162162
02006092606162004106394068818105071720335168167
02006092606162004106519067016505051640341169172
02006092606171999103690068517205131690344169175
02006092606172000107249069818105171700347170177
02006092606172001110036060615404521540298153145
02006092606172003101018058415504291460283142141
02006092606172003101160062815704711510320154166
02006092606172003102492070619505111740337171166
02006092606172003102673061915404651530312154158
02006092606172003102815067017604941700324166158
02006092606172003103800065316404891600329164165
02006092606172003105154062816404641520312152160
02006092606172003105459069918405151730342167175
02006092606172003105917073519205431820361182179
02006092606172003107368061616604501550295148147
02006092606172003109368000000000000000000000156
02006092606172003110211067916705121630349175174
02006092606172004102677068218504971700327168159
02006092606172004105201069317905141700344170174
02006092606172004105432067119004811690312158154
02006092606182000101728062615604701520318156162
02006092606182000105043062917404551590296152144
02006092606182001103395061315304601520308153155
02006092606182001109366060515504501440306147159
02006092606182003102078064114904921500342151191
02006092606182003102894066217204901640326164162
02006092606182003104476060200000000000297147150
02006092606182003105345067316705061630343168175
02006092606182004100325064716504821570325160165
02006092606182004100403066117104901630327162165
02006092606182004102085063316004731540319158161
02006092606182004102597066317004931640329162167
02006092606182004103257062915404751540321160161
02006092606182004103740064117904621620300149151
02006092606182004104673066016404961620334166168
02006092606182004105146068517505101710339169170
02006092606182004105551065017004801550325161164
02006092606182004105667068017605041660338165173
02006092606191998104172073718105561740382184198
02006092606192000101664067817205061730333166167
02006092606192001106069067818004980000000000161
02006092606192002100382064315904841530331157174
02006092606192002100921065517104841660318162156
02006092606192003104149068817805101770333159174
02006092606192004103457065815705011540347169178
02006092606192004104903068517105141690345170175
02006092606192004110174068417605081710337171166
02006092606202001107606065516904861630323163160
02006092606202002100879065616404920000000000172
02006092606202002105083064416304811540327158169
02006092606202003100257065716904881630325161164
02006092606202003100829065216604861600326161165
02006092606202003101798069017505151670348173175
02006092606202003102460071417005441690375186189
02006092606202003102489068717305141660348168180
02006092606202003103279064717004771640313155158
02006092606202003104124070318005231640359171188
02006092606202003105596068217005121710341165176
02006092606202003107327064817404741610313160153
02006092606202004102234064816104871530334164170
02006092606212000109435000000004671520315153162
02006092606212001103049064516904761660310000000
02006092606212003100549062915804711580313164149
02006092606212003100900067817305051710334169165
02006092606212003105490069800000000000000000000
02006092606212003105868000000005140000000000170
02006092606212004100409067516905061660340170170
02006092606212004101480069818005181770341172169
02006092606212004101919062015904611530308155153
02006092606212004103486062116204591470312153159
02006092606212004104149062815804701610309155154
02006092606212004104331062316004631500313156157
02006092606212004104708065216004921600332166166
02006092606212004104976077818405941940400200200
02006092606212004105335060515604491550294148146
02006092606212004107188069918605131810332185147
02006092606212004109179066517304921630329162167
02006092606222000110102067817605021640338169169
02006092606222002103761059915104481520296147149
02006092606222003100683066116804931580335171164
02006092606222003102338060015004501460304149155
02006092606222003103458068317405091720337167170
02006092606222003105096065015404961540342169173
02006092606222003105495068016805121640348173175
02006092606222004101180069819405041810323176147
02006092606222004110163071617705391800359177182
02006092606231998110029069418105131590354182172
02006092606232001103046071819205261820344177167
02006092606232001103133058815404341450289144145
02006092606232001110029068918805011690332164168
02006092606232003100483066817404941630331165166
02006092606232003102561064917004791600319157162
02006092606232003102998059114604451440301149152
02006092606232003107064065916004991650334168166
02006092606232003110152074719205551870368188180
02006092606232004102893058614404421410301149152
02006092606232004104257064416204821590323159164
02006092606232004105033064617204741570317160157
02006092606232004110112075219905531950358189169
02006092606241999101927070118705141760338173165
02006092606242001100355069518005151770338175163
02006092606242001102114069618105151690346175171
02006092606242001103476070018005201770343173170
02006092606242003101569070418805161760340174166
02006092606242003102789069517905161730343166177
02006092606242003110171000000004550000000000000
02006092606242004102790067417604981660332166166
02006092606252000101444062815904691550314152162
02006092606252002102759064116104801620318163155
02006092606252003107288066718404831760307163144
02006092606252003110196066116504961630333164169
02006092606252003110223065716104961590337161176
02006092606252004105106067616505111670344170174
02006092606262000101407079419106031970406210196
02006092606262000101532071817205461770369186183
02006092606262002110095079520005951980397197200
02006092606272000101631083120606252060419212207
02006092606272004105904077118405871900397198199
02006092606282002100602068017205081690339167172
02006092606282003107421071016305471760371182189
02006092606282003107424073216905631680395186209
02006092606292003103784000000000000000000000000
02006092606292004103008060715404531470306154152
02006092606292004103286061715904581510307155152
02006092606302000107249067316605071640343172171
02006092606302002103368074118905521780374185189
02006092606302002103667069117405171660351172179
02006092606302002104237078219105911870404195209
02006092606302003103800066016204981590339165174
02006092606311998105457067118104901670323165158
02006092606312004105201068717805091690340164176
02006092606332003110210067218704851750310162148
02006092606342002100879071817805401770363184179
02006092606342003102460069416605281730355175180
02006092606342003104124070116805331660367179188
02006092606342003106031064716804791600319155164
02006092606342004104808065917104881620326158168
02006092606352001102680064016004801520328158170
02006092606352003100237065316504881610327161166
02006092606362001200036067117005011620339162177
02006092606362002100475000000004991700329162167
02006092606362003103589074318405591810378184194
02006092606362004100786068417005141660348170178
02006092606362004101225069217205201710349170179
02006092606372001102434067416905051640341165176
02006092606372001109335069816905291730356171185
02006092606372002101351069117305181690349171178
02006092606372003106390072918305461870359184175
02006092606372004100635070018405161730343169174
02006092606372004101135069218405081680340169171
02006092606372004102083071818705311800351178173
02006092606372004105035071418605281750353179174
02006092606382003100380065916204971580339160179
02006092606382003104083073419105431810362180182
02006092606382003109432066616105051630342163179
02006092606382004100191067017104991630336167169
02006092606382004102471083921206272020425208217
02006092606382004107167067217105011640337166171
02006092606382004109224072917705521830369188181
02006092606391998110029063418804461650281152129
02006092606392000101532070217705251760349178171
02006092606392000110102062917404551650290159131
02006092606392004110112067018604841740310171139
02006092606392004110163064517004751760299155144
02006092606402000101444057615104251410284135149
02006092606402002100800000016600001690000177000
02006092606402002103226063815704811560325159166
02006092606402003100752068117205091660343172171
02006092606402003101406063116004711580313155158
02006092606402003101638070217805241720352176176
02006092606402003101710067716405131670346176170
02006092606402003110196057415204221420280134146
02006092606402004105485065016504851630322162160
02006092606402004106613069517405211700351175176
02006092606412000101407075318705661840382186196
02006092606412002100466064216604761610315156159
02006092606412002100815067717005071700337169168
02006092606412002110095075418305711850386193193
02006092606412003105940067417704971720325167158
02006092606412003105991068617205141720342168174
02006092606412003109174065816504931600333164169
02006092606412004100573066715805091630346170176
02006092606422000101631075919805611860375192183
02006092606422003101189066818004881640324165159
02006092606422003101272074818605621880374184190
02006092606422003102913070317705261720354176178
02006092606422003104483072418005441790365190175
02006092606422004100801069718205151750340171169
02006092606422004102101067017005001680332166166
02006092606422004104512067416805061680338174164
02006092606432002103680073919405451810364183181
02006092606432003105378066516505001570343162181
02006092606432003107439070617905271750352168184
02006092606432004101112068517705080000000000167
02006092606432004103077069517505201690351174177
02006092606432004103497069417305211700351000000
02006092606432004106538068517705081710337170167
02006092606442000100785073117705541780376187189
02006092606442001104323069418905051710334167167
02006092606442003101688071318705261740352175177
02006092606442003102486063916004791540325161164
02006092606442003102656067919404851780307162145
02006092606442003104216071918805311830348176172
02006092606442003105067065316304901620328164164
02006092606442003106920068917405151700345171174
02006092606442004100634060615904471520295149146
02006092606452001103395061515404611510310155155
02006092606452002103368066616405021650337166171
02006092606452003101123069017305171720345172173
02006092606452003102947074321405291880341178163
02006092606452004100047074320705361860350182168
02006092606452004101217062214904731490324155169
02006092606452004103235069118305081740334167167
02006092606462003107407068218904931710322160162
02006092606472001103385000000000000000319158161
02006092606472001106767068517805071690338170168
02006092606472003100276068317905041650339172167
02006092606472003102775067917805011670334167167
02006092606482001105181067417205021610341166175
02006092606482002110255068617405121680344169175
02006092606492001200036065415504991650334168166
02006092606492004100734071218205301770353173180
02006092606492004100786064315704861560330163167
02006092606492004101225066716205051600345169176
02006092606492004110094070818205261770349175174
02006092606502001102680069417405201720348171177
02006092606502003103589070717205351720363177186
02006092606502003106390072718905381790359182177
02006092606502004100635069717805191710348170178
02006092606502004102083069217605161680348176172
02006092606502004104559067616705091700339170169
02006092606512001103362068417805061680338171167
02006092606512001104525000000000000000000000000
02006092606512003106594068619004961680328164164
02006092606512003110006067217404981680330165165
02006092606512004106748072318605371880349178171
02006092606522002100475064115404871570330154176
02006092606522002101351067017005001640336168168
02006092606522003102647075619605601910369186183
02006092606522003105915070918205271730354175179
02006092606522003109432061415904551450310149161
02006092606522003109454070718005271680359182177
02006092606522004103770068418105031740329166163
02006092606522004106613068717005171700347174173
02006092606532003100380063415904751520323158165
02006092606532003101638067216805041690335170165
02006092606532003109174066216604961650331165166
02006092606532003110081075119805531910362183179
02006092606532004101135063416004741580316157159
02006092606542003100752066616305031660337165172
02006092606542003104083065816804901630327160167
02006092606542003106212068317005131680345174171
02006092606542004100573063915504841560328167161
02006092606542004101448069317005231670356177179
02006092606542004101953070216905331730360182178
02006092606542004102471082821406142080406202204
02006092606542004105485066816904991640335170165
02006092606542004107336071017705331740359182177
02006092606552002100800063116304681570311153158
02006092606552002103226064815904891560333163170
02006092606552003101272071918005391810358178180
02006092606552003101710066916905001660334167167
02006092606552003104644066717004971640333161172
02006092606552003107092070918305261660360172188
02006092606562002100815069617605201630357171186
02006092606562003104230079117906121790433209224
02006092606562003105378060515204531440309146163
02006092606562003105940065616804881650323166157
02006092606562003105991067317105021690333163170
02006092606562003106531064700000000000332162170
02006092606562004105250079621105852030382193189
02006092606572003102947065717604811690312159153
02006092606572003105155084521306322070425212213
02006092606572004100047068219504871740313163150
02006092606572004102936067217105011650336170166
02006092606572004103077066016804921660326166160
02006092606572004103235071019605141790335171164
02006092606572004104512062615904671540313155158
02006092606582003102699073417705571870370186184
02006092606582003103684065117004811590322157165
02006092606582003104324087724706302200410208202
02006092606582003107439065317204811610320161159
02006092606582004101572076220205601920368187181
02006092606582004102336076220205601920368188180
02006092606582004104359087724306342250409210199
02006092606592002105360079120205891930396200196
02006092606592003104216069016405261670359179180
02006092606592004101112067818204961740322165157
02006092606592004101217064015904811530328161167
02006092606592004106538067718204951730322166156
02006092606592004107103066417904851700315160155
02006092607002003101123068917205171780339173166
02006092607002003102623070418705171760341168173
02006092607002003105067066416405001610339166173
02006092607002004100046072619105351820353176177
02006092607002004100634066117004911580333166167
02006092607002004102847068817505131690344169175
02006092607002004110198067416505091670342170172
02006092607012001103385000000000000000000000000
02006092607022001105181062215904631560307153154
02006092607022001106767068017305071680339167172
02006092607022002110255060415404501460304143161
02006092607022003100276068017205081690339166173
02006092607022003102095062415104731510322158164
02006092607022003102775067417105031670336162174
02006092607042004100174070618105251800345172173
02006092607042004104325071418905251790346176170
02006092607052003105915069317005231710352174178
02006092607052003109454063816504731580315155160
02006092607052004100734066317704861630323160163
02006092607052004104626071218605261700356180176
02006092607052004110094066017604841630321160161
02006092607272001104257060816104471500297149148
02006092607272002100931064016504751570318158160
02006092607272004101176067300000000000342174168
02006092607272004105570066116604951620333170163
02006092607282000107343072018805321810351178173
02006092607282002106160067316105121640348168180
02006092607282003104230084519706481940454237217
02006092607282004100338076920005691870382192190
02006092607292003105155081820206162020414210204
02006092607292003106384078818905991920407200207
02006092607292004104582080119706041990405200205
02006092607302001101242064016504751550320158162
02006092607302002103414064517004751550320153167
02006092607302003102699074417905651840381194187
02006092607312003100737066617904871640323160163
02006092607312003106022000000005261760350000000
02006092607332001101511077520605691980371190181
02006092607332002105261071318305301770353178175
02006092607332002110035075319205611840377182195
02006092607332003103011066916705021670335169166
02006092607332003104307071017605341780356174182
02006092607332004105860000017200000000000000000
02006092607332004106511081821706011970404198206
02006092607342002106207066317204911690322163159
02006092607372003105545071217605361760360177183
02006092607382004102198070018505151810334182152
02006092607392000103433076121105501860364000000
02006092607392003103677067616905071660341168173
02006092607392004106781070117005311700361179182
02006092607402002106160072616505611740387189198
02006092607402003103013091623206842360448225223
02006092607402004100338071318905241780346172174
02006092607422000107343069417505191740345177168
02006092607442003100737066917004991670332168164
02006092607442003102699072118905321800352175177
02006092607442003103828093325206812360445225220
02006092607442003104230078318905941870407199208
02006092607442003105155077620705691880381190191
02006092607452002100835077119805731870386191195
02006092607462001103877092225106712250446228218
02006092607462004100324071020405061810325166159
02006092607462004105860000016900001630000000000
02006092607462004106880071020305071820325166159
02006092607472004109219060915204571520305148157
02006092607482004105237066616704991650334164170
02006092607491998106551070917905301740356173183
02006092607492002105261067519704781780300173127
02006092607492003104307062317704461640282158124
02006092607492004103950069817305251690356176180
02006092607492004106099069817205261710355175180
02006092607502002110035075818105771830394198196
02006092607502003103011000000004861770309179130
02006092607502004106511085220906432090434220214
02006092607532001105357071518405311760355178177
02006092607532003103833069119005011760325169156
02006092607532004106230075018905611840377184193
02006092607552002105804075916805911950396208188
02006092607572003101596073718505521780374188186
02006092607581999100207061715504621510311151160
02006092607592003109314069017805121700342173169
02006092607592004102332075119005611820379182197
02006092607592004103119068917605131690344173171
02006092607592004105319073717205651850380189191
02006092608012001103114068717905081710337167170
02006092608012003100797065116304881620326164162
02006092608012003101573064515604891610328163165
02006092608012003102005065616604901630327163164
02006092608021998106551068216505171670350173177
02006092608022002104444000000005111730338168170
02006092608022004104905071718705301740356182174
02006092608022004106099071318205311790352175177
02006092608022004106909072318405391800359178181
02006092608022004109177072418905351730362181181
02006092608032003102159074918305661850381190191
02006092608032003105432074819705511820369182187
02006092608032003105804070318505181760342178164
02006092608052001105815081821206062010405207198
02006092608052003110122069317205211700351173178
02006092608062004106230066516704981670331164167
02006092608072001103331063015804721570315155160
02006092608072004103932063015904711530318158160
02006092608082002105179064816204861580328164164
02006092608092003100223064716504821570325158167
02006092608102002105804067116505061710335168167
02006092608102003101596073418005541780376187189
02006092608112003106943079019705931950398197201
02006092608122000102639062800000000000332158174
02006092608122002103648064516404811550326151175
02006092608122004105319064817204761560320151169
02006092608131999100207083320606272030424204220
02006092608132003106044080821805901940396191205
02006092608142002102527067815805201640356171185
02006092608142002102863070418205221770345174171
02006092608142003109314063916604731600313158155
02006092608142004103119064116604751610314158156
02006092608142004104083069017505151750340171169
02006092608142004200001058514904361410295139156
02006092608151999106004062016704531460307149158
02006092608152001103114067017304971640333165168
02006092608172003102159058916704221420280141139
02006092608182000102182066918204871700317159158
02006092608182002104444061516904461540292145147
02006092608182003100775069717705201700350173177
02006092608182003102221078820205861950391196195
02006092608182003110122065018504651540311157154
02006092608182004103300077719505821880394190204
02006092608182004106909067417904951610334166168
02006092608192003105432068617205141650349173176
02006092608192004101855069518305121730339172167
02006092608192004105965000000005041700334169165
02006092608202001105815062515804671480319165154
02006092608202002105179068917605131670346174172
02006092608202003103777077818005981860412198214
02006092608212000100128066516505001690331163168
02006092608212003110212066616105051660339169170
02006092608222003100528069016605241670357177180
02006092608222003106081067117204991640335170165
02006092608222004101532065515105041560348171177
02006092608222004101941067017005001690331167164
02006092608222004103985068816805201670353172181
02006092608232004104746068218404981710327167160
02006092608232004106965068318404991710328168160
02006092608442003103777059013604541340320140180
02006092608452003100950063016104691550314156158
02006092608452003103806067616405121630349171178
02006092608452004101431068416805161660350174176
02006092608452004103384066416504991620337169168
02006092608452004104540069618005161720344177167
02006092608452004107050068018005001640336169167
02006092608461998101862066717304941600334160174
02006092608462003104501071517005451800365185180
02006092608462003105112068517105141690345171174
02006092608462003105116066216904931600333164169
02006092608462003105273069317505181730345171174
02006092608462003105717065816504931580335164171
02006092608462004100080068417205121660346174172
02006092608462004100089066816705011610340166174
02006092608462004100867070016405361710365182183
02006092608462004103064066516305021620340171169
02006092608462004103284064516304821650317163154
02006092608462004103541066616505011620339165174
02006092608462004104277068717605111590352171181
02006092608462004104348070017105291740355175180
02006092608462004104965067515905161670349173176
02006092608462004105688067617405021610341168173
02006092608462004110024065015804921580334164170
02006092608462004110126066016304971610336164172
02006092608471999100617068317305101680342172170
02006092608471999101661071818305351760359176183
02006092608472002101568068118504961680328167161
02006092608472002104337075119405571880369189180
02006092608472002105027064315004931530340166174
02006092608472002109421067517105041730331166165
02006092608472003101163075219405581890369189180
02006092608472003106086070117605251820343174169
02006092608472003107187069617505211750346177169
02006092608472003110207073019105391830356176180
02006092608472004100182072018005401820358178180
02006092608472004100554072716205651770388187201
02006092608472004100559072218005421860356174182
02006092608472004100728000017300001720000171000
02006092608472004100842072218305391850354175179
02006092608472004100881068717305141720342172170
02006092608472004102109069216105311710360175185
02006092608472004102291070817305351830352176176
02006092608472004103765070917105381750363185178
02006092608472004103798065716004971520345169176
02006092608472004104135071918405351710364183181
02006092608472004104536072118305381760362180182
02006092608472004104899073617205641730391187204
02006092608472004105445064215304891590330162168
02006092608472004105495068817305151720343172171
02006092608472004105938070918705221760346178168
02006092608482001106612067617005061650341171170
02006092608482002104933065516904861560330164166
02006092608482002110074055213204201360284138146
02006092608482003110201066316205011600341163178
02006092608482004103380074220105411840357182175
02006092608482004103789066717004971570340166174
02006092608482004104816074320305401820358183175
02006092608482004106196072517205531750378188190
02006092608482004106702068217005121720340163177
02006092608482004110118068117005111710340163177
02006092608482004110160074317505681880380190190
02006092608482004110252000016200001580000156000
02006092608492001110257074218105611830378184194
02006092608492002105225065516204931600333166167
02006092608492003103664065416604881590329162167
02006092608492003104145067716205151670348167181
02006092608492003104566069117305181700348171177
02006092608492003104958072117005511710380186194
02006092608492003106457066117304881680320163157
02006092608492004100873070717905281730355176179
02006092608492004101672068917105181700348172176
02006092608492004102188069417305211710350174176
02006092608492004102555082021306072020405204201
02006092608492004102899063915804811610320158162
02006092608492004105616061516104541530301150151
02006092608492004106513069317205211710350172178
02006092608492004110146071417705371720365180185
02006092608492004110245064916104881610327162165
02006092608492004110251064215804841600324159165
02006092608492004110254064416204821580324158166
02006092608502001105538068717305141740340167173
02006092608502001110170068117705041640340163177
02006092608502002102157072619405321840348179169
02006092608502003101341067417105031680335164171
02006092608502003102488000000000000000364182182
02006092608502003102777070918505241740350173177
02006092608502003102819065316404891630326162164
02006092608502003103733067316905041710333166167
02006092608502003105711066617104951650330165165
02006092608502003110100000000000000000308152156
02006092608502003110168058214204401390301148153
02006092608502004100319065115704941620332162170
02006092608502004101887065717004871600327159168
02006092608502004101920069717105261710355177178
02006092608502004102351068416705171680349173176
02006092608502004102773072819405341850349180169
02006092608502004103221068317105121680344172172
02006092608502004104716064716504821620320158162
02006092608502004106199065815904991660333161172
02006092608502004106581070117905221700352179173
02006092608502004106988000000005111700341172169
02006092608502004107325067716105161750341176165
02006092608502004110230064016104791600319156163
02006092608511999104980111735707603350425219206
02006092608512002100791070017805221740348173175
02006092608522001103111070317805251690356178178
02006092608522004101487072117905421780364182182
02006092608522004103107076318905741840390195195
02006092608522004104968069417505191700349178171
02006092608522004106225069017005201690351176175
02006092608522004106504076418905751830392196196
02006092608532002109276068416305211680353175178
02006092608532003105839068617705091790330181149
02006092608532004100815066916205071610346174172
02006092608532004101771069417005241710353172181
02006092608532004105082069617805181690349174175
02006092608542000110179072517505501780372185187
02006092608542004101989065916804911550336165171
02006092608542004106602066316704961630333166167
02006092608542004106966069517905161720344172172
02006092608552001103166067715905181690349177172
02006092608552001104633064700000000000321162159
02006092608552002100306066417404901650325160165
02006092608552002101848068318504981690329161168
02006092608552002107319072218505371820355181174
02006092608552003101479069918205171770340172168
02006092608552004101134065917104881620326161165
02006092608552004101840063915904801590321155166
02006092608552004101980070217505271680359174185
02006092608552004104782072718805391820357181176
02006092608552004110127066716505021630339168171
02006092608562002100770066917604931630330164166
02006092608562002104020069817705211720349177172
02006092608562003102463064419004541560298148150
02006092608562003102846064716804791630316159157
02006092608562004104764067616705091760333170163
02006092608562004105373068017205081690339170169
02006092608572004104256071518205331790354179175
02006092608582001103337000000004330000000000000
02006092608582001110051063815704811510330156174
02006092608582002109085112828808402990541000000
02006092608591999101661067516505101660344172172
02006092608592003101698069618605101720338170168
02006092608592003103806066216105011590342168174
02006092608592004100394075318505681890379186193
02006092608592004100554074818105671800387183204
02006092608592004100674071616705491780371189182
02006092608592004104135067816605121640348172176
02006092608592004104463067016805021590343165178
02006092608592004104536067616605101670343169174
02006092608592004104540063016604641590305153152
02006092608592004104661069617805181720346171175
02006092608592004105688065216804841630321165156
02006092608592004105709075318505681890379186193
02006092608592004107050064816804801650315157158
02006092609001999100617066916605031670336166170
02006092609002001106612068717505121750337172165
02006092609002002101568067118204891690320163157
02006092609002002109421067417305011690332168164
02006092609002003101163066717504921720320163157
02006092609002003101510070617905271780349181168
02006092609002003105116067317305001640336169167
02006092609002004103384066617104951610334169165
02006092609002004105938066818404841720312158154
02006092609011998101862065116804831560327159168
02006092609012003106309062616604601560304150154
02006092609012004103064069617005261730353172181
02006092609012004104187073218605461810365179186
02006092609012004110126067916605131680345171174
02006092609022003103582066316704961670329162167
02006092609022003104145065015904911590332162170
02006092609022003105112067216805041690335166169
02006092609022003106086067816105171720345174171
02006092609022003110187065816804901650325162163
02006092609022004100080067016405061690337167170
02006092609022004100328071019105191740345172173
02006092609022004100867067517005051670338167171
02006092609022004102291068717105161710345169176
02006092609022004103765070917705321730359181178
02006092609022004104899068817205161710345171174
02006092609022004105445063115304781510327161166
02006092609022004106372065816604921640328165163
02006092609022004110241071019105191750344172172
02006092609032000103574060814704611430318149169
02006092609032003100767071718205351760359181178
02006092609032003104566066916805011630338167171
02006092609032003104958067316705061630343166177
02006092609032003110201065015604941560338165173
02006092609032004100728065216704851620323159164
02006092609032004100881065216704851620323159164
02006092609032004101672066616804981630335165170
02006092609032004102188067216705051640341168173
02006092609032004102899062416204621510311153158
02006092609032004105495065216704851620323159164
02006092609032004105616058315404291420287142145
02006092609032004106513067116705041630341167174
02006092609032004106946071617405421770365179186
02006092609032004110245060816004481490299145154
02006092609032004110251061616204541500304146158
02006092609032004110252000016100001490000147000
02006092609032004110254061516104541520302148154
02006092609042001105538072300000000000355175180
02006092609042003102777065917204871620325158167
02006092609042003103733061515804571530304154150
02006092609042003105711067516905061660340168172
02006092609042004102351069216905231740349173176
02006092609042004106581069517405211680353174179
02006092609042004106988000016100001540000156000
02006092609042004107325066916205071620345167178
02006092609051999104980101900000000000350201149
02006092609052001110257065914805111660345172173
02006092609052002100791066317004931650328161167
02006092609052003101341064516204831580325157168
02006092609052003110100055814904090000000000000
02006092609052004101887067816505131640349176173
02006092609052004103221063716204751560319159160
02006092609052004104716066417604881690319160159
02006092609052004106199066717504921700322161161
02006092609052004110146064115404871650322159163
02006092609052004110230066215905031590344171173
02006092609062001103111072117605451710374179195
02006092609062003103664064516004851660319157162
02006092609062003110168067915105281550373181192
02006092609062004103107079119505962000396198198
02006092609062004106504079119605951990396198198
02006092609072002100488063115104801510329161168
02006092609072003105160063716004771550322159163
02006092609072004100979064216104811520329165164
02006092609092002104020068718505021690333170163
02006092609092002107468070217705251730352176176
02006092609092004103387067116605051640341169172
02006092609092004103417064616604801590321160161
02006092609102003101479070719005171770340171169
02006092609102003106094076720405631890374188186
02006092609102004102779066617404921670325163162
02006092609102004103435069219105011700331165166
02006092609112002107319073019405361850351177174
02006092609112004104782073519605391850354178176
02006092609122004101134061015304571520305152153
02006092609142002110174084122306182120406206200
02006092609142003101698063518304521700282156126
02006092609142003102529067417205021630339165174
02006092609142003102852084221506272100417211206
02006092609142004100394068419604881860302170132
02006092609142004100674065417104831740309173136
02006092609142004105709068019504851860299168131
02006092609152003102721080924705622100352178174
02006092609162003103357093624806882260462227235
02006092609162004110241064816204861600326160166
02006092609162004110242064816204861600326159167
02006092609172003103582067516905061730333166167
02006092609172003106309060115504461500296146150
02006092609172003110187066616704991650334166168
02006092609172004106372067516805071730334169165
02006092609182003100412067417405001660334167167
02006092609192004102054062215104711520319154165
02006092609201997103882075018605641800384180204
02006092609202003105581067517205031700333169164
02006092609212003100128000017600001650000174000
02006092609212003100869069417305211750346172174
02006092609212003104775062415504691490320159161
02006092609212003107382068518904961710325161164
02006092609212004102462066715705101670343169174
02006092609242001104108079020005901940396194202
02006092609242002107468064416804761580318157161
02006092609262000110209072818705411870354183171
02006092609272003103465065316104921600332164168
02006092609272003104258064715804891560333162171
02006092609272003107422072019805221840338188150
02006092609272004102136068917405151800335168167
02006092609272004107106066317204911640327163164
02006092609282002110174073419005441840360181179
02006092609282003102721069520804871750312153159
02006092609282003109460065216804841620322160162
02006092609292000110110066116105001670333166167
02006092609292003102852080320605971990398200198
02006092609292003109439066316404991670332167165
02006092609302000101707075919105681900378188190
02006092609302002100745067017304971660331161170
02006092609302004105574071018305271720355174181
02006092609312003103357089424006542270427214213
02006092609312004102054065816604921580334166168
02006092609322003100412065916504941630331163168
02006092609331997103337088822706612220439220219
02006092609332002100888084520706382070431219212
02006092609332004104585087322706462170429216213
02006092609342002103711067518004951650330163167
02006092609342004100456069618405121720340172168
02006092609342004103500070118805131690344172172
02006092609352000101383000033400003100000324000
02006092609362002102912070417505291680361180181
02006092609362003100128000000004741630311157154
02006092609362003107382065917104881680320159161
02006092609372003100022072918505441810363182181
02006092609372003101197000000000000000000179000
02006092609381999101718062114304781430335159176
02006092609401999110153059914204571450312150162
02006092609402000110209065116104901630327170157
02006092609402004109415071318405291820347170177
02006092609402004110080072518605391800359174185
02006092609412002110174078220205801970383191192
02006092609422003102852075420605481820366183183
02006092609422003103465062215804641540310159151
02006092609422003104258061315804551490306153153
02006092609432003109460065516904861630323160163
02006092609442003102588070219005121800332174158
02006092609442003109439059515804371510286144142
02006092609452000110110061815204661520314152162
02006092609452001103073082823205961930403198205
02006092609452002100745071118105301760354178176
02006092609452003103357082121406071990408203205
02006092609452004103832068220004821740308157151
02006092609452004105574071318205311700361179182
02006092609462002103274063416704671530314152162
02006092609462004106906065115304981570341167174
02006092609462004109160069717005271650362179183
02006092609462004109165065015304971570340167173
02006092609472004104585075918305761800396195201
02006092609502003100022076818505831880395202193
02006092609502003101197066717504921650327162165
02006092609522002100069070717805291800349175174
02006092609522003100718000000004751570318157161
02006092609522003103079071918705321760356178178
02006092609522004100823073418605481800368180188
02006092609522004109415067116005111690342166176
02006092609532004106272075718805691890380189191
02006092609532004110080072317605471840363181182
02006092609582001103073083020106292010428208220
02006092609592000106903075420505491880361182179
02006092610061997101115072719005371890348175173
02006092610082002100069066318104821690313171142
02006092610082003103079064016904711730298167131
02006092610082004100823066218404781690309173136
02006092610082004106272065617904771740303169134
02006092610132000106903078022005601920368187181
02006092610212004107297079520605892000389198191
02006092610232003102263080220106011960405201204
02006092610242003102535080720206052010404208196
02006092610342004107297071518405311810350177173
