02006091702432001103389000015700002690000000000
02006091702452001103389000000000000000000000000
02006091702472001103452059715904381490289147142
02006091703012001103389053613903971330264130134
02006091703012001103452053113903921310261130131
02006091704292002102527000018300000000000000000
02006091704302001110059068116105201670353171182
02006091704302003100376071818905291750354178176
02006091704302003102891065716404931580335161174
02006091704302003102894072518605391760363187176
02006091704302003102900069918005191720347176171
02006091704302003103159070017205281660362173189
02006091704302003104993075219905531850368184184
02006091704302003106438074019305471850362181181
02006091704302003106518070117505261750351177174
02006091704302003106945079321605772030374191183
02006091704302003109297066517004951670328164164
02006091704302004101225073518705481780370183187
02006091704302004101480074619405521820370185185
02006091704302004102185059716104361510285144141
02006091704302004102291070117405271740353178175
02006091704302004103765074318805551790376179197
02006091704312001106294068916705221730349177172
02006091704312002100800069617005261750351175176
02006091704312002110198073018405461830363180183
02006091704312003100443073217605561750381188193
02006091704312003100864076419305711870384192192
02006091704312003101329062015504651520313153160
02006091704312003103258067816805101660344169175
02006091704312003103765071718205351780357176181
02006091704312004101304074619005561760380188192
02006091704312004101426069717905181750343175168
02006091704312004101840075318905641820382194188
02006091704312004101907082522306021990403209194
02006091704312004102581076219205701870383194189
02006091704312004102703080521205931900403193210
02006091704312004103104075417905751730402191211
02006091704312004103500071117905321760356178178
02006091704312004106252077219305791770402194208
02006091704312004106857068318005031710332173159
02006091704312004106895076419805661810385188197
02006091704312004106898080320905941890405195210
02006091704312004110175072617905471850362181181
02006091704322001100473079920205971920405200205
02006091704322001103720084423106132040409210199
02006091704322002100812074718105661820384186198
02006091704322002104264074118805531820371183188
02006091704322002107229084021706232050418219199
02006091704322003100561080420406001930407203204
02006091704322003102402074018605541780376185191
02006091704322003110187074118905521850367176191
02006091704322004100881075419505591850374187187
02006091704322004101887072718005471740373183190
02006091704322004102083059316004331440289145144
02006091704322004102085068918705021690333164169
02006091704322004102199073518405511760375184191
02006091704322004104097078020005801870393194199
02006091704322004105146075719605611860375185190
02006091704322004105335072318705361760360176184
02006091704322004105495075219505571850372187185
02006091704322004105965074319205511810370181189
02006091704332002100701071217305391730366181185
02006091704332003103181071817605421790363178185
02006091704332003105179070318705161800336170166
02006091704332003110083084021606242070417211206
02006091704332004101254078719405931880405200205
02006091704341999100617077419805761830393195198
02006091704342000101089082820506231990424214210
02006091704342001103331068116005211540367170197
02006091704342001105552065817004881670321162159
02006091704342003100189103425907752500525279246
02006091704342003104219075218905631940369192177
02006091704342003105285100828107272490478235243
02006091704342003105660080919806112010410208202
02006091704342003107439075419505591880371183188
02006091704342004100174072718705401800360182178
02006091704342004101079076419405701880382187195
02006091704342004102439079420505891940395195200
02006091704342004104135081820806101980412205207
02006091704342004104325073819105471840363183180
02006091704342004104626073618805481840364183181
02006091704351999110237076019505651850380189191
02006091704352001103049088123506462190427218209
02006091704352002105110071818405341710363178185
02006091704352003103664072519105341790355176179
02006091704352003103994065016804821580324158166
02006091704352004100182080219806042000404201203
02006091704352004100559075819105671920375192183
02006091704352004103932069017605141700344173171
02006091704352004105035069017805121750337172165
02006091704352004107050071518605291750354171183
02006091704352004110146072519005351800355177178
02006091704362001106725073418105531780375000000
02006091704362002104860077619405821900392194198
02006091704362003100327071417805361720364178186
02006091704362003107327077719305841900394191203
02006091704372001110036071718005371740363177186
02006091704372003100683076319905641900374191183
02006091704372003104339074419505491820367178189
02006091704392001104710072216505571740383187196
02006091704392003101596075218205701880382193189
02006091704392003102464076919805711900381189192
02006091704392003102978080122205791920387193194
02006091704392004102149083721206251990426201225
02006091704402001103111078219705851930392197195
02006091704402003101688070118105201730347168179
02006091704402003102672057415804161510265136129
02006091704402003105380052513303921250267132135
02006091704402003109315067417005041610343168175
02006091704412001103363052300000000000248125123
02006091704412003100775072618005461790367182185
02006091704412003101272081620906071960411202209
02006091704412003102574000015700001540000156000
02006091704412003103824053913104081270281135146
02006091704412003105486073719805391810358179179
02006091704412003110067073119405371810356177179
02006091704412004104140053913104081280280135145
02006091704412004104764079820505932030390197193
02006091704412004105090076419105731880385191194
02006091704412004107044081321705962070389197192
02006091704412004109177073719805391810358179179
02006091704412004200001073619505411840357172185
02006091704422002105179073717505621730389187202
02006091704422003106438072718305441840360179181
02006091704432000104267076721305541910363177186
02006091704432001110059065015904911570334159175
02006091704432003100376056616803981440254127127
02006091704432003104566073219005421810361175186
02006091704432003104993057217104011470254128126
02006091704432003105915073419005441820362175187
02006091704432004102755080820905992070392196196
02006091704442003101052070218005221730349167182
02006091704442003106630077018805821860396191205
02006091704442004101225069717005271720355172183
02006091704442004101547058115604251490276144132
02006091704442004101907067318804851700315161154
02006091704442004105136057915704221490273143130
02006091704442004106895057217703951360259128131
02006091704442004107288099225907332380495236259
02006091704452002110198067417405001690331167164
02006091704452003100561068717105161750341168173
02006091704452003102894068517405111630348173175
02006091704452003103765056914704221440278141137
02006091704452004103143066816305051630342163179
02006091704452004106252068818405041610343174169
02006091704452004110175067617005061670339167172
02006091704462001100473077118905821850397192205
02006091704462001105538074619005561840372000000
02006091704462002100812072617405521710381181200
02006091704462004101448067717305041620342169173
02006091704462004101480068217805041690335169166
02006091704462004102199065118004711590312155157
02006091704462004104097065217904731590314156158
02006091704462004104265074818505631870376191185
02006091704462004105146065118004711580313155158
02006091704471999100617070717505321700362185177
02006091704472001103269076200000000000388196192
02006091704472002100701056014704131430270139131
02006091704472002102632059616904271490278138140
02006091704472003102282070418405201770343175168
02006091704472003102789068717305141740340177163
02006091704472003102891062615804681520316157159
02006091704472003103181063116004711550316155161
02006091704472003105660057415504191440275138137
02006091704472004101894069118105101780332169163
02006091704472004104135065617004861630323163160
02006091704472004106553068818005081780330168162
02006091704482002104264070318105221710351168183
02006091704482003100864069118605051740331162169
02006091704482003101018059816604321490283140143
02006091704482003102402054115603851330252125127
02006091704482003110210074419405501850365184181
02006091704482004101079066217604861600326158168
02006091704482004103435075119305581820376187189
02006091704482004105683074019405460000000000179
02006091704492001103049070318705161770339172167
02006091704492003102815000000004931560337165172
02006091704492004101587074419105531840369186183
02006091704492004101887072417805461760370179191
02006091704492004102085070319005131710342172170
02006091704492004103038068517105141670347169178
02006091704492004103230068818705011620339000000
02006091704492004110156074319105521840368186182
02006091704492004110176079619805981910407205202
02006091704502001105552052714703801310249125124
02006091704502002109085096429606682610407213194
02006091704502003100683063115604751760299147152
02006091704502003104219067016505051780327173154
02006091704502004100182071117605351780357174183
02006091704502004103932056215404081410267134133
02006091704502004107050069717805191770342177165
02006091704512001106725059916704321460286139147
02006091704512001110036061115904521580294145149
02006091704512003103664054413604081300278142136
02006091704512004110146054613704091320277140137
02006091704521999105945064616404821580324159165
02006091704522001103111064419404501540296148148
02006091704522002104860069817405241710353177176
02006091704522002110036083222806042100394198196
02006091704522003100392000000006452010444226218
02006091704522003100698068317305101680342170172
02006091704522003101596060418904151440271141130
02006091704522003103994071720005171730344171173
02006091704522003106330071517805371790358178180
02006091704522003107327067417904951640331166165
02006091704522003110081073719205451810364182182
02006091704522004100080070817805301760354174180
02006091704522004100394086522106442010443213230
02006091704532000110179072320005231800343173170
02006091704532000110233057817204061470259131128
02006091704532003109315064715704901560334163171
02006091704552001105424067515505201600360173187
02006091704552002105179067216005121640348161187
02006091704552003101272070517205331700363178185
02006091704552004102755055616203941380256133123
02006091704561999101927067118004911700321157164
02006091704562001104525000017800001680000149000
02006091704562003100102074018005601770383186197
02006091704562003110212067317904941740320158162
02006091704572002105172069517705181630355173182
02006091704572003103555076518305821890393192201
02006091704572003110067053814403941390255130125
02006091704572004109224076719205751830392200192
02006091704592001107163076918905801900390195195
02006091704592003100829075618705691850384188196
02006091704592003101118071917905401780362178184
02006091704592003103465063716604711550316159157
02006091704592003104258063716504721540318159159
02006091704592003106958075818905691790390187203
02006091704592003110195063616304731540319155164
02006091704592004104265074117905621810381189192
02006091705002002103226074719005571780379185194
02006091705002002106092073718205551780377187190
02006091705002003102316068117405071700337174163
02006091705002004102234074420405401910349177172
02006091705131998107262057814404341360298141157
02006091705132001104266057514604291360293141152
02006091705132003100392059417004241510273144129
02006091705132004100394059516804271470280144136
02006091705132004109130058914904401440296145151
02006091705142000109435063516504701500320151169
02006091705142002103680069817805201720348172176
02006091705142002103793070217605261720354178176
02006091705142002110036058700000000000253130123
02006091705142003100698055115403971390258132126
02006091705142003102789056414504191400279141138
02006091705142003105378066715705101640346165181
02006091705142003106031069117405171680349171178
02006091705142003106330054215203901360254127127
02006091705142004100080057915604231410282138144
02006091705142004103221063616104751540321158163
02006091705142004105537067317105021720330161169
02006091705142004109026065816904891670322163159
02006091705142004109179069217605161680348169179
02006091705142004109224075118205691850384190194
02006091705152001103385000000005361780358176182
02006091705152001105424061414804661450321154167
02006091705152002103435079421105831930390195195
02006091705152003105475072418405401800360178182
02006091705152004101180076320005631900373187186
02006091705152004101572079021305771880389197192
02006091705152004101755067417504991620337168169
02006091705162001107163054915403951390256127129
02006091705162002101010064518404611640297152145
02006091705162003100829055115503961400256127129
02006091705162003102588083021506152060409211198
02006091705162003106920069421404801620318160158
02006091705162003106958000015600001400000128000
02006091705162004104270074718205651740391203188
02006091705171999105945049712303741220252123129
02006091705172003104483066216804941640330169161
02006091705172003104977068017805021710331161170
02006091705172004100656056114904121420270134136
02006091705172004103274064816404841570327163164
02006091705172004104625068216805141650349171178
02006091705182001102066000000005621810381187194
02006091705182001110033078622305631980365188177
02006091705182002102320072318005431750368181187
02006091705182002109276069317805151710344174170
02006091705182003102486065414905051520353171182
02006091705182003102647071318305301720358176182
02006091705182003105671075619405621860376187189
02006091705182004100705076119505661920374188186
02006091705182004104512076100000000000373190183
02006091705182004104603071918205371730364179185
02006091705182004105103069117605151680347175172
02006091705182004106230076319405691870382186196
02006091705191999110218069318405091720337166171
02006091705192002105804075819805601850375187188
02006091705192003102010076219105711850386188198
02006091705192003102621066015905011560345166179
02006091705192004102144078519905861930393200193
02006091705192004102512078920305861970389192197
02006091705192004103284072019005301750355176179
02006091705192004106954073119205391760363184179
02006091705202004101953066816105071610346166180
02006091705202004109133066616305031590344166178
02006091705202004110105055614904071480259138121
02006091705222003102612068617105151660349169180
02006091705222004103257069317205211680353169184
02006091705232003105994074419505491840365182183
02006091705242002100451074919205571810376185191
02006091705242003100257073518705481740374180194
02006091705242003106378075419105631880375187188
02006091705242003107129080921205972030394199195
02006091705242004100115061816804501510299144155
02006091705242004110169061716704501510299144155
02006091705262001103471061100000000000289144145
02006091705262003104164058115404271390288144144
02006091705262003110141059015304371430294148146
02006091705262004101955086321406492120437217220
02006091705271998107262052913103981270271130141
02006091705272001104266052413003941270267130137
02006091705272002103793059017804121430269138131
02006091705272003105378064317604671620305157148
02006091705272003105475073218705451750370186184
02006091705272004101180057015304171410276142134
02006091705272004109130056413304311300301140161
02006091705282004104270066316904941630331168163
02006091705282004109179070817905291720357177180
02006091705292001103385000000000000000000000160
02006091705292002103680053914703921350257128129
02006091705292004103221061016104491510298141157
02006091705302003103789071318305301770353175178
02006091705302004106551073818205561820374188186
02006091705312001100355065717604811670314157157
02006091705312001110033000019400001760000154000
02006091705312003102647058715704301460284141143
02006091705312004105103073018405461740372184188
02006091705312004106230072117705441740370186184
02006091705322001103362069017805121750337169168
02006091705322003102502056914904201420278140138
02006091705322003104977066817904891630326160166
02006091705322003106594071118205291760353173180
02006091705322004102790000000004151400275138137
02006091705332002100791068618405021640338167171
02006091705332004100705057316004131430270131139
02006091705332004104512057316004131430270132138
02006091705342001106069072119505261820344172172
02006091705342001106077071918305361780358179179
02006091705342001110170067316605071610346166180
02006091705342003102010060616504411490292146146
02006091705342003105804069617705191710348169179
02006091705342004103051076619705691900379194185
02006091705351999110218059316504280000000000145
02006091705352003106028068718105061660340172168
02006091705362000107249071718405331800353177176
02006091705362003105671000000004591560303153150
02006091705362004105201072318305401800360177183
02006091705372003100625083122106102090401198203
02006091705372003102612062400000000000319158161
02006091705372003105994068317705061700336170166
02006091705372003107129066517104941660328165163
02006091705372004103257068417605081690339171168
02006091705372004105719074018905511820369184185
02006091705392002100451070319005131730340173167
02006091705392003101510057316804051380267132135
02006091705402003107165070017705231740349175174
02006091705412002103046078819705911880403199204
02006091705412004100554078819905891840405200205
02006091705432000101381068917405151680347177170
02006091705432001106264069618005161690347174173
02006091705432004106272082821206162020414207207
02006091705432004110168070118005211730348174174
02006091705451999110191070718105261740352174178
02006091705452002103824071318305301740356174182
02006091705452002105360069116305281790349177172
02006091705452003105160067916705121640348171177
02006091705462004103051059816004381510287145142
02006091705462004103107069718605111710340170170
02006091705462004106504069818705111700341169172
02006091705472003106000070318905141760338168170
02006091705482001101656069816105371580379174205
02006091705482003100185070818505231820341181160
02006091705482003106249068817305151700345173172
02006091705482004102188070416805361680368178190
02006091705492000107249065817304851680317165152
02006091705492001106069071318605271780349173176
02006091705492003106028064016404761580318158160
02006091705492004105201066517004951650330161169
02006091705502001106077067417105031700333167166
02006091705542001103369064616904771600317157160
02006091705542003106943082420206222070415205210
02006091705542004100554071015905511770374185189
02006091705542004106759063718904481560292144148
02006091705542004107188063618804481570291144147
02006091705552002109129076618605801760404204200
02006091705552003105824071618805281860342198144
02006091705562001103046070918505241770347175172
02006091705562001103132069418705071790328168160
02006091705562003102551070418605181810337172165
02006091705562003110163069018505051770328169159
02006091705562004105709077719805791890390197193
02006091705572004104586073118305481810367179188
02006091705582001106264055715903981360262131131
02006091705582003103778067118104901670323160163
02006091705592000101381068317305101660344170174
02006091705592002100655070317705261660360178182
02006091705592002103667071117905321680364176188
02006091705592004103107068918005091680341169172
02006091705592004106504068918005091670342170172
02006091705592004110168067817005081690339169170
02006091706002002100385075619405621890373187186
02006091706002003100887072418505391750364179185
02006091706002003101163077320505681940374190184
02006091706002003103156078120105801910389191198
02006091706002003106725078620305831910392195197
02006091706002004102464085721206452100435216219
02006091706011999103228062115404671490318155163
02006091706012000100129072218305391790360181179
02006091706012000101664064216604761590317157160
02006091706012002103824068717405131670346173173
02006091706012003106249054814104071400267134133
02006091706012003107036066616405021710331167164
02006091706012004101919066016704931630330165165
02006091706012004102188054313604071350272134138
02006091706012004103457067717305041660338170168
02006091706012004104331069217505171700347179168
02006091706022003100089068017305071700337167170
02006091706032004100166070918105281750353177176
02006091706042000110237075018305670000000000201
02006091706042004102329078419505890000000000210
02006091706042004106613069517605191700349171178
02006091706052003103013081320306100000000000197
02006091706052003110223070118105201690351170181
02006091706052004100047071920605131800333170163
02006091706052004102677074521605291870342175167
02006091706052004103235071120305081740334171163
02006091706052004104212072617905471820365181184
02006091706052004105432071820605121800332170162
02006091706052004106702073318705461820364183181
02006091706052004110118073218505471830364183181
02006091706062002104237094122307182220496241255
02006091706062003102263088321106722160456222234
02006091706062003102852092722407032160487234253
02006091706062003104964076819005781900388197191
02006091706062004105306076419605681880380193187
02006091706082003106035068017405061640342170172
02006091706092002105336069616905271650362177185
02006091706092003107365060916204471520295150145
02006091706092004104722060916204471510296150146
02006091706122001103046055915704021360266131135
02006091706122001103132056515604091450264136128
02006091706122003102551053615303831320251125126
02006091706122003105824054116003811260255123132
02006091706122003110163054115503861330253125128
02006091706122004100409072718605411750366179187
02006091706122004105709055416503891270262124138
02006091706132003100887051513903761260250121129
02006091706141997103337102126707542530501254247
02006091706142003106725067116205091710338165173
02006091706142004105330057015704131350278139139
02006091706152000101664053914703921370255128127
02006091706152003101163070518805171760341179162
02006091706152004100137064716104861580328166162
02006091706152004101919063616304731600313154159
02006091706152004104331063216504671570310159151
02006091706161999103228053215403781290249123126
02006091706162001104951000014400001330000135000
02006091706162003107036063216304691590310159151
02006091706162004100324065918204771660311155156
02006091706162004103457059015704331430290142148
02006091706162004106613064916604831630320164156
02006091706162004106880065818204761660310155155
02006091706172003106576060416004441420302143159
02006091706172004100047064119504461530293145148
02006091706172004102677064119204491560293146147
02006091706172004103235065119404571560301149152
02006091706172004105432064119404471530294145149
02006091706172004106713071118505261770349176173
02006091706182003100082071718205351740361178183
02006091706182004104596074919905501860364179185
02006091706182004105508074519905461850361180181
02006091706202002104237080820006081950413201212
02006091706202003101569077320205711930378192186
02006091706202003102263080619606101960414000000
02006091706202003102852078019605841890395195200
02006091706202003110223070517105341800354178176
02006091706202004105306077019205781890389200189
02006091706212003103013080300000000000000000196
02006091706222003104964065216704851610324158166
02006091706232002105336054713004171200297131166
02006091706232003100729055014204081330275135140
02006091706242002105141070417305311740357178179
02006091706242004101301062815504731490324161163
02006091706252003102115064518004651670298153145
02006091706252004100409059315304401460294147147
02006091706252004102256062818204461570289141148
02006091706282003102913069817105271750352172180
02006091706282003106086070316505381750363180183
02006091706282004100557070618305231750348173175
02006091706282004102094077020005701900380191189
02006091706282004102332075919705621960366184182
02006091706282004105319077618205941900404195209
02006091706282004106581076120005611920369184185
02006091706302001101242066216904931600333167166
02006091706302002104444074019505450000000000183
02006091706302003105432067316905041720332167165
02006091706302004102336062818404441520292147145
02006091706302004106909073018905411770364179185
02006091706311997103337086123506262190407206201
02006091706312003100082061116104501540296149147
02006091706312003109437063815904791510328156172
02006091706322004106099070116905321700362177185
02006091706331999100207068917905101700340167173
02006091706332003100736073919605431700373185188
02006091706332003107421069717205251730352176176
02006091706332004102198074819405541850369186183
02006091706341999102575075219205601870373187186
02006091706342002104237061218504271380289141148
02006091706342002104337072818705411750366183183
02006091706342003102215073120705241920332171161
02006091706342003102263074518605591810378188190
02006091706342003103013062500000000000291143148
02006091706342003103615075320405491900359180179
02006091706342004101486073118805431750368184184
02006091706342004102324073818405541830371185186
02006091706352003101197067900000000000000000000
02006091706352003102522071218705251710354177177
02006091706352003102852077619705791880391194197
02006091706352003105545072117805431800363178185
02006091706352004105568071918705321790353177176
02006091706352004105860074519405511840367182185
02006091706362002103368000016900001710000181000
02006091706362002109002052712304041240280133147
02006091706362003100632067217105011660335169166
02006091706362003101406068217405081710337165172
02006091706362003104129068917805111710340171169
02006091706362003110006068517005151690346170176
02006091706362004107325063216504671550312159153
02006091706372003101030068217205101690341170171
02006091706372004100089071317705361770359184175
02006091706382002105141067816605121660346170176
02006091706382003110078074318305601850375190185
02006091706382003110224067616605101650345166179
02006091706382004101301065316204911610330161169
02006091706382004105106068217405081650343170173
02006091706382004110127076119205691900379195184
02006091706392002103795064616504811580323160163
02006091706401999101413069217705151710344170174
02006091706402000101332072118105401760364178186
02006091706402003100095075421405401870353173180
02006091706402003102644057016704031410262131131
02006091706402004104836070817905291720357174183
02006091706412002100835066617004961620334163171
02006091706412003102577067616805081660342171171
02006091706422003100380065016104891600329161168
02006091706422003103347070418205221760346174172
02006091706422004105319071518205331850348171177
02006091706432001101242060114904521490303151152
02006091706432003105750070117605251690356170186
02006091706432003106086068417205121730339173166
02006091706442003109437062015604641500314154160
02006091706442004100557060917304361470289140149
02006091706442004102094069618005161690347170177
02006091706442004102332061117504361450291139152
02006091706442004106581060917504341450289139150
02006091706452003102159076919305761900386194192
02006091706452004100325068817305151690346170176
02006091706452004101532067916805111640347168179
02006091706452004106099073718305541850369183186
02006091706452004106420071217105411700371179192
02006091706452004109165071818105371790358179179
02006091706462001102289072919205371840353176177
02006091706462002104444066800000000000301165136
02006091706462003100054068419904851660319163156
02006091706462003100528070517305321700362174188
02006091706462003102215054715403931360257129128
02006091706462003105432060915704521470305148157
02006091706462004100045069619405021760326168158
02006091706462004100426070617305331700363176187
02006091706462004106909068417805061720334169165
02006091706472002104337000015400001350000131000
02006091706472004101486000016800001440000134000
02006091706472004102324057816804101440266134132
02006091706482003101197000000000000000000000000
02006091706482003102522066316804951650330166164
02006091706482004104463070418105231700353174179
02006091706482004105568069217905131770336177159
02006091706482004105860000000005111710340171169
02006091706492002103368065215904931550338160178
02006091706492003100736060817804301470283142141
02006091706492003102411052013703831270256124132
02006091706492004105498077720605711890382191191
02006091706492004106683070018105191720347175172
02006091706502002109205078419705871910396199197
02006091706502003102699082120706141970417203214
02006091706502003104230089122406672230444218226
02006091706502003106350058916704221520270139131
02006091706502004110127070700000000000365182183
02006091706512003104129059615704391450294144150
02006091706522002100685063316304701560314153161
02006091706522003110224069416705271690358178180
02006091706522004105106067316605071660341167174
02006091706532000101332060416604381520286145141
02006091706532004104836062316204611500311153158
02006091706542002103795055015203981380260130130
02006091706542004103770075621105451830362182180
02006091706552004101855076119405671860381191190
02006091706562003103347069017305171720345171174
02006091706562003105750064415204921530339164175
02006091706571999101413059715504421490293146147
02006091706572003100380053013303971300267130137
02006091706582003100054060016704331510282142140
02006091706582003102159069716905281710357178179
02006091706582004104016063415004841520332162170
02006091706582004105601063615104851510334163171
02006091706592001107308057714504321410291146145
02006091706592004100045063018204481490299150149
02006091706592004100360063716204751570318158160
02006091706592004100784058614004461480298150148
02006091706592004109174063816204761580318158160
02006091707011999103690064416704771570320155165
02006091707012002109205074118405571850372185187
02006091707022002110155065217104811580323157166
02006091707022003102488064016004801520328158170
02006091707022003102699080219706051980407202205
02006091707022003104230082621306131960417209208
02006091707022003107226072018105391790360177183
02006091707022004106982065916604931650328164164
02006091707032002103755068617905071670340169171
02006091707032003103169078319505881970391196195
02006091707032003106457076520105641870377187190
02006091707242000102506059916104381520286143143
02006091707242002100931058016004201400280134146
02006091707242002104661053814603921290263129134
02006091707242002109205058617904071370270133137
02006091707252000104120068217405081660342171171
02006091707252001104257061215204601520308152156
02006091707252003102699058216604161410275138137
02006091707252003102819063217004621520310153157
02006091707252003103169072318105421850357181176
02006091707252003103290060815504531480305151154
02006091707252003104230073919505441850359179180
02006091707252003104664059514804471430304147157
02006091707252003106044078419705871920395199196
02006091707252003107412095324507082340474234240
02006091707252003110207066616904971620335166169
02006091707252004104864064317304701630307153154
02006091707252004106982065017004801630317000000
02006091707252004109377060815604521470305151154
02006091707261999103565066617304931700323162161
02006091707262002104116062116704541550299151148
02006091707262003100568071017305371700367173194
02006091707262003102529075818705711810390184206
02006091707262003104476000016000001600000156000
02006091707262003105303068716905181650353171182
02006091707262003105308000016100001590000160000
02006091707262003106382077718605911920399192207
02006091707262003110100065616804881590329162167
02006091707262004101045068617405121700342171171
02006091707262004101613074419205521770375185190
02006091707262004103064068817705111730338172166
02006091707262004104120068416805161670349175174
02006091707262004104359073419205421720370181189
02006091707262004104673066516505001640336165171
02006091707262004104782075418405701880382190192
02006091707262004104899069717705201720348177171
02006091707262004110177070417105331740359178181
02006091707272000101444056714504221400282142140
02006091707272001102114063316204711600311154157
02006091707272003105065066316205011630338166172
02006091707272003106081066916305061660340169171
02006091707272003110196062215204701500320157163
02006091707272003110201062815804701560314154160
02006091707272004102351066417604881670321161160
02006091707272004109170066016104991630336164172
02006091707282000102182070818505231740349171178
02006091707282002105920065116504861550331162169
02006091707282002106006066716804991630336165171
02006091707282003102095076619205741790395187208
02006091707282003105581070617805281700358177181
02006091707282004102035065617004861580328157171
02006091707282004102899067717005071650342168174
02006091707282004104582073218605461800366182184
02006091707282004105072068617005161710345169176
02006091707292001105181063016104691520317156161
02006091707292001110184051814403741300244122122
02006091707292003100549063015704731490324158166
02006091707292004102743064418504591620297148149
02006091707292004103450072919805311860345177168
02006091707292004105642072919805311860345176169
02006091707302000102048063317204611550306151155
02006091707302003100767074920105481850363181182
02006091707302003101241056015404061370269133136
02006091707302004100328072018205381720366183183
02006091707302004103387071918105381730365000000
02006091707302004106946000000000000000335170165
02006091707302004110242074419805461840362179183
02006091707312003109439067817005081660342169173
02006091707312003110145076419005741890385193192
02006091707312004105574067016905011630338166172
02006091707322004101134064716404831580325158167
02006091707322004101137064416304811570324158166
02006091707332004100046073519305421850357179178
02006091707332004103530073719305441860358180178
02006091707352001110254067318704861630323164159
02006091707352002104020072818905391790360178182
02006091707352003102489064815904891610328161167
02006091707352004103924074819005581830375193182
02006091707362003101798066217004921550337166171
02006091707362003102520067518404911660325162163
02006091707372003110071070517505301760354180174
02006091707372003110250074819505531840369184185
02006091707382003100237067116805031640339167172
02006091707382003103828081321106021990403202201
02006091707382004104157073618205541790375185190
02006091707392003102341059414904451420303150153
02006091707392003103290052513903861270259127132
02006091707392003104151064916904801580322156166
02006091707392003104664063715804791530326160166
02006091707392004104716075719105661880378191187
02006091707392004106199075519105641880376190186
02006091707392004110177059615704391490290144146
02006091707401999103565054400000000000270131139
02006091707402004101045054714204051330272132140
02006091707402004103008073418605481880360183177
02006091707402004103286073918705521880364187177
02006091707412003102529055414804061360270133137
02006091707412003105303062714904781510327160167
02006091707412003105308062216004621530309155154
02006091707412003105581069917405251700355173182
02006091707412003110100055514704081360272136136
02006091707412004104120064415804861560330160170
02006091707422000101444054414304011360265000000
02006091707422003102095071517105441730371184187
02006091707422003110196000014300001350000131000
02006091707422003110201053914503941350259129130
02006091707422004104582060915604531540299152147
02006091707432000102048059116504261570269147122
02006091707432001102114057515404211510270137133
02006091707432002106006065616204941610333162171
02006091707432003100568056215204101480262136126
02006091707432004101613076219805641950369193176
02006091707432004102899065916504941640330162168
02006091707432004104782077620905672000367166201
02006091707462001110135078919505942010393204189
02006091707472003100520069819305051740331167164
02006091707482002104020067017204981670331164167
02006091707482004103924061716204551560299155144
02006091707492004103798078920205871890398194204
02006091707502003102520055515504001370263131132
02006091707502003110071051212303891270262126136
02006091707502003110250071318305301750355183172
02006091707502004100573065716504921650327165162
02006091707502004102136063616104751570318161157
02006091707502004106196078420605781900388200188
02006091707502004107106069517505201730347182165
02006091707502004110160078920105881910397193204
02006091707512003101798065917104881600328162166
02006091707512003102489065917204871590328162166
02006091707512004103950073518005551800375186189
02006091707512004105237073118005511780373183190
02006091707532001103114073519405411810360184176
02006091707532003106390061918204371570280143137
02006091707532003106482062218304391580281144137
02006091707542003106531057115404171400277138139
02006091707542004105194059417204221460276140136
02006091707551999103042000000004891610328164164
02006091707552004103615069417205221700352177175
02006091707552004104716060016304371500287151136
02006091707552004106199059916204371510286150136
02006091707562001103337055215004021320270133137
02006091707562004104746058817104171470270137133
02006091707562004106965058817104171480269136133
02006091707572003105070083619506412050436210226
02006091707572004101421078819305951920403200203
02006091707582001110135070517405311740357181176
02006091707582003100737079120605851960389200189
02006091707592003104124074318905541830371188183
02006091708012004100374070518405211750346176170
02006091708012004100573056115104101360274134140
02006091708012004101251071018605241770347172175
02006091708012004104808071018605241770347172175
02006091708022003105314059615004461480298150148
02006091708032003105990061715404631480315152163
02006091708042001103382074320005430000000000169
02006091708042004105263057715104261420284142142
02006091708052002103711073900000000000379192187
02006091708052003110192066015905011590342163179
02006091708052004100456066917104981700328169159
02006091708071999106780068617705091680341167174
02006091708072001103114055615104051360269132137
02006091708072002110088065919204671620305149156
02006091708072004106488070317905241720352177175
02006091708082003100022070317105321690363179184
02006091708082004101758073900000000000371183188
02006091708082004101941071118105301760354179175
02006091708082004105657068017405061660340168172
02006091708082004106748070017905211710350174176
02006091708092003103146081520206132050408199209
02006091708092003107288078922205672010366190176
02006091708092004101111059717104261460280140140
02006091708092004103927059616904271470280139141
02006091708102001103337054115303881330255128127
02006091708111999103042056616304031540249123126
02006091708112003100737066217104911660325166159
02006091708112003104124073618805481790369179190
02006091708112004100191068617305131680345172173
02006091708112004105249072819305351890346179167
02006091708112004105678068417505091660343167176
02006091708112004107167068517405111670344167177
02006091708122003107083056815004181410277138139
02006091708142003102656061618104351570278145133
02006091708142003104655071517705381800358179179
02006091708142004100374064918704621550307156151
02006091708142004101251068819204961750321167154
02006091708152002104848064618604601580302152150
02006091708162002103274000000000000000000000000
02006091708162003102632068818405041690335169166
02006091708162003106791072920205271820345174171
02006091708172001110257065216504871620325160165
02006091708192002105083063715704801570323159164
02006091708192003100276062615804681560312155157
02006091708192003102775062415704670000000000155
02006091708201999106780068617505111690342168174
02006091708202003102033000000005161710345173172
02006091708202004106488067617405021720330173157
02006091708212001103382000017100000000000000000
02006091708212003103777079018606041900414204210
02006091708222003100022068717005171690348176172
02006091708222004101758070916805411690372184188
02006091708412003103777054514504001410259133126
02006091708422003106740061619204241590265135130
02006091708432002101568056315204111400271138133
02006091708432003101349056915004191390280142138
02006091708442001103671071217705351680367178189
02006091708442002100382069917605231720351174177
02006091708442003103161069517205231740349173176
02006091708442003105067067017104991650334163171
02006091708442004102597074219205501880362181181
02006091708442004103384070117505261680358178180
02006091708442004105938072418405401770363182181
02006091708442004107161073019705331800353000000
02006091708462004109160069318005131650348165183
02006091708472003103806069916605331690364180184
02006091708472004104854074619205541850369187182
02006091708472004104979072719105361800356176180
02006091708472004106842074619205541860368186182
02006091708482002110074071217305391730366181185
02006091708482003102478074218605561790377183194
02006091708502003104742053914803911390252128124
02006091708522004101920075620905471950352181171
02006091708532001109366076620805581880370188182
02006091708532004104277071018705231770346174172
02006091708541997103882079420205921900402199203
02006091708542003103689068317005131650348171177
02006091708562002101848072418805361740362173189
02006091708582001103671061300000000000000000149
02006091708582004105938061616904471500297148149
02006091708592003103161054714704001340266136130
02006091708592003105067066317404891670322161161
02006091708592004103384065616604901610329162167
02006091708592004104185055615604001480252128124
02006091709002003107064067516105141640350171179
02006091709002004102936058414604381520286146140
02006091709012003103806061316004531510302154148
02006091709012004104854066216005021600342166176
02006091709012004104979063116104701570313156157
02006091709012004106842069116605251700355177178
02006091709031997101115074619805481780370183187
02006091709032003100225060815204561430313151162
02006091709042003100696059815704411450296149147
02006091709042003107422063818504531460307149158
02006091709042004103300063016204681560312155157
02006091709082003106187078119005911890402196206
02006091709092000106903072717905481800368183185
02006091709132003103533061115204591480311000000
02006091709132004100367058513904461400306144162
02006091709142003102535080419906051950410201209
02006091709152000101383106225308092620547265282
02006091709152002100888087020906612130448225223
02006091709192002105437071619805181790339172167
02006091709192004105799070317105321750357175182
02006091709192004105826069818005181700348173175
02006091709242000103574062517804471530294144150
02006091709292003102535077219205801870393195198
02006091709292004106716082121506062040402199203
02006091709302000101383083820106372010436209227
02006091709302002100888080721905881990389196193
02006091709332002105437066417804861670319160159
02006091709332004105826066417604881670321161160
02006091709442000101383062218804341490285144141
02006091709442002100888063819104471500297152145
02006091709442003102535075218805641850379189190
02006091709452004106716075319705561840372188184
