12006090104582001103178062216904531610292150142
12006090104582002110020059415904351500285141144
12006090104582004110039063915304861640322164158
12006090104592000101522070719005171780339169170
12006090104592000101838071218105311770354180174
12006090104592000106865076419505691860383194189
12006090104592001104227067216305091630346171175
12006090104592001106161084320506382040434214220
12006090104592001107092071617805381760362180182
12006090104592003110001066817804901500340162178
12006090104592004100724080721705901970393199194
12006090105001998100689068816805201710349172177
12006090105002003100122067117204991680331165166
12006090105002003100669067217804941600334166168
12006090105002003102398080521205931920401206195
12006090105002003104829071717905381730365188177
12006090105002004101548071119305181630355171184
12006090105002004103690000019600001740000174000
12006090105002004103996082523405912010390204186
12006090105002004109047068816505231670356178178
12006090105002004110046071219405181630355171184
12006090105012000110043056015604041430261136125
12006090105012002100938055417003841360248121127
12006090105012002103895071220705051770328163165
12006090105012002106140074019005501830367183184
12006090105012003100699062316504581550303152151
12006090105012003102870054715003971270270132138
12006090105012003102929054015503851310254123131
12006090105012003104172065017004801630317160157
12006090105012003104531069819005081720336169167
12006090105012003104590069717805191760343173170
12006090105012003106090053715203851340251124127
12006090105012003110015050313103721200252123129
12006090105012004101377071019905111700341178163
12006090105012004105295069017405161660350173177
12006090105012004106018068117405071610346175171
12006090105012004106143066116704941630331162169
12006090105021999110175072119005311720359180179
12006090105022000100672076919505741910383194189
12006090105022001100978073820305351820353181172
12006090105022001103344079119605951950400202198
12006090105022001103655000017200001730000000000
12006090105022002105381087123906320000000000000
12006090105022002106272073018105491740375190185
12006090105022002106403083021506152060409204205
12006090105022003107214075119405570000000000177
12006090105022004100063071417505391840355180175
12006090105022004101904072017305471660381186195
12006090105022004102075074619005561820374191183
12006090105022004104710073120405271830344182162
12006090105022004106458075119405571830374191183
12006090105022004110184074918805611830378195183
12006090105022004110207075021005401850355178177
12006090105032000100299070618205241710353178175
12006090105032002107509088722806592190440221219
12006090105032003102953081222505872010386203183
12006090105032003106637072818205461830363184179
12006090105042001103035000018700001760000173000
12006090105042001106935072020205181800338175163
12006090105042002100694058017504051390266131135
12006090105042003100206078820605822040378190188
12006090105042003103537077821105671910376193183
12006090105042004107287069016705231700353176177
12006090105052001103072080923405752060369197172
12006090105052001106147071518805271810346177169
12006090105052002102334079421905752030372201171
12006090105052002104463080622405822040378200178
12006090105052002110149077920805711950376192184
12006090105052003100795079723105662070359191168
12006090105052003102375082521806072000407205202
12006090105052004100503081322805852070378199179
12006090105052004103617072518805371760361180181
12006090105062000104309083421206222160406204202
12006090105062003100063073319605371870350181169
12006090105072003101739080821205961990397199198
12006090105072003109127079819806002080392201191
12006090105072004105025072818805401760364178186
12006090105072004110038068616805181690349178171
12006090105082000100764053313703961320264129135
12006090105082000102363072420005241780346174172
12006090105082003100174071917805411750366182184
12006090105082003101130064916604831650318162156
12006090105082003101850069619405021740328164164
12006090105082003102213069818005181660352179173
12006090105082004100524064116104801540326156170
12006090105082004104414070917605331750358181177
12006090105092001104957074919405551770378187191
12006090105092001106657074118905521860366185181
12006090105092002101892077119005811870394195199
12006090105092002106552071519505201850335178157
12006090105092003102902066716904981650333000000
12006090105092003106239069817905191780341174167
12006090105092003106273061916104581660292152140
12006090105092003109202070516405411700371187184
12006090105092004101501072918005491850364185179
12006090105102001104306069718705101790331166165
12006090105102002102189073418905451830362183179
12006090105102002102704072821905091800329168161
12006090105102003100050088022506552110444221223
12006090105102003102374076421505491900359187172
12006090105102003103270074218105611810380181199
12006090105102003103513067120804631620301148153
12006090105102003104383074520905361960340175165
12006090105102004100262075720205551890366188178
12006090105102004100622072920605231740349172177
12006090105102004102020077821305651950370189181
12006090105102004103411075919605631880375188187
12006090105102004103521080120805931970396200196
12006090105102004103748077221205601920368190178
12006090105102004104742070819505131740339166173
12006090105102004105333075820205561900366188178
12006090105102004106760077619205841890395199196
12006090105102004106804080821705911930398200198
12006090105102004109154079320905842010383202181
12006090105111999104643064216604761530323162161
12006090105112001103093066118304781680310160150
12006090105112001103353057514404311320299142157
12006090105112003101152071218205301780352176176
12006090105112003103271076820205661940372191181
12006090105112004103466070918505241750349171178
12006090105112004104433071618805281780350175175
12006090105122001100385068817805101700340169171
12006090105122003106615070815905491690380186194
12006090105122004101075071917505441800364184180
12006090105122004103109075419505591920367193174
12006090105131999104361074720305441780366171195
12006090105132000101522068918605031680335169166
12006090105132000104924000000004981750323166157
12006090105132002100230072600000000000000000192
12006090105132002103895066218204801620318159159
12006090105132002105381078522005651910374192182
12006090105132003100230074618205641850379195184
12006090105132003101156082421406102050405203202
12006090105132003102472076219205702000370192178
12006090105132003104531066816505031550348168180
12006090105132003105062075720805491780371191180
12006090105132004100499076318305801820398203195
12006090105132004101502080620705992030396204192
12006090105132004101710080720406032060397196201
12006090105132004101735072918405451810364178186
12006090105132004101818073217605561790377182195
12006090105132004102189081821506032040399197202
12006090105132004102495076519505701890381192189
12006090105132004105224088122706542190435229206
12006090105132004105821080620606002030397205192
12006090105132004109156073217605561760380183197
12006090105142000101281068418205021710331169162
12006090105142000101691068316305201700350173177
12006090105142000106865069117505161680348175173
12006090105142001107092068217005121700342175167
12006090105142002100787064017204681630305159146
12006090105142002103901069117805131650348174174
12006090105142003105673070218005221720350175175
12006090105142003107178056514904161490267137130
12006090105142004100502069617805181650353176177
12006090105142004101047069217705151710344173171
12006090105142004107062066717104961610335171164
12006090105142004109272065916304961620334170164
12006090105152000101284069618805081760332172160
12006090105152000103680081720506121980414214200
12006090105152000110130070319805051770328166162
12006090105152001101125069818705111820329173156
12006090105152001103344073000000000000000000000
12006090105152002101755069819105071790328169159
12006090105152003101723085023306172070410207203
12006090105152003104336069217705151640351172179
12006090105152003104590066116904921610331166165
12006090105152004102078068917205171690348172176
12006090105152004103873070218205201690351178173
12006090105162001100915085823206262100416210206
12006090105162003103773079022005701950375192183
12006090105162004101377071519505201650355168187
12006090105162004107324081922005992070392200192
12006090105172000101550076220405581860372185187
12006090105172002105400070717905281740354179175
12006090105172002106403079420505892000389199190
12006090105172003100206067117304981640334162172
12006090105172003102983077119905721890383193190
12006090105172003103858070417805261750351176175
12006090105172004105220078718506022010401202199
12006090105172004109158079220105911990392199193
12006090105182004107287072218505371790358178180
12006090105192001107735078821005781960382193189
12006090105192003102205078520405811890392194198
12006090105192003103121063416404701530317158159
12006090105192004101901063016604641510313158155
12006090105222000104443080324405591950364194170
12006090105222003102091070418105231710352176176
12006090105222003102278076719505721810391193198
12006090105222003105690073218405481810367186181
12006090105222004107006072619805281840344175169
12006090105232001103100071419905151820333169164
12006090105232003100427067317105021620340168172
12006090105232003100809075120605451940351178173
12006090105232003103746065917604831600323161162
12006090105242003103043067016205081660342172170
12006090105242003110050072718505421800362186176
12006090105242004100622072619605301760354177177
12006090105242004100688000018300001820000173000
12006090105242004102531074019105491820367189178
12006090105252002110115064617204741590315156159
12006090105252003103627068218504971660331166165
12006090105252004103543068618205041680336170166
12006090105272001100385061916004591550304153151
12006090105272002104819073817805601800380189191
12006090105272002109448069819805001690331163168
12006090105272003100808071918805311790352175177
12006090105282002105275081923205871970390207183
12006090105282004103202080221905832000383197186
12006090105282004110171080422405801960384195189
12006090105292000105379065116804831650318163155
12006090105292003110018070818005281730355178177
12006090105292004100697071518405311740357177180
12006090105292004101732069817705211790342170172
12006090105302001100915070218705151690346173173
12006090105302002100922077818905890000000000190
12006090105302004101015069417205221710351173178
12006090105312002102202079920905901920398203195
12006090105312003100649071720205151770338175163
12006090105312003105699053715403831310252125127
12006090105322002104962068017505051650340170170
12006090105322003104103063817904591530306151155
12006090105322004104286070217505271730354177177
12006090105332002104214078520105841970387196191
12006090105342002107011069619605001670333169164
12006090105342004104328000000005181730345175170
12006090105361999101240070418405201720348174174
12006090105362002100727073719805391820357184173
12006090105362002105253070017405261740352176176
12006090105362003103872069517405211760345175170
12006090105362003104387000018800001740000175000
12006090105362003105686069717605211760345175170
12006090105362004101033071218205301780352175177
12006090105372003103043065215604961560340164176
12006090105382001102442071317805351770358178180
12006090105382003100383071918605331760357181176
12006090105382003109301000020000001810000176000
12006090105382003110258083300000000000398206192
12006090105382004103825056514804171390278136142
12006090105382004104262056714904181390279136143
12006090105392002100822064815904891560333171162
12006090105402002107275084830105472050342174168
12006090105402003102942072819105371910346184162
12006090105412004103738076519305721940378190188
12006090105432003100496069416805261720354178176
12006090105432004102253071118105301770353179174
12006090105442002103130089924706522270425220205
12006090105442003103086069018205081720336173163
12006090105442004103421084621806282000428213215
12006090105452004100759069417405201690351176175
12006090105462002100154068118504961720324167157
12006090105462002102465074219205501850365187178
12006090105462003104840070716205451790366187179
12006090105462003110060074119105501850365186179
12006090105462004105087077420505691940375190185
12006090105472003100913072418505391740365181184
12006090105472003102466064616704791590320160160
12006090105472003104443071918405351800355181174
12006090105472003105148071220105111710340171169
12006090105482002105559070919205171760341173168
12006090105492001102452076220705551910364189175
12006090105492001103115053415003841290255124131
12006090105492002100727065117404771630314160154
12006090105492003103118071319405191840335170165
12006090105492004104380074518905561820374188186
12006090105492004104996074518905561820374188186
12006090105502002101301070019705031690334165169
12006090105502002103163073218505471800367181186
12006090105502003103442067119604751570318160158
12006090105532000110113068318404991690330166164
12006090105532001100872076600000000000378197181
12006090105532003103762062915504741600314161153
12006090105532003110258077619905771940383195188
12006090105532004103410066115405071570350174176
12006090105542003101993075418805661950371190181
12006090105542003102713072218805341820352179173
12006090105542003106363069918505141690345171174
12006090105552003100383070818405241770347174173
12006090105572003102742072218305391780361183178
12006090105572004100402080221805841990385192193
12006090105582000104983000000005451730372186186
12006090106002003104443072919605331790354176178
12006090106022001100508000000005101650345174171
12006090106022003100913068417305111620349173176
12006090106022003106203055300000000000294143151
12006090106042003100793087921506642250439224215
12006090106122003102724066817404941690325166159
12006090106152002103291068517005151700345176169
12006090106202001100212079220405881930395200195
12006090106232003104338073218805441850359183176
12006090106332004100544079720805891970392199193
12006090106332004101781075219905531890364186178
12006090106552000104319067617505011660335165170
12006090106552002100925058815204361470289152137
12006090106552002102698076119505661900376189187
12006090106561999103059073917805611840377198179
12006090106562001100833079922205770000000000183
12006090106562001104552080523205731980375194181
12006090106562002103298066417204921600332167165
12006090106562003100651075819605621860376188188
12006090106562003104203073718805491860363185178
12006090106562003109074070119105101740336170166
12006090106562004106134066517304921610331170161
12006090106572001100592068500000000000346174172
12006090106572003107240069218505071790328168160
12006090106582003104031067116905021660336171165
12006090106592002102627059515504401450295151144
12006090106592002106417068517705081720336175161
12006090106592003100839062817804501550295148147
12006090106592003101922061017204381490289146143
12006090107002002103409063200000000000307157150
12006090107012001110021067918404950000000000157
12006090107012003101988071518405311810350178172
12006090107012003102955068618505011710330171159
12006090107012004101957081219006221940428215213
12006090107022003101036071517205431770366190176
12006090107022003106788071617305431810362189173
12006090107022004100943072518505401830357181176
12006090107022004103676072518605391820357181176
12006090107032004104081067617505011730328168160
12006090107032004105089067417405001730327167160
12006090107042001102686075018705631850378188190
12006090107042003107137068817605121720340170170
12006090107042004103154072618105451730372184188
12006090107042004104266071018805221780344175169
12006090107052003110119067916105181640354175179
12006090107052004110107066416105031730330167163
12006090107062002101782074819705511880363186177
12006090107072001100377066917304961630333169164
12006090107072002106778065115904921610331167164
12006090107072003103892062714104861520334169165
12006090107072003106631067417604981630335169166
12006090107072004102775069517905161660350173177
12006090107072004104431067715605211620359173186
12006090107082001106642077820605721930379193186
12006090107082002104223072818205461810365181184
12006090107082004106739072319105321820350179171
12006090107092003102985072419405301830347176171
12006090107092003103254083220806242090415213202
12006090107092004101046070517105341770357179178
12006090107102003107215072818205460000000000177
12006090107102003110031089522606692230446223223
12006090107112003104046057814604321380294142152
12006090107112004100884078200000000000403199204
12006090107122001104552065018904611700291158133
12006090107122002105674073821305251760349178171
12006090107122003103860070518405211760345173172
12006090107142002102404069918305161730343174169
12006090107142002102976068017805021580344171173
12006090107142003107253073419705371810356184172
12006090107152003101036069218105111670344173171
12006090107152003102665067016605041720332177155
12006090107152003106788068918105081660342172170
12006090107162004101971071818305351750360183177
12006090107172002103460075020305471850362179183
12006090107172004100943066516804971660331169162
12006090107172004101080068217305091770332171161
12006090107172004102135068416205221660356171185
12006090107172004103676066616904971660331169162
12006090107182003102476078020605741920382191191
12006090107182003103892063815504831530330164166
12006090107182003106666066617404921610331167164
12006090107192002102679064516504801580322159163
12006090107192003105676071218105311780353177176
12006090107192003110119074418105631830380187193
12006090107202001103312070518705181730345174171
12006090107202002110062074619205540000000000182
12006090107202003100896067817305051630342173169
12006090107202004101733074719305541860368186182
12006090107202004102037071619205241800344175169
12006090107202004105767071619205241800344175169
12006090107202004106349072718205451820363185178
12006090107212000101634075721605411830358187171
12006090107212000106314074419805461930353178175
12006090107212002104686078922205671930374193181
12006090107212004100661078622005661940372190182
12006090107222001106642071818605321770355181174
12006090107222002106778068017105091650344175169
12006090107222003103254075519505601910369191178
12006090107222004104431070616805381700368176192
12006090107222004104554000019900001750000179000
12006090107232003100654073019805321840348180168
12006090107242001102199066616804981650333169164
12006090107242004104093071918705321760356183173
12006090107242004106570070917705321710361178183
12006090107252003103674068517105141700344171173
12006090107252003103860068017605041660338175163
12006090107252004101821074520405411750366181185
12006090107252004102504066317104921610331168163
12006090107262003101165095328106722480424228196
12006090107262004104432058515504301470283144139
12006090107262004105983057915004291470282143139
12006090107282000107264062915704721540318158160
12006090107282003105465061016204481450303148155
12006090107282003105972058615704291420287141146
12006090107292004105608076919605731830390194196
12006090107302003106654071419205221740348177171
12006090107302004102135071417505391800359178181
12006090107322004102008074818405641820382191191
12006090107332002110156065416904851570328164164
12006090107332003101034070617805281780350179171
12006090107342002105232069119504961670329164165
12006090107342002107098068218304991740325165160
12006090107342003100179063316304701560314160154
12006090107342003104250067317504981690329166163
12006090107342004104861063615904771600317161156
12006090107362000106471071918105381830355184171
12006090107362002105980073320205311820349179170
12006090107362003100211070917405351750360180180
12006090107362003105685076300000000000372189183
12006090107362004109291070718405231810342178164
12006090107372002102223070718105261730353178175
12006090107372002103169074918705621850377193184
12006090107372003104359073519305421790363188175
12006090107372003106939082522106042100394203191
12006090107372004100623073617805581760382188194
12006090107372004101052066417204921660326164162
12006090107372004102877066417204921660326164162
12006090107372004105782073518105541810373184189
12006090107382002104313072119005311780353181172
12006090107382003102191070418405201800340180160
12006090107382003103463065116504861580328162166
12006090107382004103101066516804971620335170165
12006090107392002110114053414803861230263127136
12006090107392003103810072920205271810346175171
12006090107392004102804065116704841600324159165
12006090107392004105682063217104611530308161147
12006090107401999107166071219905131640349176173
12006090107402002100471065517204831640319167152
12006090107402002100518082222106012020399208191
12006090107402002103153071718605311760355179176
12006090107412004103468071718605311720359177182
12006090107412004103533071618505311720359177182
12006090107432004103423076720305641850379189190
12006090107442000107306000014700001600000000000
12006090107442003102071075219405581850373187186
12006090107442003102448072419005341810353178175
12006090107442004102750072518905361810355179176
12006090107442004102759072418905351800355179176
12006090107452001103157066900000000000334168166
12006090107452002105155071418605281670361190171
12006090107452002110010062317304501500300150150
12006090107452003104938066800000000000325163162
12006090107462002110001074022905111710340172168
12006090107462004102745075419505591900369187182
12006090107472003105187064717304741550319160159
12006090107482002102671068918505041690335170165
12006090107482003102737070618105251720353170183
12006090107482003104873068818505031690334166168
12006090107482003107231067116905021650337168169
12006090107482004101361068318404991690330167163
12006090107492002102505069900000000000345176169
12006090107502000110026067916805111660345174171
12006090107502001105695069518705081710337173164
12006090107502002110159073019405361820354185169
12006090107512000110202071319405191850334172162
12006090107512002103169070819005181800338176162
12006090107512004102432069918405151790336173163
12006090107522004110183072619705291720357185172
12006090107532003100301072020505151850330172158
12006090107541999107166070219905031680335173162
12006090107542001103308065418704670000000000130
12006090107542002102282067300000000000317162155
12006090107542003110179077100000000000355184171
12006090107552003102853064516904761620314163151
12006090107552003104769072619805281770351173178
12006090107552003110023000000004871600327160167
12006090107562003104883000000000000000000000000
12006090107562004101749070419505091790330174156
12006090107562004102832070719105161820334175159
12006090107562004104645071319605171830334175159
12006090107572002100840070218105211770344177167
12006090108012002102671069418505091740335173162
12006090108012003102384079221005821970385190195
12006090108012003102737069918205171720345171174
12006090108012003107231066917204971560341170171
12006090108012003110221059614504511460305154151
12006090108012004102745074318805551850370187183
12006090108022001106099062615204741480326160166
12006090108022001110268060714804591470312152160
12006090108022003102518063915304861540332167165
12006090108022003110072061817004481530295148147
12006090108022004110059065816904891580331163168
12006090108032002101015067116705041630341172169
12006090108032002102505070617905271770350180170
12006090108032003107139072918605431790364000000
12006090108032004102947066216504971590338165173
12006090108032004104136074720705401950345185160
12006090108032004104176069217805141660348174174
12006090108032004105084076421205521910361191170
12006090108032004105183067117105001640336170166
12006090108042003106376070618105251660359179180
12006090108072003106593069617905171700347174173
12006090108072004104162074018805521840368185183
12006090108072004104820074319105521840368186182
12006090108092003106567067917405051690336170166
12006090108122003104941067418404901700320167153
12006090108152002101525064316804751520323164159
12006090108192003102679058214504371470290146144
12006090108212000107407059216604261380288140148
12006090108212004104162067117105001640336172164
12006090108212004104820067217205001640336171165
12006090108232000101585071918805311750356178178
12006090108252003102976068117605051660339168171
12006090108262002103379068916905201690351179172
12006090108262003100930062616004661460320157163
12006090108292003105537071718805291880341175166
12006090108312000106983073717805591720387192195
