12012022806582006100017063215504771530324161163
12012022806582006103077060915704521500302149153
12012022806582006103691078821605721940378196182
12012022806582007102821061513804771450332163169
12012022806582008103203063614904871550332164168
12012022806582008104178062715604711570314160154
12012022806582008104381063216804641530311153158
12012022806582008104630062716004671610306154152
12012022806582008105519062216404581540304150154
12012022806582009100199077220605661910375183192
12012022806582009101473059816304351520283148135
12012022806582009102146062215504671520315158157
12012022806582009104147062816804601550305152153
12012022806582009105027078819605921940398203195
12012022806592005100910067317504981670331169162
12012022806592005101435065616504911650326164162
12012022806592007102397067317604971650332170162
12012022806592008102636063517004651590306157149
12012022806592008105016067317804951690326167159
12012022806592008110008000016500001720000166000
12012022806592009100370065417904751670308154154
12012022806592009100570064116304781630315162153
12012022806592009100807069717705201740346175171
12012022806592009101516062615304731580315158157
12012022806592009101902065017104790000000000159
12012022806592009103112064918004691590310154156
12012022806592009103362066916505041630341172169
12012022806592009103456070118405171770340176164
12012022806592009103550067417604981670331167164
12012022806592009104078064615204941580336166170
12012022806592009104454065216404881590329165164
12012022806592009105291065416704871680319158161
12012022806592009105477063015204781530325163162
12012022806592009105737064517104741630311159152
12012022806592009106130065617204841670317163154
12012022806592009106562067617704991720327167160
12012022806592009109209067818304951680327164163
12012022806592009110031067016305071680339174165
12012022806592009110065075319105621870375191184
12012022807002006102985067017104991670332167165
12012022807002006106676066817104971680329168161
12012022807002007100559068116805131670346174172
12012022807002007105182066617604901660324169155
12012022807002008100151067517804971620335168167
12012022807002008101156062515304721490323160163
12012022807002008101608066416205021650337000000
12012022807002008101952067218104911690322156166
12012022807002008103090071419805161840332174158
12012022807002008103387064216304791550324166158
12012022807002008103665000000005741920382198184
12012022807002009100202068116405171700347177170
12012022807002009101825066717104961700326164162
12012022807002009102657065616304931590334167167
12012022807002009103251065817004881760312153159
12012022807002009103463062116104601520308152156
12012022807002009103728071618205341810353179174
12012022807002009103868066817004981680330164166
12012022807002009103905065616104951570338167171
12012022807002009104276066915905101610349168181
12012022807002009104942063317404591510308157151
12012022807002009105491063515804771580319162157
12012022807002009106182063416404701560314159155
12012022807002009106569000000005190000000000171
12012022807002009106669067217205001690331165166
12012022807002009106752062615304730000000000156
12012022807002009110072063116204691520317160157
12012022807012006106794067418204921660326164162
12012022807012007100962068818305051730332167165
12012022807012007102630062016004600000000000159
12012022807012007102721060516304420000000000145
12012022807012007103295061016404461480298146152
12012022807012008100868060715504521510301152149
12012022807012008102479064617104751560319162157
12012022807012008103083064217104711630308156152
12012022807012008103264061216204501510299153146
12012022807012008103291067917305061690337159178
12012022807012008104750065118304681620306158148
12012022807012009100001070918805211700351175176
12012022807012009100485069718305141710343168175
12012022807012009101362068218005021700332168164
12012022807012009101427068717505121720340172168
12012022807012009102457064216704751650310156154
12012022807012009103460061116104501530297152145
12012022807012009103851062616804581600298151147
12012022807012009104020060016104391450294145149
12012022807012009104050067217205001600340168172
12012022807012009104859066616904971570340178162
12012022807012009105287065716304941600334172162
12012022807012009105763063316204711560315159156
12012022807012009105771058715704301430287142145
12012022807012009106500063915504841550329168161
12012022807012009110085060916204471540293148145
12012022807012009110096065517404811610320160160
12012022807022006102735074319705461810365184181
12012022807022006103076067216305091670342172170
12012022807022006106067064817004781600318160158
12012022807022007102343061615104651530312155157
12012022807022007103327067418704871680319163156
12012022807022007104591067016905011680333166167
12012022807022007105636063717704601600300155145
12012022807022007105741071618605301840346176170
12012022807022008100484062716004671550312159153
12012022807022008102223062516204631600303155148
12012022807022008103348072919705321740358186172
12012022807022009100946075519705581930365183182
12012022807022009101501072018205380000000000174
12012022807022009102875064016604741580316160156
12012022807022009102895072118405371800357182175
12012022807022009103763075919605631880375185190
12012022807022009103856066417804861630323162161
12012022807022009104436066017604841610323164159
12012022807022009105239064516604791630316154162
12012022807022009105635062817404540000000000147
12012022807022009106086060816504431510292147145
12012022807022009106131061415804561520304155149
12012022807022009106653073319205411840357179178
12012022807022009109260069718405131700343173170
12012022807032005103543059715804391510288150138
12012022807032007103052065418104731690304156148
12012022807032008101291063016804621540308154154
12012022807032008102761067718604911640327163164
12012022807032008103205063116104701540316165151
12012022807032009100780063316404691540315155160
12012022807032009101179062816304651560309158151
12012022807032009101508064015804821530329162167
12012022807032009101675073517705581800378190188
12012022807032009101847074019905411730368185183
12012022807032009102302072618705391760363180183
12012022807032009102855072417405501760374192182
12012022807032009102918063316404691540315156159
12012022807032009102942074418605581810377191186
12012022807032009103704065716404931770316170146
12012022807032009103971061816704511530298152146
12012022807032009105036083119706341950439214225
12012022807032009105339069917505241700354181173
12012022807032009105814069719005071670340172168
12012022807032009105875065716404931660327167160
12012022807032009105920063215704751570318158160
12012022807032009106604074417805661890377192185
12012022807032009106664065317804751600315159156
12012022807032009110091065116604851560329165164
12012022807042006105781060400000000000300149151
12012022807042006110146062316504581550303153150
12012022807042007100624066200000000000000000171
12012022807042007101200066917104981700328167161
12012022807042007101270071718105361820354181173
12012022807042007101456065717404831590324162162
12012022807042007104099072918905401830357179178
12012022807042007104706065518004751580317155162
12012022807042007106474065817204861630323161162
12012022807042007106729070518505201780342173169
12012022807042008103095063117104601580302149153
12012022807042009102489070717305341770357174183
12012022807042009103933063415804761590317154163
12012022807042009105606066016704931620331167164
12012022807042009105770070817905291780351175176
12012022807042009106759065116704841610323165158
12012022807052006102839067818004981660332169163
12012022807052007100569066917204971680329169160
12012022807052007103118068018005001700330168162
12012022807052007110014069517005251630362182180
12012022807052008105704065216604861580328164164
12012022807052009100576064616404821550327164163
12012022807052009101336066116304981580340167173
12012022807052009101774066816505031670336168168
12012022807052009103734067515105241510373176197
12012022807052009103968067617405020000000000169
12012022807052009104949065316604871640323165158
12012022807052009105826066316704961640332164168
12012022807052009106259064317704661550311155156
12012022807052009106278064716804791650314159155
12012022807052009106310070018105191760343171172
12012022807052009106471068017905011680333167166
12012022807062005100291070819905091750334176158
12012022807062006103372071120005111760335177158
12012022807062007103215064716704800000000000000
12012022807062008100685071320205111770334178156
12012022807062009100188069818105171790338168170
12012022807062009100354068317505081720336000000
12012022807062009100364065216604861590327158169
12012022807062009102166065717904781650313156157
12012022807062009102449069120404871780309166143
12012022807062009102473073421605181890329169160
12012022807062009102952070518605191730346177169
12012022807062009104475068217805041700334168166
12012022807062009106166067819104871710316167149
12012022807062009106176067118204891690320161159
12012022807062009106218067819004881740314167147
12012022807062009106386069020404861750311166145
12012022807062009106406071320305101780332178154
12012022807062009106600073521705181910327170157
12012022807062009110001073421605181910327171156
12012022807072005110154000000000000000000000000
12012022807072006103026066217204901650325160165
12012022807072007102316070718305241740350176174
12012022807072007102789065916904901590331163168
12012022807072008101611067417604981630335172163
12012022807072008103013066917004991640335172163
12012022807072008103250065416304910000000000000
12012022807072008104027066217104911590332164168
12012022807072009100142066017404861600326161165
12012022807072009100948000000000000000343170173
12012022807072009101682066616804981690329166163
12012022807072009102686065717004871610326162164
12012022807072009102789065517204831570326163163
12012022807072009103737067917005091670342172170
12012022807072009104635069416805261750351180171
12012022807072009104832064715804891590330164166
12012022807072009105295072419405301790351180171
12012022807072009105989061514804671530314159155
12012022807072009106000065617504811640317164153
12012022807072009106009065216704851590326165161
12012022807072009106253066317204911670324163161
12012022807072009106383068217505071700337170167
12012022807072009110079072419405301790351179172
12012022807082002105263063816104771580319159160
12012022807082006103045062215404681510317158159
12012022807082006105644069118105101690341169172
12012022807082007101654065015804921580334166168
12012022807082007103122063316404691550314153161
12012022807082007103513000000000000000341170171
12012022807082007106613062415804661520314156158
12012022807082008100690066517204931670326000000
12012022807082008101777063416104731530320162158
12012022807082008101974064716504821610321159162
12012022807082008102707063917304661650301154147
12012022807082009100914063916204771590318159159
12012022807082009102016067716705101660344170174
12012022807082009102849065616104951590336166170
12012022807082009103039062715904681560312155157
12012022807082009103529062015904611480313151162
12012022807082009105086065016804821580324166158
12012022807082009105160061715704601490311151160
12012022807082009105367064616504811590322162160
12012022807082009105561067618904871810306163143
12012022807082009105985069419504991790320162158
12012022807082009106068064116004811550326161165
12012022807082009106279063916604731570316155161
12012022807082009106315065716904881680320165155
12012022807082009106423061815904590000000000156
12012022807082009106515064915904901600330163167
12012022807092006109266069317305201720348175173
12012022807092007101798063116004711540317155162
12012022807092008102952062015704631540309156153
12012022807092008104056065716504921580334163171
12012022807092008104817064816304851580327163164
12012022807092009100192072319405291770352177175
12012022807092009100240063616304731510322161161
12012022807092009101008066216704951600335168167
12012022807092009101334064916304861610325162163
12012022807092009101552000000000000000000180000
12012022807092009101598063516304721570315157158
12012022807092009103866070819005180000000000167
12012022807092009106106064416904751620313155158
12012022807092009106551072219605261800346177169
12012022807102004103648081920706122060406209197
12012022807102006106231065116504861590327164163
12012022807102007102250064715704901580332167165
12012022807102007103169065317004831630320162158
12012022807102007109232065117304781620316157159
12012022807102008101281071518105341770357181176
12012022807102008102143067217304991640335168167
12012022807102008104835068718305041720332171161
12012022807102009100089067317904941630331166165
12012022807102009103053069718705101730337170167
12012022807102009103720066017104891660323160163
12012022807102009104207066816904991650334165169
12012022807102009105226069318205111680343173170
12012022807102009105646066917004991650334165169
12012022807102009110050067517804971690328168160
12012022807102009110067073818805501820368182186
12012022807102009110128072218305391790360180180
12012022807112005110011072917405550000000000185
12012022807112007101280069218405081730335165170
12012022807112008102412071118105301790351178173
12012022807112008104911074120105401870353185168
12012022807112008105764064616304831640319158161
12012022807112009100217073319705361800356180176
12012022807112009102833068619404921690323163160
12012022807112009105893069017505151660349171178
12012022807122007105507062116004611560305152153
12012022807122008110095065517104841600324163161
12012022807122009102657061916504541500304152152
12012022807122009103441066100000000000342168174
12012022807122009104529065017204781620316160156
12012022807122009105033067916705121650347175172
12012022807122009109241070117705241750349175174
12012022807132006100106063316104721540318155163
12012022807132008101952067717605011610340162178
12012022807132008103215000017100001560000000000
12012022807132009101019063217104611570304151153
12012022807132009103938000000000000000297154143
12012022807132009106262067818204961700326163163
12012022807142006104371068718904981750323164159
12012022807142008101123069117605151660349175174
12012022807142008104100067617305031660337166171
12012022807142009101270066217904831640319163156
12012022807142009101419067717005071680339170169
12012022807142009104057074219905431830360184176
12012022807152006102735070917905301750355175180
12012022807152009100316068217605061670339167172
12012022807152009101362070318705161760340171169
12012022807152009101427067700000000000328169159
12012022807152009101767064016304771560321158163
12012022807152009102372066616205041680336170166
12012022807152009102854065315804951650330169161
12012022807152009103467074618305631890374192182
12012022807152009103559066615605101640346169177
12012022807152009104050068417505091730336169167
12012022807152009105000000016600001660000174000
12012022807152009106653069018105091700339174165
12012022807152009106741074218305591840375190185
12012022807162007101822065917104881660322161161
12012022807162007103888064617104751580317152165
12012022807162007105937070819105171750342175167
12012022807162007106121066617104951670328165163
12012022807162008101293071918405351760359182177
12012022807162008103199059015104391470292144148
12012022807162008103348070017805221650357182175
12012022807162008103548064216904731630310000000
12012022807162008110055071817905391750364182182
12012022807162009100602064016604741570317156161
12012022807162009100946069518305121770335171164
12012022807162009101847073219405381840354183171
12012022807162009102901063716004771590318160158
12012022807162009103054066017004901680322165157
12012022807162009103711067116305081630345173172
12012022807162009103763072418705371830354182172
12012022807162009104152000000005471880359183176
12012022807162009106300070217005321820350179171
12012022807162009106483064817004781600318160158
12012022807162009109012067616605101670343176167
12012022807162009109260073019305371770360184176
12012022807172006103499067118104901680322161161
12012022807172006105046067617405020000000000163
12012022807172007102649073920305361940342181161
12012022807172007102819068017905010000000000162
12012022807172008104594068916405251650360180180
12012022807172009101761073618105551770378188190
12012022807172009104460068317705061710335170165
12012022807172009105036083221206202040416206210
12012022807172009106604070118605151760339172167
12012022807182005103510067817005081690339171168
12012022807182006102236073117705541900364189175
12012022807182006102237063715604810000000000000
12012022807182009100505069518805071690338168170
12012022807182009109159066817904891570332167165
12012022807192006103177072319405291780351176175
12012022807192006105164072218905331760357176181
12012022807192007101370069118505061700336169167
12012022807192008104576074119305481790369186183
12012022807192008106301065117004811610320156164
12012022807192009100586065918204771640313155158
12012022807192009100917069219404981620336167169
12012022807192009101155065916704921670325165160
12012022807192009101519069518105141770337168169
12012022807192009103163062717104561560300151149
12012022807192009103815069317305201730347171176
12012022807192009104324067916305161690347176171
12012022807192009105136072519705281700358175183
12012022807202007102901065717704801660314160154
12012022807202007103215067417704971710326167159
12012022807202008100538065216204901620328165163
12012022807202008102866064616804780000000000172
12012022807202008102942068118404971630334162172
12012022807202008103013066617404921660326165161
12012022807202008103035064217104711650306157149
12012022807202008103250067216805041720332165167
12012022807202008104085066117504861650321159162
12012022807202009100300067917205071650342166176
12012022807202009100535065616504911610330165165
12012022807202009106176066117804831630320163157
12012022807202009106253066818004881690319161158
12012022807202009106383066718104861700316162154
12012022807212006102879077119205791950384193191
12012022807212006103063070518305221720350173177
12012022807212007102885074219805441810363184179
12012022807212008105594070818105271720355180175
12012022807212009101275000000004971630334168166
12012022807212009101451070319505081770331169162
12012022807212009103464073218405481840364186178
12012022807212009105086062116204591460313158155
12012022807212009106230065617204841640320160160
12012022807222005105184063917304661530313153160
12012022807222008101810067617305031700333167166
12012022807222008102293065516604891640325162163
12012022807222009100519075218805641880376189187
12012022807222009100921069717205251730352176176
12012022807222009101065068516805171660351177174
12012022807222009101211067416605081660342168174
12012022807222009101330066716705001650335169166
12012022807222009103395062916004690000000000161
12012022807222009106057067617105051650340170170
12012022807232007102250064416104831590324164160
12012022807232007105058068919204971760321159162
12012022807232008100724065917504841660318160158
12012022807232009100255066516704981630335171164
12012022807232009100609069917605231740349175174
12012022807232009100803070318205211730348174174
12012022807232009100813069518505101720338170168
12012022807232009101381064816304851630322162160
12012022807232009102455000000004821540328162166
12012022807232009102596072118405371760361184177
12012022807232009103053067318104921660326165161
12012022807232009105304071018705231710352172180
12012022807232009105707066816904991620337169168
12012022807232009105985071219905131650348172176
12012022807232009106153067118104901720318163155
12012022807242005102793070217505271680359177182
12012022807242008101507067716805091660343168175
12012022807242009101087069015905311620369172197
12012022807242009101176069918105181680350174176
12012022807242009102891070417905251770348178170
12012022807242009103015066117004911660325160165
12012022807242009104019064916504840000000000165
12012022807242009104540070518605191720347174173
12012022807242009104948067716805091650344169175
12012022807242009106466067016905011690332165167
12012022807252006102264066516804971640333164169
12012022807252007106288064216004821560326163163
12012022807252008103589062813204961480348176172
12012022807252008104815068317105121690343173170
12012022807252008110094063716104761590317158159
12012022807252009100135065216304891570332166166
12012022807252009100547064816604821600322160162
12012022807252009100937061215804541510303154149
12012022807252009101259068617305131710342172170
12012022807252009101287061916304561490307157150
12012022807252009101647069417305211740347171176
12012022807252009101871063516204731580315157158
12012022807252009104161068117605051700335168167
12012022807252009104169067100000000000000000164
12012022807252009104403063815504831550328162166
12012022807252009105554069117805131750338169169
12012022807262005101541066017804821640318160158
12012022807262008104013063415804761550321164157
12012022807262008105785066317604871650322161161
12012022807262009101243067517904961650331168163
12012022807262009105405069616805281760352176176
12012022807272006102174063116404671510316159157
12012022807272007105621065917204871660321160161
12012022807272008103575067117804931740319156163
12012022807272008105565000000005061750331170161
12012022807272009100249065017104791660313157156
12012022807272009100736069016705231690354173181
12012022807272009100976067918204971680329161168
12012022807272009101016066517804871590328164164
12012022807272009102198067917205071610346171175
12012022807272009104366065317304801660314159155
12012022807272009105380069017805121660346174172
12012022807272009106361068917205171670350176174
12012022807272009110057069018405061730333174159
12012022807282007110113070819705111690342182160
12012022807282008104359062517004551620293151142
12012022807282008106182066816805001670333166167
12012022807282009102581067116605051650340169171
12012022807282009103402062115404671510316163153
12012022807282009106850061716304541490305152153
12012022807282009109150065317004831600323162161
12012022807292007104791066216804941630331167164
12012022807292009101398064917404751630312158154
12012022807292009104205059316304301500280140140
12012022807302006105977066016504951690326167159
12012022807302007101071069417505191760343171172
12012022807302008102045060516704380000000000143
12012022807302009100337065316104920000000000158
12012022807302009100417072919005391820357181176
12012022807302009101789069918205171650352170182
12012022807302009101967071717405431740369178191
12012022807302009101971071618605301720358178180
12012022807312005101457069918705121750337175162
12012022807312005105641000019100001770000000000
12012022807312005106934063215604761560320162158
12012022807312008102816069517405211770344179165
12012022807312009100858067117904921690323164159
12012022807312009101177000000005071720335172163
12012022807312009102123070618105251790346175171
12012022807312009102590064415604881550333158175
12012022807312009102687069717305241750349178171
12012022807312009102705069717305241780346174172
12012022807312009105108065116304881670321164157
12012022807312009106510066517504901630327165162
12012022807322007103320068718605011670334165169
12012022807322008101083067517005051690336170166
12012022807322008102019065717504821630319161158
12012022807322008103311064618004661640302158144
12012022807322009100777061115504561480308150158
12012022807322009105021065517404811650316157159
12012022807332007101565069817605221670355176179
12012022807332007104401062016204581580300149151
12012022807332009102669062000000000000300149151
12012022807332009103594071718705301800350179171
12012022807332009105903061115704541510303150153
12012022807332009106384000015800001570000155000
12012022807342008101810066116704941660328166162
12012022807342008102293067917405051710334170164
12012022807342008104464063816004781560322155167
12012022807342009100921068018104991690330169161
12012022807342009102700070418605181730345177168
12012022807342009103114064316704761590317161156
12012022807342009103991071318805251730352178174
12012022807342009104722068817605121630349172177
12012022807352006104664067915205271600367173194
12012022807352008100013068818005081670341166175
12012022807352008101692063415304811470334157177
12012022807352009102440066817404941650329162167
12012022807352009103694066216604961640332163169
12012022807352009105015065816604921630329163166
12012022807352009106742065516704881620326163163
12012022807362006103147063516304721470325158167
12012022807362007103315066216904931630330163167
12012022807362009102476063916804711580313153160
12012022807362009103560066115905021540348168180
12012022807362009105707066016804921610331165166
12012022807362009106153066517904861670319162157
12012022807362009106583065416704871650322000000
12012022807372007104302065116804831610322163159
12012022807372008102075065217704751600315157158
12012022807372009101650066317404891560333165168
12012022807372009103433070319205111750336174162
12012022807372009103436069517405211790342178164
12012022807372009104244071018605241780346178168
12012022807372009106061000000000000000000000000
12012022807382006103317066517104941650329163166
12012022807382006103422066618404821570325161164
12012022807382007103386065918004791630316155161
12012022807382009106265066817704911620329160169
12012022807402006105480068518405011700331171160
12012022807402008104252063817904591580301154147
12012022807402009106869067116205091610348170178
12012022807402009106870066616505011620339163176
12012022807402009106879066116604951620333163170
12012022807412008109154068319704861690317162155
12012022807412009103143065818204761670309153156
12012022807412009105016068516905161640352172180
12012022807412009106308064516004851590326164162
12012022807422004100212065716104961590337167170
12012022807422006102896063416004741550319159160
12012022807422007103402068017605041750329168161
12012022807422009101156069218605061720334166168
12012022807422009101846064315504881570331163168
12012022807422009106370066817104971640333165168
12012022807422009106416064916504841620322162160
12012022807432006103413066717204951620333168165
12012022807432007102817064917004791630316158158
12012022807432009100377069717805191740345174171
12012022807432009101175071318405291840345175170
12012022807432009101971067617405021660336169167
12012022807432009102096064816204860000000000157
12012022807432009104381069618605101800330168162
12012022807432009106110065817204861650321160161
12012022807432009106710072617005561900366185181
12012022807442006106716067618804880000000000143
12012022807442007102663073819105471820365182183
12012022807442008101384067517904961650331164167
12012022807442008101894064116404771490328154174
12012022807442009100012067717205051690336168168
12012022807442009101519069818305151790336174162
12012022807442009103204064915104981540344170174
12012022807442009103584074218105611780383187196
12012022807442009103815069718105161790337174163
12012022807442009104324067416805061670339170169
12012022807442009104643063716404731540319158161
12012022807442009105785068416905151660349166183
12012022807442009106690062617004561510305151154
12012022807452007102818061616004561510305152153
12012022807452009104782068918105081750333173160
12012022807452009106673067016205081600348172176
12012022807462007102807067616905071660341170171
12012022807462008101214068417405101720338171167
12012022807462009103165070418405201750345175170
12012022807462009105349070419005141770337176161
12012022807472006103754068116405171700347174173
12012022807472008100150071818305351760359180179
12012022807472008103495070617705291790350179171
12012022807472008105640068617405121730339172167
12012022807472009100139071818505331800353177176
12012022807472009100479069617105251720353176177
12012022807472009102498068817705111720339171168
12012022807472009104156072918405451830362182180
12012022807472009105452068417605081680340176164
12012022807482005103833070818305251720353178175
12012022807482006102174063317204611500311155156
12012022807482007101286067316605071590348173175
12012022807482007106576071118605251790346174172
12012022807482008100832000000004891650324161163
12012022807482009101402068916705221660356178178
12012022807482009105111072518605391760363188175
12012022807492007100337072819805301820348178170
12012022807492008104749067618704891690320163157
12012022807492009100834067717705001680332168164
12012022807492009102570062616904571490308153155
12012022807492009102841067717605011690332168164
12012022807492009104923073419805361830353180173
12012022807492009105324000000005001720328165163
12012022807492009109169073717805591730386190196
12012022807512003103034071320005131670346171175
12012022807512008104001069117005211740347171176
12012022807522009100806069617005261720354171183
12012022807542009103438069817805201710349175174
12012022807542009103555065915605031550348158190
12012022807552009101397072719005371820355181174
12012022807562008101384060017404261480278139139
12012022807572009100314072418405401730367180187
12012022807572009102772069517105241700354175179
12012022807572009103965067516605091670342169173
12012022807582008105238072219405281780350174176
12012022807582009101295070418305211730348173175
12012022807582009104962070919005191720347172175
12012022807592007105671068617205141700344169175
12012022807592008105066068917905101650345170175
12012022807592009100974071018005301800350178172
12012022807592009104975070318805151720343168175
12012022807592009106267064416804761530323158165
12012022808002005100097067216905031710332170162
12012022808002005110055067316905041700334170164
12012022808002006103740064718204651640301153148
12012022808002009103158065016504851620323164159
12012022808012008104888067417305011680333167166
12012022808012009104247070916805411780363182181
12012022808012009104923071118505261770349177172
12012022808012009106109071019305171760341170171
12012022808012009106327067016305071650342170172
12012022808022009100380073918805511780373187186
12012022808022009101208069717905181710347174173
12012022808022009101936073518605491780371186185
12012022808022009103725070419105131750338174164
12012022808022009104085070418205221730349173176
12012022808032008104263069817805201730347175172
12012022808032009100122071818705311770354181173
12012022808032009106173064216904731610312160152
12012022808042009103462058414404401380302149153
12012022808052006100367000000000000000000000152
12012022808052009100872068817805101720338170168
12012022808052009102127068917905101720338170168
12012022808062008102833067116905021670335170165
12012022808062009100575071217905331770356178178
12012022808072008102687061615504611510310157153
12012022808072009101788063114404871470340163177
12012022808072009102443064816604821630319160159
12012022808072009102852061215404581500308156152
12012022808072009102925063716304741560318159159
12012022808072009110003061815604620000000000159
12012022808082006109274000000005151710344172172
12012022808102009106666072017705431710372182190
12012022808132009106343069218305091710338168170
12012022808142009102024077719905782030375189186
12012022808142009102838078520605792050374189185
12012022808152009104261000000004551530302152150
12012022808162006102295061215404581510307154153
12012022808162009101149067417804961680328162166
12012022808172004104702058614304431420301150151
12012022808172007103051061916504541580296149147
12012022808172007106507063516004751590316161155
12012022808172009106871069018305071680339170169
12012022808192009100385066315705061600346169177
12012022808192009103726069617305231750348175173
12012022808222006104311061715304641510313149164
12012022808222008103539062716504621600302154148
12012022808232008105591071518605291800349172177
12012022808232009105868063016204681590309157152
12012022808232009106090061515904561540302149153
12012022808242007103084064316404791600319159160
12012022808252007106402067118404871680319159160
12012022808252008106213000000000000000000000000
12012022808262007102903057414804261410285000000
12012022808262007102930058200000000000285139146
12012022808272008102895062016204581550303151152
12012022808272009103246063615804781580320159161
12012022808292006106459072419205321840348175173
12012022808292008102421071919705221780344176168
12012022808292008103530064416204821570325164161
12012022808302006103208064500000000000320162158
12012022808302007101027069518405111730338170168
12012022808312009101277069618605101610349172177
12012022808312009102145072718005471800367184183
12012022808312009104250072518005451780367184183
12012022808322009102097068619204941640330164166
12012022808332005106310065617604801640316159157
12012022808332007102504059816104371480289144145
12012022808332008105068066117504861670319165154
12012022808332009102739064518004651680297155142
12012022808332009102810059915904400000000000147
12012022808332009103852066016904911700321163158
12012022808332009106468065216904831710312155157
12012022808342009101964069818305151750340170170
12012022808482009104432062416004641570307150157
12012022808492007104787067117604951690326168158
12012022808492009103285068217205101750335166169
12012022808492009105012068016705131680345171174
12012022808502005103581061816404541500304149155
12012022808502009103012067116305081660342170172
12012022808502009103593062916704621520310157153
12012022808512007101538071218705251790346178168
12012022808512008105285068617405121660346170176
12012022808512009104157069818805101750335172163
12012022808512009106535068717605111670344169175
12012022808542007100083061815804601490311150161
12012022808542009104426067216605061660340169171
12012022808552009106246062716804591570302153149
12012022808562004100194076517705881860402201201
12012022808562007103848064717204750000000000153
12012022808562007109151062916504641560308154154
12012022808562008103136064317204710000000000151
12012022808562009100341068716705201710349177172
12012022808572006102332063618004561590297149148
12012022808572007101266065717204851680317160157
12012022808572009103431063616104751570318160158
12012022808572009104836065616204941690325165160
12012022808582009103667065116104901590331162169
12012022808592005102062071919305261760350173177
12012022809002009100312068420304811680313157156
12012022809012008101278074420105431880355178177
12012022809012009100253074920405451850360180180
12012022809012009100456074419505491890360181179
12012022809012009103854074318505581900368187181
12012022809022008104008066017304870000000000167
12012022809052007105048071217905331690364182182
12012022809052009100019069017905111710340170170
12012022809052009104803071219205201750345177168
12012022809072006100796065417504791570322160162
12012022809072007100152069917805211780343172171
12012022809072007101890069018005101670343172171
12012022809072009103359066216804941630331168163
12012022809072009103390066316804951640331167164
12012022809132005104694066916605031610342175167
12012022809132009100363064516404811580323162161
12012022809132009101773069917805211740347175172
12012022809142008101278069318705061760330168162
12012022809142008106223065616304931650328167161
12012022809142009100242066716804991630336164172
12012022809142009100253069019404961810315162153
12012022809142009100456070419105131750338169169
12012022809142009103440067717605011660335167168
12012022809142009103854067917805011690332170162
12012022809152009102848068617105151640351171180
12012022809152009103708065500000000000341168173
12012022809162007101512065516604891610328162166
12012022809162009101992092525506702310439222217
12012022809172008104186069317705161730343170173
12012022809172008105744065517404811620319157162
12012022809172009100909068916205271660361185176
12012022809172009101502067617005061650341170171
12012022809172009102583067817205061700336169167
12012022809172009104606069817405241770347177170
12012022809172009105056071219805141780336170166
12012022809182007103194070020304971760321172149
12012022809182007103343068120204791770302158144
12012022809182007105120069917705221710351000000
12012022809182008103426068716505221680354170184
12012022809182008103554067217105011660335168167
12012022809182009102480069620004961760320171149
12012022809182009102826067517305021660336168168
12012022809182009103458069519904961750321171150
12012022809182009103465068820704811760305161144
12012022809182009104946068320004831780305163142
12012022809182009106334065417404801650315159156
12012022809192005101133069518405111770334170164
12012022809192008103012067917805011710330169161
12012022809192008104034062916104681600308161147
12012022809192009100926066716904980000000000170
12012022809192009103064065617704791620317162155
12012022809192009103523064114005011510350168182
12012022809192009103551065416804861640322161161
12012022809192009104054066616904971630334164170
12012022809192009105355066300000000000320172148
12012022809192009106799065916204971590338164174
12012022809202008100570068017805021700332160172
12012022809202008101082068917805111680343170173
12012022809202009106475069317905141730341170171
12012022809202009106512065517304821620320158162
12012022809212006105210069416905251740351177174
12012022809212007104835069919405051780327164163
12012022809222007100727068817205161650351174177
12012022809222007105165000018000001790000184000
12012022809222009101529071117805331690364184180
12012022809222009102350071918005391780361184177
12012022809222009104374063516504701480322160162
12012022809232006103114070217805241700354177177
12012022809232007106768061915804611530308157151
12012022809232009104653066417104931680325164161
12012022809232009109207068417305111760335169166
12012022809242007104510070617905271770350178172
12012022809242008101020065618004761630313159154
12012022809242009106748064916504841570327170157
12012022809252009100363071719205251750350178172
12012022809262006106892000017500001680000177000
12012022809262007101419000000005031720331000000
12012022809262008106573066118204791630316157159
12012022809262009104305068418604981750323162161
12012022809262009104538066218004821620320161159
12012022809272007101633079321205811960385193192
12012022809272008106413067617005061680338167171
12012022809282007100581069620904871790308167141
12012022809282007105128077320905642020362186176
12012022809282009100589070121004911780313168145
12012022809282009100616066816205061640342170172
12012022809282009105096067218304891670322162160
12012022809292007104998064316104821510331165166
12012022809292008105744064917804711590312155157
12012022809292008105965068417305111770334171163
12012022809292009100245066416704971640333164169
12012022809292009101892069218005121710341173168
12012022809292009104089069017905111720339171168
12012022809292009104163072418505391820357181176
12012022809292009105009061815804601550305154151
12012022809292009105142068617605101740336170166
12012022809302007103405065400000000000322000000
12012022809302008100791064216904731630310155155
12012022809302008102884070317705261760350174176
12012022809302009100898062415604681550313152161
12012022809302009102282072218805341760358181177
12012022809302009102532073118805431850358180178
12012022809302009103953065316504881680320160160
12012022809302009104850064615104951520343167176
12012022809302009106756068816605221680354172182
12012022809312007100628067200000000000000000000
12012022809312008104186069618405121750337171166
12012022809312009100147064517104741550319159160
12012022809312009103927064316904741560318158160
12012022809312009104054066017504851670318160158
12012022809332007103194068719304941790315170145
12012022809332007103343065419004641640300150150
12012022809332009105044068117805031680335164171
12012022809342008103895067217604961610335165170
12012022809342008105768066617104951620333160173
12012022809342009109243079119405971870410204206
12012022809352007100727070718505221820340180160
12012022809352007104510067617305031670336174162
12012022809352007105165074100000000000000000000
12012022809352009101529074119705441850359187172
12012022809352009102350072519005351780357180177
12012022809362007104688066617504911670324165159
12012022809362007106231060414704571520305156149
12012022809362008102581064816804801620318159159
12012022809372009101458063016504651660299152147
12012022809372009106254064116004811580323159164
12012022809382005106384067417405001620338169169
12012022809382006101091065516604891620327160167
12012022809382006110092059514704481490299145154
12012022809382007110099066717104961550341167174
12012022809382009101776063915304861600326168158
12012022809382009101807061715204651490316159157
12012022809382009103722065817004881660322161161
12012022809382009110013068218205001680332171161
12012022809392005106347066017404861610325161164
12012022809392008101440065518504701630307153154
12012022809392009104041068417305111640347173174
12012022809392009104167064416004841610323162161
12012022809402008102566063015804721570315157158
12012022809402009102836068617305131680345173172
12012022809412006106892070018705131690344168176
12012022809412008105144069417905151630352176176
12012022809412009106298076219405681920376192184
12012022809422006101416077619905771980379191188
12012022809422009100011078421005740000000000206
12012022809432007105881066416504991640335170165
12012022809432008102613066417204921630329165164
12012022809432009100180066416005041670337170167
12012022809432009106076065617604801670313162151
12012022809442007103256062115304681540314157157
12012022809442007104860065816304951630332165167
12012022809442008103054065616904871630324162162
12012022809442009102431062616204641490315155160
12012022809442009105389073219005421830359184175
12012022809442009106126065016504851620323161162
12012022809452006104716072018405361780358179179
12012022809452007106224070318605171740343172171
12012022809452008105887071219405181810337177160
12012022809452009101103067717305041740330169161
12012022809452009102375066417204921680324165159
12012022809452009103367000000005080000000000000
12012022809452009103590069418005141720342171171
12012022809452009106092064416304811640317159158
12012022809452009109243073118205491750374183191
12012022809462005105383000000005180000000000171
12012022809462007102676065217104811630318163155
12012022809462007104788065618104751720303156147
12012022809462007106370068918105081690339174165
12012022809462007109058069919705021810321000000
12012022809462007110079074419405501850365184181
12012022809462008103545061915604631560307153154
12012022809462008104830069817505231720351176175
12012022809462009100114064416604781620316155161
12012022809462009101523064917304761610315159156
12012022809462009102434064116804731680305151154
12012022809462009105031074620105451890356182174
12012022809462009105564063916104781580320156164
12012022809462009105706069217305191680351174177
12012022809462009105994064817304751610314159155
12012022809462009106074063315904741570317157160
12012022809462009106123062515404711550316156160
12012022809462009106243063115704741590315157158
12012022809472007101249060818704211440277000000
12012022809472007104997060615604501530297147150
12012022809472008103003000000004961700326163163
12012022809472008104033062516204631540309161148
12012022809472008105768066414505191560363178185
12012022809472009101057066416804961640332169163
12012022809472009101231063516104741540320164156
12012022809472009102666067718204951700325166159
12012022809472009103886067718204951700325166159
12012022809472009103999068817505131720341171170
12012022809472009104957067217504971660331168163
12012022809472009105006069818405141720342170172
12012022809472009105794067716605111720339172167
12012022809472009105900065316104921640328166162
12012022809472009106464068317705061670339169170
12012022809482005106060065516604891520337159178
12012022809482006106745065916904901660324165159
12012022809482008104797068417605081660342169173
12012022809482009101416070819305151750340172168
12012022809482009101886066617004961670329168161
12012022809482009102301072719105361840352180172
12012022809482009105116072619105351840351180171
12012022809482009106257071419305211740347168179
12012022809492008102658064416904751610314160154
12012022809492008103009065016904811610320161159
12012022809492008104646065616704891620327163164
12012022809492009101110074719905481920356184172
12012022809492009101497069117105201690351175176
12012022809492009102477067917205071670340169171
12012022809492009106127064417404701550315156159
12012022809492009106158068518305021750327169158
12012022809492009106275064516604791600319162157
12012022809492009106305064017304671540313154159
12012022809492009109253067317005031650338169169
12012022809502004105779062016604541550299147152
12012022809502007103400062317404491510298148150
12012022809502008100095060516804371510286145141
12012022809502008103047069519405010000000000159
12012022809502009100080062515804671550312157155
12012022809502009102056064600000000000323161162
12012022809502009102943068417005141760338168170
12012022809502009103404064316304801600320160160
12012022809502009103873064515504901640326163163
12012022809502009103889060617404321490283142141
12012022809502009104293064616004861630323164159
12012022809502009104623065817004881650323157166
12012022809502009104983069517605191740345175170
12012022809502009105039071319305201790341172169
12012022809502009106433063316704661630303155148
12012022809512006100292067617605001710329168161
12012022809512006103402067417704971680329165164
12012022809512007102965065417004841660318160158
12012022809512007106571067517604991730326162164
12012022809512008101990068617905071640343170173
12012022809512009101009064616304831630320162158
12012022809512009101026066817604921650327164163
12012022809512009101262064716404830000000000159
12012022809512009101284064216204801610319158161
12012022809512009105660066816805001760324163161
12012022809512009106164069318305101730337172165
12012022809522005106166071417605381760362179183
12012022809522005106384066317504881600328168160
12012022809522009101181067117105001680332165167
12012022809522009101304064317304701600310154156
12012022809522009101495070417205321790353176177
12012022809522009102175068618505011720329168161
12012022809522009102452063818604521590293144149
12012022809522009103161000016200001600000161000
12012022809522009104047070117605251720353174179
12012022809522009104806064816704811560325167158
12012022809522009105546000000004760000000000156
12012022809522009106538063517104641590305153152
12012022809522009110035069418905051720333166167
12012022809532005105410068618205041620342173169
12012022809532009100610071018805221780344173171
12012022809532009101063065317504781580320153167
12012022809532009101973064516604791570322154168
12012022809532009105471068517705081750333167166
12012022809532009105945071219105211780343173170
12012022809532009106557067317504981660332164168
12012022809532009109217069017305171760341168173
12012022809542004105973069517305221690353183170
12012022809542009101803067416805061700336169167
12012022809552008105278070018905110000000000161
12012022809552009100606068917605131800333167166
12012022809552009101634071618305331820351176175
12012022809552009105334071319305201740346174172
12012022809552009105402072800000000000363181182
12012022809552009105451068817605121790333168165
12012022809562006106156071100000000000000000000
12012022809562007100396066417404901660324165159
12012022809562009103258066417904851630322163159
12012022809572006102905067918304961730323165158
12012022809572008100267063916104781530325162163
12012022809572008103157065016504851670318160158
12012022809572008103404065317504781630315156159
12012022809572009100483072519805271810346176170
12012022809572009100769067017005001640336167169
12012022809572009100874063817404641530311155156
12012022809572009101784062816504631580305153152
12012022809572009102879067116905021700332170162
12012022809582006100381062316304601570303150153
12012022809582008103066062116604551550300151149
12012022809582009100503063916704721590313157156
12012022809582009104818063915704821590323162161
12012022809582009106344065716904881600328160168
12012022809582009106454061816904491540295147148
12012022809582009106556061614404721450327161166
12012022809592007102267067018704831650318165153
12012022809592007103344063616904671620305158147
12012022809592007109058000000004680000000000156
12012022809592008100283060516404411520289145144
12012022809592008102950060616004461540292147145
12012022809592009100783063216904631580305154151
12012022809592009100789064516804771570320160160
12012022809592009101105065016704831590324162162
12012022809592009101164061916404551560299154145
12012022809592009101532061816104571560301152149
12012022809592009105034059515404411450296149147
12012022809592009105911063917004691550314155159
12012022809592009106122000000004521540298151147
12012022809592009106219000000000000000000167000
12012022809592009106552064316704761570319157162
12012022809592009106561059415404401460294147147
12012022809592009110081065016804821540328163165
12012022810002005105383074419705471800367185182
12012022810002007110079073218605461800366187179
12012022810002008104830076820105671920375192183
12012022810002009100719063715804791570322161161
12012022810002009101862067117504961620334171163
12012022810002009105031071718905281730355177178
12012022810002009105230067119404771710306153153
12012022810002009105706070218205201720348172176
12012022810012006102732067617605001650335169166
12012022810012007100743066217804841620322160162
12012022810012008102875067317504981640334166168
12012022810012008103226000000004560000000000150
12012022810012008103316063917504641650299155144
12012022810012009102759068917505141710343171172
12012022810012009103724065816704911640327161166
12012022810022007101659065616704891660323168155
12012022810022007103978066617004961630333164169
12012022810022008100159068918105081750333169164
12012022810022009105206067718204951710324165159
12012022810022009106626064717104761650311158153
12012022810032007102955064517604691600309156153
12012022810032008102668065016704831640319161158
12012022810032008104559064518004651590306155151
12012022810032008105723064816704811590322159163
12012022810032009101110070418405201770343173170
12012022810032009103489066517704881640324162162
12012022810042006100292066517704881660322164158
12012022810042008101990070117305281730355180175
12012022810042008102771064617304731610312157155
12012022810042009105436064816104871620325164161
12012022810042009106164066817404941660328164164
12012022810042009106216060815104571520305151154
12012022810052005100554066917304961650331168163
12012022810052006103402064516504800000000000156
12012022810052006103417064817604721630309158151
12012022810052006103987072117905421780364182182
12012022810052007102965065317304800000000000162
12012022810052008100563063216504671650302156146
12012022810052008101377063617004661670299154145
12012022810052008103141064115704841560328158170
12012022810052008110078068017605041680336167169
12012022810052009100095064517504701700300152148
12012022810052009102175067117304981690329163166
12012022810062005101771066418904751630312156156
12012022810062009102452068819004981790319161158
12012022810062009110041062315504681460322154168
12012022810062009110097061315704561480308148160
12012022810072005102390071418805261780348176172
12012022810072008100105072819905291850344177167
12012022810072009101575083621006262060420210210
12012022810082006102097066417604881660322164158
12012022810082008105278067418004941670327164163
12012022810092006102787063116704640000000000154
12012022810092009100101065618304731660307155152
12012022810092009104013000000005291770352180172
12012022810092009106518063616704691560313156157
12012022810102005102165067017704931650328166162
12012022810102007104399074618605601840376187189
12012022810102007105508063516204731560317156161
12012022810102007110101070218905131720341171170
12012022810102008101779067916805111780333167166
12012022810102009100062068418305011720329167162
12012022810102009100342069918605131780335169166
12012022810102009102631069618505111740337170167
12012022810102009105702070219105111750336170166
12012022810102009106460065917604831660317159158
12012022810102009106700066117504861610325163162
12012022810112008106261065318304701600310155155
12012022810112009100103062514804771540323160163
12012022810112009100265071717605411790362180182
12012022810112009102683063016004701550315157158
12012022810112009106930066016904911700321163158
12012022810122005102548066217004921630329163166
12012022810122005110115064217704651600305151154
12012022810122009102744067418504891620327160167
12012022810132002107238065616404921660326162164
12012022810132006103025062616704591590300152148
12012022810132006104087064016904711550316158158
12012022810132006106031064515404911620329167162
12012022810132007104614065917604831630320158162
12012022810132007105543066916905001670333164169
12012022810132007106523065716804891620327164163
12012022810132008101289065717304841590325158167
12012022810132008102875064217204701590311156155
12012022810142006102456069719005071760331169162
12012022810142007105865070217805241790345177168
12012022810152009110045068517105141670347176171
12012022810162006102738070119405071730334166168
12012022810162007106724071118805231810342173169
12012022810162008101504070819605121720340170170
12012022810172006100405060115804431480295147148
12012022810172008103105063216004721550317154163
12012022810172008103371064217604661580308155153
12012022810182007102056062617104551600295000000
12012022810182007102760064417104731560317156161
12012022810182009100435064717804691510318163155
12012022810182009101644068218904931680325164161
12012022810182009103250067216705050000000000166
12012022810182009103382067516405110000000000165
12012022810182009106269061416204521460306152154
12012022810192005106184069816905291680361182179
12012022810192009101056064716604811580323163160
12012022810192009102825066616205041610343170173
12012022810192009103589000000005281770351175176
12012022810202005103317071019305171790338171167
12012022810212007104925069017105191660353176177
12012022810212009104282066516904961690327168159
12012022810212009106328067617804981690329164165
12012022810222006105518062916804611610300152148
12012022810222009101212000000005301720358179179
12012022810222009104245073717705601860374190184
12012022810222009105457076019405661900376188188
12012022810232006106031067917905001770323164159
12012022810252007105543067617205041730331166165
12012022810252007105681063517304621550307152155
12012022810282009101060069918305161760340169171
12012022810292008103230072618705391820357177180
12012022810292009100026072517905461800366184182
12012022810292009102663000000000000000319000000
12012022810302005105240069717705201730347171176
12012022810302006102833067317005031650338165173
12012022810302007101300064918204671600307157150
12012022810302008103492070717805291800349175174
12012022810302009104779066216504971590338170168
12012022810312005101419063316604671630304154150
12012022810312005103951065716404931610332163169
12012022810312005106184067816905091700339174165
12012022810312006106309062816304651620303154149
12012022810312009100229064316304801490331165166
12012022810312009103471067716205151710344176168
12012022810322009102276066218404781600318157161
12012022810322009102912059316504281430285141144
12012022810332008104752073620905271760351175176
12012022810332009100348073718105561840372183189
12012022810332009106853064717304741670307160147
12012022810342009100062067018004901660324161163
12012022810342009102631068618605001720328163165
12012022810362008100495061116304481530295150145
12012022810362008105107067817705011640337175162
12012022810362009100050063015604741550319158161
12012022810362009101770065116804831650318162156
12012022810362009102500065616604901630327165162
12012022810362009102591065917004891630326163163
12012022810362009105122067317205011680333169164
12012022810362009105981061316604471510296145151
12012022810372009102558062915804711550316161155
12012022810372009106301065517204831670316161155
12012022810392008100694070618305231730350168182
12012022810402007101829066817404941640330165165
12012022810442006102130069119204991700329172157
12012022810492007105866062017004501540296151145
12012022810542007101265063617204641610303146157
12012022810552008105763000017600001680000158000
12012022810552009106488065215704951610334168166
