02003062904561996107222000000005331730360174186
02003062904561997106672000000006001940406201205
02003062904561999101836000000005781950383194189
02003062904561999110098000000004991560343159184
02003062904562000100110000000006212230398197201
02003062904562000100319000000005271650362174188
02003062904562000100508000000005661890377191186
02003062904562000101112000000005371810356180176
02003062904562000101367000000005892000389193196
02003062904562000103039000000005101710339170169
02003062904562000103857000000005882060382192190
02003062904562000103998000000005591870372185187
02003062904562000104502000000005431820361184177
02003062904562000105040000000006072280379193186
02003062904562000105059000000005641810383184199
02003062904562000106250000000005321770355178177
02003062904562000106667000000005491780371183188
02003062904562000107136000000006742270447225222
02003062904562000107186000000005201640356174182
02003062904562000107410000000004801590321163158
02003062904562000109421000000005051620343170173
02003062904562000110137000000005251890336172164
02003062904562000110196000000005111660345171174
02003062904562000110241000000006472310416209207
02003062904562001101853000000005421760366181185
02003062904562001103878000000005211670354175179
02003062904562001104525000000005031650338166172
02003062904571996102192000000005241780346175171
02003062904571996107609000000005481870361182179
02003062904571998103487000000005221790343175168
02003062904571998110044000000005341820352174178
02003062904571999100114000000005882060382191191
02003062904571999104837000000005401790361176185
02003062904571999106844000000004991700329162167
02003062904571999110139000000006041950409199210
02003062904572000100102000000006102190391194197
02003062904572000101803000000005741900384189195
02003062904572000102625000000005091700339172167
02003062904572000102968000000005621860376187189
02003062904572000102999000000005932090384190194
02003062904572000104831000000005211710350177173
02003062904572000107379000000005551910364177187
02003062904572000107465000000005821940388190198
02003062904572000107620000000005731850388193195
02003062904572001100719000000005501840366177189
02003062904572001103399000000005301730357178179
02003062904572001103928000000005181710347176171
02003062904572001107726000000006081930415206209
02003062904581996107214000000006062020404201203
02003062904581998106018000000006522120440222218
02003062904581998110047000000004741540320155165
02003062904581999102345000000006001990401203198
02003062904581999109152000000000000000334168166
02003062904581999109265000000005451850360185175
02003062904582000101120000000005131740339174165
02003062904582000101416000000005651950370189181
02003062904582000101526000000005471870360183177
02003062904582000104103000000005802090371192179
02003062904582000106147000000005421720370177193
02003062904591997101487000000005171700347172175
02003062904591998100227000000004891720317161156
02003062904591998110290000000005451880357184173
02003062904591999104244000000005221690353177176
02003062904591999110070000000004941730321159162
02003062904592000100101000000004961630333171162
02003062904592000102387000000006492090440222218
02003062904592000104017000000004941640330167163
02003062904592001101046000000005011620339166173
02003062904592001103420000000005101670343170173
02003062905001998110239000000005271860341173168
02003062905001999100555000000004991740325170155
02003062905001999100997000000004901650325166159
02003062905002000102032000000005311780353177176
02003062905002000106889000000005401750365186179
02003062905002001102202000000005601860374189185
02003062905002001104555000000005632000363184179
02003062905002001106270000000005621990363183180
02003062905002001106504000000005401790361183178
02003062905002001106866000000005521860366187179
02003062905011998102266000000005692200349167182
02003062905011998103316000000005411740367184183
02003062905011998103318000000005641920372184188
02003062905011998103323000000005181730345168177
02003062905011999102732000000005762010375186189
02003062905011999102913000000004821620320157163
02003062905011999110208000000005311680363180183
02003062905012000104496000000005331830350176174
02003062905012000104815000000006502280422209213
02003062905012000107183000000005801820398190208
02003062905012000107468000000005131740339170169
02003062905012000107516000000005421900352168184
02003062905012000109385000000005081730335168167
02003062905012001100167000000005211830338170168
02003062905021994105487000000004871660321160161
02003062905021999103605000000005922100382192190
02003062905021999110002000000005181680350173177
02003062905022000100406000000005391790360178182
02003062905022000100961000000005311720359177182
02003062905022000101629000000005912020389188201
02003062905022000104503000000005882050383196187
02003062905022000104613000000006182070411201210
02003062905022001103132000000005561970359181178
02003062905022001107105000000005821990383192191
02003062905031999100623000000005181670351165186
02003062905032000103888000000005151730342172170
02003062905032000105870000000005401800360174186
02003062905032000105873000000005491850364178186
02003062905032000106379000000005191710348172176
02003062905032000109199000000005461840362178184
02003062905032001100876000000005071640343164179
02003062905032001101974000000005511760375174201
02003062905032001102030000000006362050431211220
02003062905032001102684000000005201650355169186
02003062905032001110008000000005371720365176189
02003062905041996105086000000005551920363183180
02003062905042000102592000000005311790352174178
02003062905042000105293000000004751700305157148
02003062905051997110120000000004341430291144147
02003062905051999100118000000005151770338171167
02003062905051999101877000000005101900320164156
02003062905051999104599000000004961580338157181
02003062905052000103039000000004741630311157154
02003062905052000104502000000005211770344177167
02003062905052000106250000000005021660336171165
02003062905052000106277000000006041990405209196
02003062905052000109116000000005741910383190193
02003062905052001100760000000005221770345172173
02003062905052001101853000000004921550337168169
02003062905052001103440000000005081690339167172
02003062905061998106848000000005721910381191190
02003062905061999101187000000006982280470237233
02003062905061999104837000000004551490306154152
02003062905061999110302000000005882100378197181
02003062905062000100508000000004501570293153140
02003062905062000101112000000004501570293153140
02003062905062000101367000000005331780355176179
02003062905062000103998000000005081710337170167
02003062905062000106879000000004531510302153149
02003062905062001101242000000005271670360174186
02003062905062001102299000000005291750354177177
02003062905062001103606000000007462590487253234
02003062905062001104713000000005281660362180182
02003062905062001104890000000005531800373173200
02003062905062001106641000000005291670362180182
02003062905062001106705000000005241700354173181
02003062905062001107374000000005181700348000000
02003062905062001110120000000005261720354177177
02003062905071996107222000000004231390284141143
02003062905071996107609000000005521870365183182
02003062905071997110267000000005571870370191179
02003062905071999100114000000004031350268134134
02003062905071999101793000000005311840347174173
02003062905071999102127000000005801930387200187
02003062905072000100125000000005031630340172168
02003062905072000102723000000005321670365171194
02003062905072000102999000000005141710343167176
02003062905072000104831000000004841630321161160
02003062905072000105040000000005602060354178176
02003062905072000107136000000005992070392194198
02003062905072000107186000000004441490295145150
02003062905072000107620000000004021420260136124
02003062905072000110137000000004601620298152146
02003062905072001100719000000004081370271138133
02003062905072001103878000000004441480296146150
02003062905081996102192000000005151780337169168
02003062905081998103487000000005061710335169166
02003062905081998110047000000004881530335162173
02003062905081999100825000000005311890342177165
02003062905082000100279000000005371900347178169
02003062905082000104103000000005121730339164175
02003062905082000105867000000005111750336167169
02003062905082000107379000000000000000370189181
02003062905082000107465000000005281840344173171
02003062905082001103399000000005021610341167174
02003062905082001107726000000005121620350175175
02003062905091998106018000000005501820368183185
02003062905091998110044000000004891780311166145
02003062905091999100997000000004871650322163159
02003062905091999106844000000004161450271139132
02003062905092000100685000000005241710353178175
02003062905092000100857000000005701870383193190
02003062905092000101120000000004231450278140138
02003062905092000102625000000004051390266136130
02003062905092000106147000000004151410274136138
02003062905092001101046000000004241470277139138
02003062905092001103420000000004241470277139138
02003062905101999100290000000005451890356178178
02003062905102000101358000000004691550314150164
02003062905102000105386000000004591660293149144
02003062905102000109385000000004071360271138133
02003062905111997110009000000004591540305154151
02003062905111998110290000000005041760328171157
02003062905111999100555000000004381480290145145
02003062905111999102913000000004611510310154156
02003062905112000104803000000005211700351177174
02003062905112001102281000000005221710351177174
02003062905112001102301000000005211670354178176
02003062905112001104977000000005051820323167156
02003062905112001107570000000004891650324167157
02003062905121998103318000000004411510290143147
02003062905121998103323000000004171450272135137
02003062905121999110241000000005181730345170175
02003062905122000100406000000003991310268133135
02003062905122000104503000000004641650299158141
02003062905122000106229000000004981670331164167
02003062905131996110213000000005440000000000176
02003062905131998103316000000004931600333161172
02003062905131999110183000000000001860000190000
02003062905132000101594000000005641850379183196
02003062905132000102592000000005351850350180170
02003062905132000104243000000005822040378193185
02003062905132000104613000000006001940406202204
02003062905132000106889000000005341790355177178
02003062905132000110183000000005361790357177180
02003062905141996105086000000004561540302153149
02003062905141996110340000000005992090390196194
02003062905141999103605000000004051380267131136
02003062905141999106300000000004601580302149153
02003062905141999110002000000003801290251125126
02003062905142000101629000000005461880358179179
02003062905142000104815000000004271460281141140
02003062905142001107105000000004031360267131136
02003062905151994105487000000004541530301148153
02003062905151997110120000000003811290252126126
02003062905151998102266000000004491660283141142
02003062905151998104689000000004821580324157167
02003062905151999101877000000004401670273140133
02003062905151999102732000000004771680309153156
02003062905152000100961000000004511490302150152
02003062905152000103998000000005201690351173178
02003062905152000107183000000005281710357179178
02003062905152001100167000000004311690262136126
02003062905152001100760000000004241450279140139
02003062905152001103440000000004231450278139139
02003062905161998106848000000004571490308148160
02003062905161999100118000000004481550293144149
02003062905162000101541000000005441930351176175
02003062905162000102316000000004381330305138167
02003062905171998101777000000005231630360172188
02003062905171999101187000000005711970374182192
02003062905171999103042000000005351890346175171
02003062905172000102723000000005001580342163179
02003062905172000105040000000004501810269139130
02003062905172000106879000000003981330265133132
02003062905172000107136000000004521840268140128
02003062905172001101242000000004051360269133136
02003062905172001106266000000005601840376180196
02003062905181999100825000000005141860328168160
02003062905181999102127000000005411840357181176
02003062905181999110302000000004711540317153164
02003062905182000100101000000003921320260129131
02003062905182000104017000000003871300257127130
02003062905182000105867000000004031360267130137
02003062905182000106277000000005571880369184185
02003062905182000107421000000005051760329159170
02003062905182000109116000000005261750351171180
02003062905191998110068000000005341960338171167
02003062905191999105626000000006162220394198196
02003062905192000105974000000004291450284139145
02003062905192000106379000000004891700319163156
02003062905192000106973000000005331930340174166
02003062905192001100876000000004861650321159162
02003062905192001102684000000005031650338167171
02003062905201998101610000000004821570325156169
02003062905201998101647000000004581390319154165
02003062905201998105729000000005011720329170159
02003062905201999102022000000005081720336165171
02003062905201999104425000000004611430318154164
02003062905202000100857000000000000000353172181
02003062905202000105015000000004941660328163165
02003062905202000107241000000005181790339166173
02003062905202000107682000000004941680326160166
02003062905202000110107000000004811600321161160
02003062905202001107728000000004851640321160161
02003062905211998110249000000005732100363194169
02003062905211999100290000000005121690343168175
02003062905211999100555000000003881340254124130
02003062905211999103149000000005281860342173169
02003062905212000100685000000004301360294141153
02003062905212001100487000000004141410273133140
02003062905212001100533000000004141390275134141
02003062905212001102512000000004031330270132138
02003062905222000101358000000004481520296147149
02003062905231998102365000000004251290296138158
02003062905232000106229000000004171380279133146
02003062905232000109198000000005081750333173160
02003062905232001101321000000007282410487246241
02003062905241996110213000000004341500284000000
02003062905242000103718000000004451530292145147
02003062905242000104243000000005131750338170168
02003062905242000104842000000004761740302150152
02003062905251996110340000000005271810346179167
02003062905251998106574000000005931980395200195
02003062905252000101594000000005311710360182178
02003062905252001107849000000004481560292144148
02003062905261999106004000000005291800349177172
02003062905261999110119000000005251840341177164
02003062905262000102543000000005391860353176177
02003062905262000103551000000004981600338166172
02003062905262000105335000000005451840361179182
02003062905271997110009000000004201500270135135
02003062905272000101807000000006092110398209189
02003062905272000106757000000005041610343172171
02003062905272000109435000000005351800355172183
02003062905272001102281000000004151470268133135
02003062905272001102301000000004171480269135134
02003062905272001103064000000005041630341165176
02003062905272001104245000000005351800355172183
02003062905272001106290000000005031630340166174
02003062905281999101070000000000000000350166184
02003062905281999103042000000005191780341171170
02003062905282001107674000000006421950447217230
02003062905291998110068000000004911770314162152
02003062905291999101187000000004761740302156146
02003062905291999105626000000005401870353179174
02003062905292000103960000000005831850398196202
02003062905292000105457000000005141750339174165
02003062905292000106277000000004891710318161157
02003062905292000109116000000004981700328167161
02003062905292000110092000000004811540327164163
02003062905301998101610000000003901300260128132
02003062905301999102022000000004731570316159157
02003062905301999104277000000005471920355193162
02003062905302000100417000000005561980358183175
02003062905311999103149000000004821630319161158
02003062905312000104142000000005561840372187185
02003062905312000104307000000005411890352174178
02003062905312000107343000000006102170393198195
02003062905321998101647000000003801230257123134
02003062905321998105729000000005031740329166163
02003062905321998110249000000004881740314164150
02003062905321999104425000000004411400301142159
02003062905322000101430000000004541440310149161
02003062905322000107241000000005041710333168165
02003062905322000107682000000005081760332170162
02003062905322001109188000000005141710343179164
02003062905331997103544000000005902040386192194
02003062905331998103467000000005561820374190184
02003062905332000100692000000005311820349177172
02003062905332000104610000000005251690356177179
02003062905332000109198000000004121460266135131
02003062905332001101321000000006302170413200213
02003062905332001103006000000005691930376195181
02003062905332001103360000000006032070396200196
02003062905332001105975000000005681860382190192
02003062905341998110222000000005231750348175173
02003062905341999105498000000006222180404206198
02003062905341999106803000000005131790334167167
02003062905342000104272000000004071350272134138
02003062905342000109119000000004591420317148169
02003062905342000110090000000005311800351175176
02003062905351999106004000000004990000000000163
02003062905352000100271000000007042590445227218
02003062905352000102842000000004121310281132149
02003062905352000103718000000004561580298150148
02003062905352000104842000000004271390288146142
02003062905352000109416000000004751610314160154
02003062905352000109430000000005101760334166168
02003062905352001100157000000006112100401208193
02003062905352001101608000000006112090402208194
02003062905361998102365000000004071480259128131
02003062905361998106574000000004141390275135140
02003062905361999110119000000004051360269132137
02003062905362000101544000000004791650314160154
02003062905362000101594000000004221390283144139
02003062905362000101807000000004811770304160144
02003062905362000104243000000004361470289144145
02003062905362000104375000000004921600332165167
02003062905362000106757000000004021350267132135
02003062905371996110064000000005001730327163164
02003062905371996110340000000004101340276134142
02003062905371998101314000000005241610363180183
02003062905371998110289000000004921620330166164
02003062905372000101202000000004911630328161167
02003062905372001101328000000006162190397208189
02003062905372001103057000000005391770362181181
02003062905372001105311000000005011630338167171
02003062905372001109340000000006102090401204197
02003062905382000107541000000004891540335159176
02003062905382000110092000000004721510321157164
02003062905391998110127000000005341870347175172
02003062905391999104351000000005231770346168178
02003062905392000101972000000005501720378183195
02003062905392000105457000000004871560331161170
02003062905392001105395000000005411760365181184
02003062905392001107674000000005261650361179182
02003062905402000101231000000005291680361178183
02003062905402000101633000000005321810351173178
02003062905402000103796000000005571960361179182
02003062905402000107289000000005451780367182185
02003062905411998101164000000004711590312155157
02003062905412000100417000000004341390295146149
02003062905412000101430000000003961300266130136
02003062905412000104307000000004801570323161162
02003062905412000107343000000005831910392195197
02003062905412001109188000000004031290274131143
02003062905421999106493000000005381770361181180
02003062905422000104142000000004011360265128137
02003062905422000106827000000005301710359177182
02003062905422000110230000000005741960378192186
02003062905422001101416000000005601930367183184
02003062905431997103544000000005181750343172171
02003062905431998103467000000005361870349179170
02003062905431999105498000000005251890336172164
02003062905431999105610000000005441970347174173
02003062905432000105868000000005311830348174174
02003062905432000107132000000005421760366181185
02003062905432000110090000000005191710348170178
02003062905432001103360000000005361840352176176
02003062905432001105975000000005441920352183169
02003062905432001109490000000004411490292149143
02003062905442000100271000000005501870363178185
02003062905442000109416000000004391460293147146
02003062905442001109029000000005171770340165175
02003062905442001109192000000004951520343166177
02003062905452000100930000000005380000000000175
02003062905452000102818000000005922020390199191
02003062905452000105780000000000001860000181000
02003062905452000109119000000004491470302145157
02003062905452000109430000000005321810351179172
02003062905452001102986000000005431850358181177
02003062905461998101314000000004201370283138145
02003062905461999104351000000004891670322164158
02003062905461999106803000000005141800334171163
02003062905462000101202000000003851310254125129
02003062905462001101328000000005401890351176175
02003062905472000107541000000004261440282146136
02003062905481999105379000000000000000279143136
02003062905492000102203000000004891710318162156
02003062905501999106493000000003801230257123134
02003062905502000105868000000005121720340171169
02003062905502000106827000000003911330258129129
02003062905502000110230000000003771250252122130
02003062905512000100271000000005681990369183186
02003062906091998101783000000004591550304151153
02003062906091998106615000000005671920375190185
02003062906091998110111000000005401810359181178
02003062906092000100129000000005091620347167180
02003062906092000100347000000005090000000000164
02003062906092000102855000000004621580304152152
02003062906092000106132000000004341420292141151
02003062906092001101438000000005241830341173168
02003062906092001102255000000005231610362184178
02003062906092001103338000000005261760350175175
02003062906092001107141000000005421830359177182
02003062906101997103952000000005041490355167188
02003062906102001104773000000005331690364179185
02003062906111998110004000000004851630322162160
02003062906111999105364000000004951560339165174
02003062906111999105730000000004561580298150148
02003062906112000102324000000005291820347178169
02003062906112000103027000000005121710341174167
02003062906112000104055000000005211710350175175
02003062906112000104551000000005411860355173182
02003062906112000106038000000005561810375188187
02003062906112000106116000000005101590351168183
02003062906112000107236000000005321740358174184
02003062906112001103412000000005521810371184187
02003062906112001104520000000005391770362181181
02003062906112001105815000000005771940383189194
02003062906122000100284000000003921340258130128
02003062906122000102203000000003881300258129129
02003062906122000106425000000005281800348174174
02003062906122000110227000000005672000367186181
02003062906122001100227000000005691960373188185
02003062906122001103875000000005181780340169171
02003062906122001106069000000005680000000000177
02003062906131997103697000000005831960387193194
02003062906132000101435000000005651850380188192
02003062906132000104723000000005481900358179179
02003062906132000105290000000005861900396200196
02003062906132001101307000000005361770359179180
02003062906132001102671000000005621940368175193
02003062906142001102017000000004961770319160159
02003062906142001102530000000004961760320161159
02003062906162000102969000000005261800346173173
02003062906162000110065000000004861620324161163
02003062906181997103952000000004681400328158170
02003062906181998105836000000006402040436213223
02003062906182000100347000000004891650324165159
02003062906182000101570000000005421830359177182
02003062906182001104800000000006442070437224213
02003062906191998106615000000005231790344173171
02003062906192000100129000000003761240252123129
02003062906192000102324000000004851650320163157
02003062906192001102255000000005381640374190184
02003062906192001103338000000004571480309150159
02003062906201998110111000000004221370285140145
02003062906201998110164000000004941560338164174
02003062906202000107236000000004291460283137146
02003062906211998101783000000004111330278138140
02003062906211998110004000000004241490275140135
02003062906212000100940000000004961780318161157
02003062906212000101450000000005851990386194192
02003062906212000102855000000004181450273137136
02003062906212000106132000000004141340280140140
02003062906212000106144000000004631580305151154
02003062906212001100893000000005281810347170177
02003062906212001101438000000003901250265129136
02003062906212001104773000000004591490310150160
02003062906212001105815000000005431830360176184
02003062906212001107141000000003941280266128138
02003062906221998103187000000005321940338179159
02003062906221999105730000000004991570342000000
02003062906222000104551000000005451940351180171
02003062906222000110227000000005432010342180162
02003062906222001101307000000004611660295156139
02003062906222001103875000000003931330260130130
02003062906231998104493000000005481740374183191
02003062906232001106310000000005281750353174179
02003062906242000101944000000006082030405202203
02003062906242000104723000000004891640325160165
02003062906252000101435000000005361840352176176
02003062906252000105290000000005471760371184187
02003062906252001102671000000005401770363181182
02003062906252001106069000000005601900370190180
02003062906261997103697000000005201780342172170
02003062906271998105836000000004371510286144142
02003062906271999104186000000005071580349166183
02003062906281998105032000000005681980370184186
02003062906282000102619000000005041790325156169
02003062906282001104800000000004641570307152155
02003062906291998106615000000004771580319159160
02003062906302000100940000000000000000296148148
02003062906302000106144000000004501510299151148
02003062906311998110145000000004951650330167163
02003062906312000101450000000003961410255129126
02003062906321998107144000000005431850358178180
02003062906322000104303000000005471790368182186
02003062906331996101164000000005301730357175182
02003062906331999102755000000005381700368182186
02003062906332000104589000000004471450302148154
02003062906332001107691000000004581470311152159
02003062906351998101687000000005611880373185188
02003062906352001105197000000005621880374186188
02003062906362000101435000000004171420275136139
02003062906371997103697000000004111450266133133
02003062906372000101128000000004601530307156151
02003062906381998102000000000005932050388195193
02003062906381999104186000000000000000341169172
02003062906391998105032000000005071630344171173
02003062906401998110056000000005601950365188177
02003062906411997105389000000005861980388201187
02003062906411998100416000000000000000000000000
02003062906411998100936000000004721440328161167
02003062906411998107144000000000000000000000000
02003062906411998110145000000004851580327169158
02003062906411999100642000000005011660335166169
02003062906421998103397000000000000000365179186
02003062906422001103230000000005761980378192186
02003062906431996101164000000005411780363182181
02003062906432000104589000000003881250263126137
02003062906432001105197000000004251320293141152
02003062906441998101687000000005561920364186178
02003062906442001101272000000005091830326164162
02003062906442001102925000000005071820325164161
02003062906442001104323000000005191830336165171
02003062906442001107691000000004821530329158171
02003062906461998100168000000000000000000165000
02003062906471999100642000000004621570305152153
02003062906491998110056000000005081740334170164
02003062906492000101128000000003821320250124126
02003062906492000101600000000005451900355181174
02003062906502000104719000000005361820354178176
02003062906511999103223000000005541960358180178
02003062906512000106718000000005561910365180185
02003062906532000103328000000005241760348173175
02003062906532000107626000000005381810357178179
02003062906541998101805000000004811600321160161
02003062906542000105148000000005611870374188186
02003062906552000101156000000005231790344170174
02003062906552000102512000000006032060397201196
02003062906552000107544000000005631730390199191
02003062906552001104697000000005141690345175170
02003062906562000106315000000005191720347176171
02003062906572000104335000000005251800345174171
02003062906572001107070000000005321860346175171
02003062906572001107737000000005311840347175172
02003062906592000102325000000005881950393194199
02003062907002000104719000000004941680326164162
02003062907002000106718000000005411860355179176
02003062907012000100396000000005311830348174174
02003062907012000105133000000005301750355181174
02003062907012000109246000000005561900366182184
02003062907012000110228000000005141740340172168
02003062907021995104965000000004871600327165162
02003062907022001101994000000005161700346172174
02003062907032000103328000000005021720330160170
02003062907032000107626000000004101420268133135
02003062907041998101805000000004141370277137140
02003062907042000104182000000006262160410214196
02003062907042000105148000000005221870335173162
02003062907051999104741000000004741600314157157
02003062907052000101156000000000001510000147000
02003062907052001104697000000004141420272141131
02003062907062000106315000000005351880347178169
02003062907062001104244000000005251690356175181
02003062907062001106038000000005391730366183183
02003062907062001106182000000005311700361180181
02003062907071998101397000000005791910388191197
02003062907072001103096000000005541870367181186
02003062907072001103134000000005551840371182189
02003062907081999101104000000005151730342172170
02003062907082000100222000000006582130445224221
02003062907091999100973000000006112170394199195
02003062907092000103524000000004891590330161169
02003062907092001105842000000006002020398200198
02003062907111999106832000000004631470316152164
02003062907112000102325000000005611830378186192
02003062907112000102840000000005281770351172179
02003062907112001100800000000004661500316158158
02003062907112001101395000000005361740362180182
02003062907112001104721000000005201690351171180
02003062907112001106373000000004941550339164175
02003062907121998101803000000005060000000000184
02003062907122000100396000000004971740323163160
02003062907122000105133000000004971750322163159
02003062907122000109246000000005281780350174176
02003062907122000110228000000004931680325167158
02003062907131995104965000000004411450296147149
02003062907131999102216000000005611930368186182
02003062907132001101994000000004861620324159165
02003062907142000104182000000004221470275140135
02003062907151999104741000000004341430291149142
02003062907152001106074000000005721870385192193
02003062907161998101397000000005071700337173164
02003062907162000103524000000004841620322155167
02003062907162000109301000000005781960382194188
02003062907162001104244000000005001670333163170
02003062907162001106038000000004941620332165167
02003062907162001106182000000004811560325167158
02003062907172000101560000000005591920367189178
02003062907172001104810000000004871620325158167
02003062907182000102840000000004021410261130131
02003062907182000106628000000004921640328000000
02003062907182001101395000000004031410262130132
02003062907191998101684000000005011650336164172
02003062907191999103712000000005091550354167187
02003062907191999104443000000004991640335173162
02003062907201999102560000000004921620330162168
02003062907212000100222000000006662500416223193
02003062907381997104411000000004911630328161167
02003062907381997109251000000000000000353187166
02003062907381998101142000000004591510308151157
02003062907381998106019000000005001660334164170
02003062907381998110112000000004471490298146152
02003062907381999101436000000005181750343168175
02003062907382000100758000000005311790352178174
02003062907382000102369000000005151640351173178
02003062907382000105028000000004781550323158165
02003062907382000105805000000005091690340166174
02003062907382000109170000000004971710326163163
02003062907382001102800000000005211700351172179
02003062907382001103372000000005341740360176184
02003062907382001106169000000005291680361180181
02003062907382001106293000000004861560330162168
02003062907391996107240000000005931990394199195
02003062907391996107477000000005982040394199195
02003062907391997101981000000000001550000000000
02003062907391997106580000000005471800367175192
02003062907391999100646000000004961680328163165
02003062907392000101896000000005752180357177180
02003062907392000104322000000005541910363183180
02003062907392001101426000000005371780359178181
02003062907392001102411000000005041670337164173
02003062907392001107711000000005521870365182183
02003062907401997105167000000004801540326162164
02003062907401997105180000000004861570329164165
02003062907401999105382000000004081310277124153
02003062907401999106699000000005671880379190189
02003062907402000101381000000004741510323159164
02003062907402000104556000000005521810371188183
02003062907402000104858000000004981570341164177
02003062907402000106148000000004601520308144164
02003062907402000107726000000005171730344171173
02003062907402001110055000000005031640339167172
02003062907411998103218000000004531590294148146
02003062907411999101413000000005431820361175186
02003062907411999105615000000004131350278137141
02003062907412000100934000000006012020399200199
02003062907412000100950000000005551940361180181
02003062907412000101694000000005131790334179155
02003062907412000104588000000000000000335000000
02003062907412000105227000000004761580318155163
02003062907412000106161000000005291850344178166
02003062907412000110128000000005331670366179187
02003062907412001100828000000006041930411209202
02003062907412001101136000000004971570340165175
02003062907412001101266000000005041580346163183
02003062907412001106094000000004631520311158153
02003062907412001107692000000005131670346167179
02003062907421998100036000000005261820344174170
02003062907421998102631000000004511520299153146
02003062907421999106891000000003831270256124132
02003062907421999107225000000005451820363181182
02003062907422000101455000000005581880370183187
02003062907422000106772000000005761960380183197
02003062907422000106909000000004531500303149154
02003062907422001102082000000004851600325162163
02003062907422001104192000000006002050395195200
02003062907422001105653000000005441950349178171
02003062907422001110046000000005641900374189185
02003062907422001110095000000005531890364185179
02003062907431994109752000000005001680332163169
02003062907431999104112000000004882260262136126
02003062907431999105604000000004600000000000155
02003062907432000100152000000006732170456226230
02003062907432000104299000000005071660341172169
02003062907432000104701000000006092210388200188
02003062907432001102066000000005051680337167170
02003062907432001102104000000005071720335165170
02003062907432001104322000000005051670338166172
02003062907432001106933000000005071710336165171
02003062907441997104472000000005561850371186185
02003062907441999105517000000005451850360181179
02003062907441999106825000000004391430296146150
02003062907442000101480000000005301800350172178
02003062907442000102382000000005631940369193176
02003062907442000104281000000004491510298147151
02003062907442000105554000000005571980359181178
02003062907442000105954000000005461910355178177
02003062907442001100969000000005511830368182186
02003062907442001103351000000004511510300149151
02003062907451997102792000000005731910382192190
02003062907451998107102000000005701800390186204
02003062907452000101206000000008982930605297308
02003062907452000101995000000006071990408201207
02003062907452001104453000000006072010406198208
02003062907452001107715000000005970000000000204
02003062907462000103808000000005581930365184181
02003062907462000106104000000005331820351173178
02003062907471998107247000000005331820351176175
02003062907472000102259000000005101790331167164
02003062907472000102639000000004951710324162162
02003062907472001100340000000004880000000000158
02003062907472001102444000000005401850355183172
02003062907472001102697000000005451840361180181
02003062907472001103407000000004851630322164158
02003062907472001105807000000005441850359183176
02003062907472001107331000000000000000323164159
02003062907481996110350000000005341880346171175
02003062907481997109251000000004971620335167168
02003062907481998101142000000003871350252128124
02003062907481999100361000000005281780350174176
02003062907481999100646000000004991650334167167
02003062907481999110095000000005691860383192191
02003062907482000104322000000005161690347171176
02003062907482000106526000000005201780342170172
02003062907482000109170000000004211380283141142
02003062907482001101356000000004931680325159166
02003062907482001102748000000005141710343172171
02003062907491996107240000000006031990404208196
02003062907491996107477000000005902040386200186
02003062907491997101981000000000001550000152000
02003062907491997105180000000004931520341165176
02003062907491997106580000000005391770362185177
02003062907491998106019000000004551520303153150
02003062907491998110112000000003901320258129129
02003062907491999101436000000005351860349174175
02003062907492000101381000000004161390277135142
02003062907492000101896000000004361550281146135
02003062907492000102369000000005391620377184193
02003062907492000104556000000005001670333169164
02003062907492000106148000000004161390277135142
02003062907492001102800000000005201670353174179
02003062907492001106169000000005351830352177175
02003062907492001106293000000004571510306154152
02003062907501997100950000000004951680327162165
02003062907501997110211000000005421820360176184
02003062907501998107262000000004821610321157164
02003062907502000100934000000006031950408203205
02003062907502000103091000000004701490321159162
02003062907502000104858000000004981630335160175
02003062907502001102304000000005401840356179177
02003062907511997110158000000005712020369179190
02003062907511997110250000000004821680314158156
02003062907511999106292000000004861650321162159
02003062907512000102224000000005231780345177168
02003062907512000104588000000004091410268131137
02003062907512000105100000000005181680350174176
02003062907512000105227000000004371370300145155
02003062907512000106161000000004091410268131137
02003062907512001102198000000005511890362179183
02003062907512001105322000000005181660352164188
02003062907512001107619000000005121730339167172
02003062907512001110035000000005011710330164166
02003062907521994109752000000004421480294147147
02003062907521998102631000000004351470288143145
02003062907521998106265000000003951350260128132
02003062907521999105604000000003931330260128132
02003062907522000100950000000005181870331174157
02003062907522001101136000000004161510265133132
02003062907522001101266000000003911270264129135
02003062907522001102082000000004641640300154146
02003062907522001107692000000004111480263129134
02003062907531999107225000000005221750347173174
02003062907532000100152000000004311540277139138
02003062907532000106772000000005081690339163176
02003062907532001105264000000006051970408201207
02003062907552000101607000000005341710363178185
02003062907552000102257000000005351810354176178
02003062907552000105954000000004151540261133128
02003062907552000106104000000005011660335162173
02003062907552001105486000000005701900380194186
02003062907561997102792000000005021690333166167
02003062907562000101206000000005261630363168195
02003062907562000102259000000004751660309158151
02003062907562000103808000000005121800332170162
02003062907562000106105000000005922130379192187
02003062907562000106113000000005141600354165189
02003062907562001103867000000004941540340165175
02003062907562001103913000000005001580342166176
02003062907562001104052000000004951550340165175
02003062907571998106584000000004941650329159170
02003062907571999106825000000004281460282148134
02003062907572000102639000000004711600311153158
02003062907572000109202000000005111660345168177
02003062907572001100340000000004791650314156158
02003062907572001103407000000004821660316157159
02003062907572001107331000000004821640318159159
02003062907581996107240000000006072000407206201
02003062907581997106580000000003881350253125128
02003062907581999100361000000005081780330170160
02003062907581999104112000000003941260268128140
02003062907581999105615000000004141420272137135
02003062907582000104281000000004131380275137138
02003062907582001103351000000004121380274137137
02003062907591998107247000000004311410290143147
02003062907592001110046000000004921630329165164
02003062907592001110095000000004901600330165165
02003062908002000100934000000004441510293147146
02003062908002001100828000000004451510294147147
02003062908011997100950000000003921270265129136
02003062908011998107262000000003921270265128137
02003062908011999106292000000004591560303152151
02003062908012000103091000000003921270265128137
02003062908031998101481000000005871940393193200
02003062908041999102640000000000000000371169202
02003062908041999106873000000005321880344175169
02003062908042000102423000000005641900374182192
02003062908042000104581000000004711580313160153
02003062908042001102989000000005051580347165182
02003062908042001106078000000005251740351173178
02003062908051996110374000000005001670333162171
02003062908051997102792000000004321480284140144
02003062908051999107225000000004601580302148154
02003062908052000101607000000004251510274138136
02003062908052000104560000000005161690347158189
02003062908052001105486000000004171520265139126
02003062908061998100416000000000000000358179179
02003062908062000104864000000005091720337166171
02003062908062000109202000000005241670357178179
02003062908071999102982000000005991990400195205
02003062908071999103382000000005151650350170180
02003062908072001103867000000004101310279135144
02003062908072001103913000000004161310285136149
02003062908072001104052000000004101310279135144
02003062908081998106584000000003971370260132128
02003062908081999102245000000004741640310153157
02003062908081999103686000000004911750316161155
02003062908082000105022000000004921670325162163
02003062908091998100245000000006302070423209214
02003062908092000101269000000004561530303152151
02003062908092000103126000000005081720336173163
02003062908102000100850000000005151710344171173
02003062908102001100728000000005211680353173180
02003062908112000100703000000004321430289143146
02003062908112000106739000000004361430293145148
02003062908121999101678000000005541980356169187
02003062908131997105851000000005781950383192191
02003062908131998101481000000005341820352177175
02003062908131999103544000000004851630322160162
02003062908132000102423000000005431770366180186
02003062908142000103022000000005261730353176177
02003062908142000103336000000005221890333165168
02003062908142001102989000000004301480282135147
02003062908142001106078000000004211420279134145
02003062908151996110374000000004491500299152147
02003062908152000104581000000004521520300151149
02003062908161999102640000000005201710349168181
02003062908161999106873000000005201870333173160
02003062908161999110077000000004161330283139144
02003062908162000104864000000004621500312151161
02003062908162000105124000000005021630339169170
02003062908172000101269000000004061360270136134
02003062908182000105022000000004431460297148149
02003062908191999100826000000005161800336167169
02003062908191999102245000000004811580323158165
02003062908191999103686000000004891620327164163
02003062908192000101356000000005671860381190191
02003062908192000103126000000005001640336169167
02003062908192000103284000000005511820369183186
02003062908202000100703000000003811240257124133
02003062908211998100245000000005992020397199198
02003062908212000106739000000004071370270133137
02003062908212001100728000000004091380271134137
02003062908221999101678000000005611950366186180
02003062908221999107231000000000000000293150143
02003062908222000102423000000005181620356177179
02003062908231999110166000000004471450302150152
02003062908232000105291000000005411970344174170
02003062908232000107173000000005251790346167179
02003062908242000101383000000006131980415209206
02003062908242000103022000000004601440316153163
02003062908242000103336000000004491510298147151
02003062908242001103160000000005751890386194192
02003062908251997105851000000005381780360178182
02003062908251998101765000000005611860375183192
02003062908251998102926000000005962250371198173
02003062908251999103544000000003921250267127140
02003062908281999110077000000004061500256127129
02003062908292000101356000000005031680335167168
02003062908292000103284000000005051670338166172
02003062908302000100651000000005351660369180189
02003062908302000106298000000004471500297149148
02003062908302001107308000000004471500297149148
02003062908312001101829000000005141690345170175
02003062908312001103676000000005051600345168177
02003062908331998103264000000004991700329164165
02003062908331999107231000000004061360270135135
02003062908332000107173000000005071780329167162
02003062908341997110277000000004501510299145154
02003062908351998101508000000005191700349176173
02003062908352000101383000000005261730353180173
02003062908352000105124000000005111710340174166
02003062908361998101765000000005641800384191193
02003062908361998102926000000005352020333176157
02003062908362001103160000000005361740362181181
02003062908371995105793000000005411840357179178
02003062908371997106239000000005341720362183179
02003062908372000104883000000005101530357166191
02003062908372001103125000000005211740347173174
02003062908372001104056000000005281760352173179
02003062908372001106725000000005291750354175179
02003062908372001107462000000004861700316158158
02003062908381999103155000000005471950352178174
02003062908381999104978000000006092080401205196
02003062908382001102914000000005871870400202198
02003062908382001104763000000006462210425213212
02003062908382001104898000000005961970399199200
02003062908382001110134000000006562260430216214
02003062908391999103619000000004820000000000171
02003062908392000102506000000005001640336165171
02003062908402000100651000000004611560305155150
02003062908402000106298000000004291490280144136
02003062908402001107308000000004291490280143137
02003062908422001101829000000004521500302151151
02003062908422001103676000000004541510303151152
02003062908431998103264000000004831630320161159
02003062908441997110277000000003921360256129127
02003062908441998101508000000005171760341173168
02003062908461999104478000000005081760332164168
02003062908462000101383000000004251450280143137
02003062908462001103160000000004261460280143137
02003062908481998101765000000005391790360180180
02003062908481999103155000000004361420294147147
02003062908482001104056000000005281770351176175
02003062908491999104978000000005341900344173171
02003062908492001102914000000005431810362181181
02003062908492001104898000000005431850358178180
02003062908502000106223000000005171840333170163
02003062908502000107384000000005091780331170161
02003062908502001110134000000005541870367185182
02003062908511997103479000000007522530499250249
02003062908511998102156000000005261860340172168
02003062908512000102506000000004221370285138147
02003062908531999103619000000004871540333164169
02003062908561999110144000000005592000359182177
02003062908572001103125000000003921260266128138
02003062908572001106725000000003931260267128139
02003062908582001107462000000003781230255122133
02003062909001997103479000000004291500279139140
02003062909001998102156000000004111420269138131
02003062909001999104978000000004601600300153147
02003062909002001110134000000004751660309154155
02003062909012001104763000000006272220405199206
02003062909111999110144000000004811590322160162
02003062909131998101532000000005852000385196189
02003062909132000101658000000006252080417213204
02003062909171996104207000000005571880369181188
02003062909221998101532000000005922060386191195
02003062909222000101658000000005471920355180175
02003062909281997100910000000005261940332173159
02003062909282000110257000000005542070347179168
02003062909381997100910000000004781610317153164
02003062909382000110257000000004851690316163153
