12008062405582002107237070218405181740344174170
12008062405582004103409063918104581580300154146
12008062405582005101101068418105031680335166169
12008062405582005102145068516705181640354174180
12008062405582005102807069716905281690359173186
12008062405582005103224065317304801660314161153
12008062405582005103959064616404820000000000169
12008062405582005106492066617904871620325153172
12008062405582006103474065416104931620331164167
12008062405592001104077067617305031680335166169
12008062405592002102277065816904891670322160162
12008062405592002107008066517304921640328160168
12008062405592003102205078720405831940389196193
12008062405592003102498065817404841650319163156
12008062405592004106296072919205370000000000177
12008062405592005101236068017105091710338170168
12008062405592005101637073621205241870337175162
12008062405592005102110067916905101720338169169
12008062405592005102649068417505091690340173167
12008062405592005102682067816705111660345169176
12008062405592005105928068217405081700338174164
12008062405592005105944067317804951740321166155
12008062405592005110049065616504910000000000160
12008062405592005110098065716504921610331170161
12008062405592005110110064416604781670311156155
12008062405592006100869069418005141780336171165
12008062405592006100970068417905051700335166169
12008062405592006105023072916405651730392191201
12008062406002000100158064316704761640312150162
12008062406002002104686078020005801960384197187
12008062406002003103709066616704991600339171168
12008062406002003105676067717205051720333167166
12008062406002003110072061816204561530303149154
12008062406002004100544069017805121750337169168
12008062406002004101965070517905261760350177173
12008062406002004102742067718004971670330163167
12008062406002004106018069818205161800336165171
12008062406002005100868073219105411830358183175
12008062406002005101233066717304941670327169158
12008062406002005103274081521006052040401200201
12008062406002005103641074121305281990329170159
12008062406002005103902070117605251740351173178
12008062406002005105969069518205131730340171169
12008062406002005109097067717904981690329166163
12008062406002005110137065418004741600314159155
12008062406002006100598068718605011690332165167
12008062406002006100615068417505091730336170166
12008062406002006100690064415104931610332173159
12008062406002006101144000000005051610344174170
12008062406002006106167067416805061630343173170
12008062406011998105844061315704561440312149163
12008062406012001103349064317204711620309151158
12008062406012002100281076419205721890383192191
12008062406012002110059063215704751550320158162
12008062406012003103764064017304671580309157152
12008062406012004110005064116804731540319160159
12008062406012004110268064717104761590317156161
12008062406012005100236064516304821630319161158
12008062406012005100798063916704721560316158158
12008062406012005101859065917204871580329161168
12008062406012005102465061714904681450323157166
12008062406012005102910066717604911700321153168
12008062406012005103455060416604381530285143142
12008062406012005105373072819605321850347175172
12008062406012005106452063516904661580308154154
12008062406012006101196066316404991700329165164
12008062406012006102534068118005011630338165173
12008062406012006103208066516704981680330164166
12008062406012006104365065017504751600315160155
12008062406012006104972066116904921600332162170
12008062406012006105010076020205581850373186187
12008062406012006105011076220305591850374186188
12008062406012006106401064617004761610315162153
12008062406012006106521067817904991640335164171
12008062406022000101634074619105551820373182191
12008062406022002100810069718705101740336168168
12008062406022003105858069217705151770338167171
12008062406022004100331064616604801620318159159
12008062406022004105648066617904871720315158157
12008062406022004106698071518505301760354173181
12008062406022005100408064315804851580327160167
12008062406022005101127070218605161750341174167
12008062406022005101629076420705571830374186188
12008062406022005102470071018805221770345170175
12008062406022005102485068118105001690331166165
12008062406022005102701073719705401830357176181
12008062406022005103136071519005251800345174171
12008062406022005103467065416804861610325163162
12008062406022005109014072419805261800346178168
12008062406022006101648075220005521900362180182
12008062406022006109121071318305301750355174181
12008062406032003102977075423205221780344175169
12008062406032003104070000000005091690340170170
12008062406032004105779070318805151780337168169
12008062406032005102875072318905341780356178178
12008062406032005104408070418905151750340174166
12008062406032006103010072218705351780357181176
12008062406032006105228073119105401810359182177
12008062406042002100997071921305061730333177156
12008062406042003102881070320504981890309169140
12008062406042003102972071021104991760323175148
12008062406042003104685071020705031820321171150
12008062406042003110073071721605011690332178154
12008062406042003110106065617404821600322162160
12008062406042004102987068318005031780325165160
12008062406042004103295069518105141710343175168
12008062406042005100291070921004991780321174147
12008062406042005100296067317904941620332167165
12008062406042005102310066016804921620330162168
12008062406042005102653073019205381800358177181
12008062406042005103453065700000000000319161158
12008062406042005105129067717305041660338170168
12008062406042005105717061017104391520287148139
12008062406042005105990070218805141800334173161
12008062406042006103236065417104831640319160159
12008062406042006103402069818305151800335173162
12008062406042006106346069817605221750347175172
12008062406052003110108065918704721660306151155
12008062406052005100097064516904761600316159157
12008062406052005101420063416504691570312157155
12008062406052005102510077720905681910377191186
12008062406052005103034065516804871610326163163
12008062406052005103909064816504831560327161166
12008062406052006100742065418304711630308148160
12008062406062002110173067118204891670322161161
12008062406062003103034067517205031730330168162
12008062406062004104113069017805121740338168170
12008062406062005100378070420504991610338166172
12008062406062005102578066816805001530347168179
12008062406062005103355072919205371810356183173
12008062406062005103383070218205201690351177174
12008062406062005105172071118405271770350175175
12008062406062005106266069617205241710353175178
12008062406062006102311067217504971690328168160
12008062406062006104866078321205712000371190181
12008062406062006105826077421005641840380194186
12008062406062006106459075619505611960365189176
12008062406072003102784070317105321710361173188
12008062406072003105071070717805291760353177176
12008062406072004102746061617304431530290149141
12008062406072004103411068815905291700359174185
12008062406072004109291071018405261780348174174
12008062406072005101063060715304541380316147169
12008062406072005101434069918205171720345172173
12008062406072005103493068118105001670333166167
12008062406072005105859063816804701600310154156
12008062406072005106713068417805061640342167175
12008062406081999104764073918805511820369182187
12008062406082002107237070318605171730344170174
12008062406082003102024068117605051740331163168
12008062406082003104383064816804801530327156171
12008062406082004101874068318504981720326167159
12008062406082004103163072119905221840338174164
12008062406082005100748069217805141760338170168
12008062406082005100920073120205291800349179170
12008062406082005101311070217705251740351172179
12008062406082005105711070116705341610373176197
12008062406082005105996068518505001740326159167
12008062406082005106382064615704891590330163167
12008062406092003101751067218304891660323161162
12008062406092004101663067116205091710338169169
12008062406092004107220074118805531810372184188
12008062406092005102432077620105751960379194185
12008062406092005104953065016904811650316162154
12008062406092006100398069719705001810319163156
12008062406092006105315067116405071710336167169
12008062406092006105829069919805011790322165157
12008062406102003100996068116205191650354174180
12008062406102003102205070818205261790347174173
12008062406102003103860071118805231750348172176
12008062406102004103648074818505631890374189185
12008062406102004103870077521105641890375185190
12008062406102005100107071516505501740376186190
12008062406102005100459068518405011710330165165
12008062406102005101961071118905221760346171175
12008062406102005106172064817604721690303160143
12008062406102005106749070317505281710357177180
12008062406102006102270076619405721860386195191
12008062406102006104659070419305111790332169163
12008062406102006105732076019805621860376190186
12008062406112004101615075319805551840371186185
12008062406112004102559000018500001610000152000
12008062406112004104086071218205301770353178175
12008062406112005101173065918004791630316000000
12008062406112005103305071419105231840339176163
12008062406112005104598065716504921620330167163
12008062406112005104806067317105021710331167164
12008062406112005106114061515704581550303149154
12008062406112005106274064716604811580323161162
12008062406112005106346066617204941690325164161
12008062406112005106955064615004961420354179175
12008062406112005109006063115404771600317159158
12008062406112006100258073119305381770361179182
12008062406112006100381064917204771660311158153
12008062406112006105290061215004621570305158147
12008062406112006106372072519105341750359177182
12008062406122000104131069516905260000000000180
12008062406122003101168068319904841720312157155
12008062406122003107389072018605341740360177183
12008062406122005103291066818004881630325161164
12008062406122005105128066317504881620326159167
12008062406122005105366072217705451720373183190
12008062406122006100420070717705301750355178177
12008062406122006101144065317104821670315163152
12008062406122006101554066116005011570344169175
12008062406122006103963068917105181660352172180
12008062406122006105855070817505331760357176181
12008062406122006106167065317104821660316163153
12008062406122006109290068917105181670351172179
12008062406132001104077067116905021660336169167
12008062406132003101657069418505091730336171165
12008062406132004106018069917805211780343173170
12008062406132004106296066217504871660321159162
12008062406132005100494065317004831660317156161
12008062406132005101233063816704711570314157157
12008062406132005101640070419005141760338168170
12008062406132005103274074519905461830363184179
12008062406132005103491067817205061670339170169
12008062406132005103641062715504721570315159156
12008062406132005106161065916904901570333163170
12008062406132005106628068017405061660340173167
12008062406132006100615066116904921620330163167
12008062406132006105833069318205111720339169170
12008062406142001104608068416805161680348169179
12008062406142002100281074619405521830369184185
12008062406142003103121068417705071640343167176
12008062406142004100997070817805301760354177177
12008062406142004102742066416904951640331162169
12008062406142004103214071817805401800360180180
12008062406142005100232080120505961910405207198
12008062406142005101648070418705171740343171172
12008062406142005102793068217105111640347166181
12008062406142005104375070918605231820341171170
12008062406152000101634066017404861570329160169
12008062406152003107146068616505211620359182177
12008062406152005101699064916004891530336163173
12008062406152006103968071117805331760357177180
12008062406152006104923070719405131720341169172
12008062406162002105513076919505741900384195189
12008062406162003105858067317005031660337171166
12008062406162003110189067016705031690334166168
12008062406162004102001068518205031750328169159
12008062406162005106478071418105331750358177181
12008062406162005110198066916705021660336169167
12008062406172003101922064616304831540329160169
12008062406172003104070069219105011750326165161
12008062406172004109154072119005311760355174181
12008062406172005104124069917705221810341168173
12008062406172005106306070818105271740353173180
12008062406172006100144081519606192060413212201
12008062406172006100150081719806192060413213200
12008062406172006109085068716905181670351168183
12008062406182002100997075821805402020338177161
12008062406182003100262065816604921550337167170
12008062406182003102704071919405251730352175177
12008062406182003102881074422605182020316171145
12008062406182003102972074722005272040323175148
12008062406182003104685074622505212050316171145
12008062406182003110073075621705392020337176161
12008062406182005100291074622205242040320174146
12008062406182005100863067818204961610335165170
12008062406182005102424067017604941610333168165
12008062406182005103453066117304881640324163161
12008062406182005105990069018305071740333167166
12008062406182006103402068517905061730333168165
12008062406182006104625068316705161720344176168
12008062406192003105386000000005291820347178169
12008062406192004100416073719505421850357183174
12008062406192004104912068518804971680329164165
12008062406192005100233066217604861630323162161
12008062406192005102510070618805181740344174170
12008062406192005105081068316905141700344172172
12008062406192006101895068417305111690342175167
12008062406192006104348072218405381830355181174
12008062406202000101588065817604821600322157165
12008062406202003104383065617404821580324164160
12008062406202004103163067917805011730328166162
12008062406202005106330065515904961680328168160
12008062406202005106331075518405711860385191194
12008062406211999106703078320505782000378190188
12008062406212004101876065616604901560334164170
12008062406212005100348073319205411820359182177
12008062406212005105186064916404851600325164161
12008062406212005105693074819405541870367188179
12008062406212005106800077221405581910367191176
12008062406222003102784071217605361760360178182
12008062406222004100225076320705561930363184179
12008062406222005100730071417805361790357176181
12008062406222005103210070217905231740349177172
12008062406222005106365070617005361660370182188
12008062406232005100265070317605271730354177177
12008062406232005100401071819605221720350175175
12008062406232005102799078019705831940389188201
12008062406232005105820069218105111730338167171
12008062406232005106422076719105761860390193197
12008062406242002110065065616904871670320159161
12008062406242003102024067717405031680335165170
12008062406242004100885064716204851660319160159
12008062406242004103716067016705031670336166170
12008062406242005100649062216004621510311153158
12008062406242005102501072218505371790358181177
12008062406242006100764071518105341810353183170
12008062406242006101838073719405431810362181181
12008062406242006102225074119605451790366183183
12008062406252005100609067516805071680339166173
12008062406252005105753069317905141750339171168
12008062406252006102988067416405101720338166172
12008062406262005103825070018805121720340172168
12008062406262005106598075218105711820389191198
12008062406262005106720072018905311800351178173
12008062406272001110100071320305101690341172169
12008062406272004110220068517405111750336171165
12008062406272005101008072917905501850365186179
12008062406272005104075071820105171800337163174
12008062406272005106636064417804661560310152158
12008062406272005106681068719104961700326160166
12008062406272006110082072217205501950355181174
12008062406272006110088071119405171740343174169
12008062406282001103435069519005051740331168163
12008062406282003103042065616204941620332163169
12008062406282003104910067917605031630340165175
12008062406282003110061072519105341810353177176
12008062406282004100978069218105110000000000000
12008062406282004103199064717004771600317157160
12008062406282005102173071117705341750359182177
12008062406282005102197064716404831600323158165
12008062406282005103448066816904991670332166166
12008062406282005105960068517405111780333171162
12008062406282005106475071117005411780363183180
12008062406292001100346063616204741530321160161
12008062406292001100508063816004781450333150183
12008062406292004101707069417405201700350174176
12008062406292004103752066617404921600332158174
12008062406292006102063063616704691610308153155
12008062406292006102966066016604941630331162169
12008062406302002106896065816104971640333164169
12008062406302005104124068617505111680343169174
12008062406302005106139066416205021620340169171
12008062406302006104827065316804851570328161167
12008062406302006106608065716504921580334166168
12008062406322004110056069217605161760340167173
12008062406332000101588065917204871660321163158
12008062406332004100416074119105501890361183178
12008062406332004103896071418705270000000000182
12008062406332005103679072019105291740355176179
12008062406332006105565069718005171740343170173
12008062406342002105266066617604901690321161160
12008062406342005105721067617305031690334165169
12008062406342006103259068317605071670340169171
12008062406342006106216000016100001590000168000
12008062406342006106780068317605071660341170171
12008062406342006109197073917705621780384187197
12008062406352002102272069017905111730338168170
12008062406352005102923083722106162160400203197
12008062406362002106817000000007222570465245220
12008062406362005102623064515604891550334161173
12008062406362005103912063814904891500339159180
12008062406362006101722062815704711580313157156
12008062406372003103843064416504791480331158173
12008062406372005106318070318505181720346170176
12008062406382002103110066818104871660321162159
12008062406382003104338071117905321770355176179
12008062406382004105013072217605461740372182190
12008062406382005101309061414304711530318158160
12008062406392002110207066817304951590336166170
12008062406392003102916067817705011730328167161
12008062406392005102105078220205801960384194190
12008062406392005102143074619305531860367186181
12008062406392005103766065616604901600330166164
12008062406392005106533066317004931600333163170
12008062406392006102686078319105921980394197197
12008062406402004102297064116704741620312155157
12008062406402005104762066516804971640333164169
12008062406402006100121070117105301750355181174
12008062406402006100712072518405411800361183178
12008062406402006104725072718005471660381178203
12008062406412005110068071117205391700369180189
12008062406412006100173073219005421860356182174
12008062406412006109285072418305411850356182174
12008062406422003104910067916405151590356177179
12008062406422005102289077421005641910373186187
12008062406422005102522075118705641890375190185
12008062406422005103511072518605391770362179183
12008062406422006101954073618005561770379182197
12008062406422006103383072818405441790365185180
12008062406422006103512078120305781980380193187
12008062406422006103675069617905171710346171175
12008062406422006106323078120205791980381194187
12008062406432002106619067218004921640328158170
12008062406432005102547068117405071690338167171
12008062406432006109293077720205751870388193195
12008062406442000101691075018705631880375186189
12008062406442000105277000000005030000000000170
12008062406442005100640077019305771850392193199
12008062406442005104510076519705681850383188195
12008062406442006105033068117305081670341168173
12008062406442006109051068117105101690341167174
12008062406452005100447081320806052020403208195
12008062406452006104369069217605161720344172172
12008062406462002103163071318505281810347176171
12008062406462004101364066800000000000339171168
12008062406462004102502085022506252140411205206
12008062406462004105766079221005822010381190191
12008062406462005100547070717905281750353178175
12008062406462005101194074618405621840378186192
12008062406462005103484072017605441750369180189
12008062406462005104608068918005091710338170168
12008062406462005106431073117905521840368187181
12008062406462006102811066217504871660321157164
12008062406462006103919070317905241700354178176
12008062406462006105482066217504871660321157164
12008062406472003102466071919605231810342174168
12008062406472005102162070618805181730345170175
12008062406472005102481070518705181720346170176
12008062406482003110129062216504571550302150152
12008062406482006101468075518605691830386189197
12008062406492001106517063816204761630313157156
12008062406492002110041064615704891640325161164
12008062406492004102333070317705261730353180173
12008062406492004104414072918705421810361181180
12008062406492005104928075919905601940366186180
12008062406492006102881070817005381720366183183
12008062406502005104781071918405351770358179179
12008062406502005105963070518205231780345172173
12008062406512003101555069818205161720344172172
12008062406512005102796000000004660000000000161
12008062406512005106371069619405021790323167156
12008062406512006102847066517204931670326163163
12008062406512006103552070017405261730353173180
12008062406512006103740066117004911660325163162
12008062406512006105649070017305271740353174179
12008062406522005102437072519205331800353176177
12008062406532005101747069018205081740334168166
12008062406532005102439070819805101760334168166
12008062406532006102279070917705321740358174184
12008062406532006104100071318005331750358174184
12008062406532006105546069916305361670369177192
12008062406542005101552064915904901580332159173
12008062406542005104079065100000000000333159174
12008062406542005106144067317105021680334170164
12008062406562000101691068816605221770345172173
12008062406562004106348075319705561890367000000
12008062406562005103511070518105241700354176178
12008062406572006101954079020805821970385189196
12008062406572006103675075419005641880376180196
12008062406572006109293075319105621830379185194
12008062406582003102713070218705151720343170173
12008062406582004101780069417905151730342170172
12008062406582004102205064018304571610296000000
12008062406582005106611064716204851560329160169
12008062406592003104544066517604891670322160162
12008062406592004102502079120205891940395197198
12008062406592004105766071017405361730363180183
12008062406592004110227067816705111720339171168
12008062406592005100172063115704741490325156169
12008062406592005101463074520905361980338175163
12008062406592005102636065716804891650324161163
12008062406592005103537065616504911600331169162
12008062406592005103547065817004881610327160167
12008062406592005104608070317805251750350177173
12008062406592006104369067917305061660340165175
12008062407002005102162071718505321790353176177
12008062407002006103984071519005251730352175177
12008062407012004102157076819705711900381189192
12008062407012005104344076019305671910376184192
12008062407012005104928070317805251740351173178
12008062407012006105575070017705231750348176172
12008062407022006109086069619105051700335163172
12008062407032003105438064416004840000000000170
12008062407032005106325074418905551870368182186
12008062407042001105278068517705081730335167168
12008062407042003105704072819205361850351177174
12008062407042005105083072019605241810343172171
12008062407052004102117069217505171790338170168
12008062407052005101283078018705931950398201197
12008062407052005102115078118905921950397200197
12008062407052005102178069516705281670361180181
12008062407072004101761067320204711650306154152
12008062407072004106348000020000001850000000000
12008062407072005100090071519005251720353175178
12008062407072005103664072519005351800355179176
12008062407092001103902069317505181730345174171
12008062407102003110022069018505051670338170168
12008062407112002102328071719905181840334167167
12008062407132001104872064916404851620323163160
12008062407132005101453072018905311810350175175
12008062407142003105438063916204771570320158162
12008062407152004105662074219205501850365181184
12008062407162005105845064616004861570329167162
12008062407172005104444067016705031690334169165
12008062407172006102012072117805431810362179183
12008062407172006104686072318105421800362179183
12008062407182004101069069717205251690356175181
12008062407212003102835000000000000000000000000
12008062407222005102700065218404681620306156150
12008062407282005101107072718305441820362174188
12008062407292001104872066316205011600341169172
12008062407292003106363076019305671860381188193
12008062407332005105913060516404411520289147142
12008062407342004101069068816805201720348171177
12008062407502005105691063517104641570307156151
12008062407522003103929075818205761930383193190
12008062407522004103679075319705561860370186184
12008062407522005102344072819205361820354180174
12008062407522005105973073918205571820375187188
12008062407522005106038071918405351810354180174
12008062407532003106503066418904751660309000000
12008062407532005103660072819805301810349175174
12008062407542001100592072618705391790360179181
12008062407542003107016059916404350000000000150
12008062407542006103397066717404931650328165163
12008062407552006104865065716704901640326165161
12008062407552006106484064916004891630326165161
12008062407592003101000072218205401810359185174
12008062408002001102442066417004941680326165161
12008062408002005102773067316805051640341173168
12008062408012005100936070216305391710368182186
12008062408012005100937000000005160000000000175
12008062408012005100956067416605081660342169173
12008062408022003107335072819305351820353178175
12008062408022004105018065917204871620325163162
12008062408022005106501070917905301770353178175
12008062408032005106003065015704931630330167163
12008062408042004103027073723205051790326175151
12008062408042004103149072421805061880318175143
12008062408042004103289073322205111880323176147
12008062408042005100234073822305151870328172156
12008062408042005103133073923105081800328177151
12008062408042005104094065516704881630325164161
12008062408042005106089076219605661930373188185
12008062408042006100227072416505591690390189201
12008062408042006100552068517605091690340169171
12008062408042006101700068617705091690340169171
12008062408052004101087075120105501840366183183
12008062408052004110111071320505081770331168163
12008062408052005100955070116705341700364179185
12008062408052005101863069817005281680360182178
12008062408062001100592067516505101670343170173
12008062408072004103882071919605231830340175165
12008062408072005100485072119105301860344177167
12008062408072005101405075818805701830387195192
12008062408072005101492069517105241740350177173
12008062408072005105874070217805241750349181168
12008062408072005106134076120705541990355183172
12008062408072006102061067416105131670346179167
12008062408072006104918071618605301850345177168
12008062408072006106430076619805681860382192190
12008062408072006109084066415805061660340176164
12008062408092006102006073020205281840344170174
12008062408092006102463073020005301840346171175
12008062408102003105673063715404831560327160167
12008062408102005101633072218105411810360180180
12008062408112003103022061414804661400326158168
12008062408112005101225064615204941520342159183
12008062408112005106487061917204471560291147144
12008062408122000103014070518905161680348172176
12008062408132002104091071717505421790363180183
12008062408132003100905070818505231750348173175
12008062408132004104285080121505861950391195196
12008062408132006100444075418805661840382184198
12008062408132006103593072717805491860363184179
12008062408132006109296068318305001810319160159
12008062408142005100936069416605281730355178177
12008062408142005100937070318205210000000000174
12008062408142005101498069118105101660344169175
12008062408142005106572075720505521910361182179
12008062408152002102126069018705031720331166165
12008062408162005101396069018005101690341170171
12008062408162005103833067116905021660336165171
12008062408162005105972068318404991680331164167
12008062408162005106419067718304941690325163162
12008062408162006100796068018704931680325163162
12008062408162006101696068618405021750327165162
12008062408162006101824067417405001720328165163
12008062408162006105321075218805641830381188193
12008062408172004103149071022304871810306171135
12008062408172004103289071222304891830306168138
12008062408172005103133071622204941820312165147
12008062408172005106089075421105431880355179176
12008062408182005103489069217305191710348172176
12008062408192005105401073020205281850343176167
12008062408212003107215073819105471830364178186
12008062408212004102507073318105521880364188176
12008062408212004103882076020705531920361184177
12008062408212005100151071718005371750362177185
12008062408212005103485065917504841590325158167
12008062408222005102159068918405051690336164172
12008062408232004101550068716505221770345172173
12008062408232005106267068016905111700341171170
12008062408242005100251066618704791660313156157
12008062408242005106334066718804791660313156157
12008062408242006102768071818905291790350178172
12008062408242006105238071718805291790350179171
12008062408252005102855070518105241750349173176
12008062408252006102209076019105691910378191187
12008062408252006103523076021505451970348178170
12008062408252006103758076519605691910378191187
12008062408252006109260067717205051670338168170
12008062408262005104529081021205982030395199196
12008062408262005106915073119105401780362179183
12008062408262005109208000017900000000000000000
12008062408272002103800067418604881690319160159
12008062408272003102281067918504941650329160169
12008062408272005104592068216805141700344169175
12008062408272005106882069017305171750342167175
12008062408272006101758064717204751660309154155
12008062408272006106347069919405051710334168166
12008062408282004100892073119905321810351173178
12008062408282006100161068017105091660343169174
12008062408282006100367064917004791590320159161
12008062408282006101334064717004771560321159162
12008062408292004100044079522105742010373186187
12008062408292004106804075420405501950355181174
12008062408292005105972066918004891660323166157
12008062408292006100376091126506462270419212207
12008062408292006103844068317605071690338170168
12008062408292006104283068717805091700339172167
12008062408292006105321065617804781670311154157
12008062408302001110142064317504681600308155153
12008062408302003103006063516304721580314157157
12008062408302004103858080219406082030405197208
12008062408302005104875065617404821580324158166
12008062408312005105001074519105541870367189178
12008062408312006104703081520606092070402206196
12008062408322005100835065016604841550329159170
12008062408322005103750066218504771670310154156
12008062408322005105632070418605181740344170174
12008062408322005106011070118205191690350167183
12008062408322006102045070718305241680356175181
12008062408322006104306070518305221640358175183
12008062408332004101010063518004551600295149146
12008062408332005106286074219205501840366186180
12008062408342001107097067918404951690326169157
12008062408342004100251065517404811620319161158
12008062408342004100675071319205211800341172169
12008062408342006103602070918605231780345174171
12008062408352003102724065516904861560330164166
12008062408362002110001072819105371810356178178
12008062408362005100251067419604781640314157157
12008062408362005106334067719904781640314157157
12008062408362005110009069717505221720350172178
12008062408372003110117070317605271740353174179
12008062408372004101702068318205011710330169161
12008062408372004101703068918705021700332167165
12008062408382003107427065017104791590320164156
12008062408382004101228069117205191790340172168
12008062408382005101244065216404881620326162164
12008062408382005104153063916204771510326165161
12008062408382006101216067017104991620337167170
12008062408392004100194068817105170000000000173
12008062408392004100262070617705291770352172180
12008062408392005100372077219505771930384191193
12008062408392005102670077519305821930389191198
12008062408402001107598069117305181660352171181
12008062408402003100817070717405331720361173188
12008062408402003101633069617105251770348180168
12008062408402005102129066517204931580335165170
12008062408402005105615069821004881730315160155
12008062408402005106116070820105071760331166165
12008062408402006101021069217805141720342173169
12008062408402006106733069218705051730332164168
12008062408402006109083069017605141720342173169
12008062408412000100030067517305021620340165175
12008062408412003100998082420506192020417215202
12008062408412003102853066516804971690328162166
12008062408412005101349079920305961980398198200
12008062408412005103276065718604711730298150148
12008062408412005103856071718205351780357180177
12008062408412005106882068218105011780323162161
12008062408412006102863074219105511820369181188
12008062408412006106347079621305831860397197200
12008062408422002104926069417305211670354173181
12008062408422002109448071717705401720368181187
12008062408422005102570064916604831640319160159
12008062408422005104529072619105351810354180174
12008062408422006104938069318105121700342169173
12008062408432004109132061015604541550299146153
12008062408432005106473072720505221790343175168
12008062408432006109071066718004871630324162162
12008062408442003106779064216004821570325161164
12008062408442004103616068917505141720342166176
12008062408442004103858066416504991650334166168
12008062408442005100941072400000000000361181180
12008062408442005102909071220705051790326162164
12008062408442006101949071016805421760366181185
12008062408452005102507064916404851580327162165
12008062408452005103648068418005041670337169168
12008062408452005110033063515004851560329161168
12008062408452005110207064816404841580326162164
12008062408452006102998064516904761590317158159
12008062408452006103144064416604781600318158160
12008062408462001103416000000000000000000000000
12008062408462001107097060917304361560280142138
12008062408462002107244072218505371780359178181
12008062408462002110113072018405361790357178179
12008062408462003100839065117004811610320157163
12008062408462005102612065219004621710291147144
12008062408462005103842072417705471770370185185
12008062408462005105450066817404941680326161165
12008062408462005106373073619305431800363185178
12008062408462005110075066817404941680326161165
12008062408462006106433071817405441790365183182
12008062408472002102706067819804801720308155153
12008062408472005102279064816604821540328161167
12008062408472005102456065717204851600325162163
12008062408472005106280067016705031690334162172
12008062408472006105080065016304871570330160170
12008062408482004100452068816605221680354179175
12008062408482005100891083421306212110410203207
12008062408482005104123068216305191720347174173
12008062408482005105907073318705461820364179185
12008062408482005106752066716405031600343172171
12008062408482006104792084122106202120408204204
12008062408492003102418065016804821610321163158
12008062408492005102125068118105001660334164170
12008062408492005102232066217504871640323156167
12008062408492006103395065217204801620318157161
12008062408502005102858066418204821650317162155
12008062408502005104961067519204831700313158155
12008062408502005107061067817305051700335168167
12008062408502006106407073520005351790356172184
12008062408512001110198066016504951630332162170
12008062408512002104438076719805691920377188189
12008062408512003102680082020906112020409203206
12008062408512004100833067518004951730322162160
12008062408512005100853068417405101710339168171
12008062408512005101630063616604701470323158165
12008062408512005102722060816404441540290144146
12008062408512005103001065916504941650329165164
12008062408512005103387063517104641620302151151
12008062408512005103586061017204381550283141142
12008062408512005104605065116904821640318158160
12008062408512005106157068117305081670341168173
12008062408512005106268062816104671550312150162
12008062408512005106893063417604581550303153150
12008062408512006104375069118005111750336170166
12008062408522003107257072718905381760362175187
12008062408522005101772065816204961580338167171
12008062408532002100569073717905581840374185189
12008062408532003102790063117204591610298151147
12008062408532004102748070718205251850340172168
12008062408532005100372061516404511500301151150
12008062408532005100628068417005141750339169170
12008062408532005100788067518104941660328162166
12008062408532005102670067716405131530360176184
12008062408532005105392069418205121730339170169
12008062408542003102936063117404571580299149150
12008062408542004102859062916504641490315155160
12008062408542004103113068616105251680357172185
12008062408542004103264070118905121720340168172
12008062408542005102642070118805131730340167173
12008062408552002101013068616405221720350181169
12008062408552004101181071119105200000000000175
12008062408552005106257076920105681880380201179
12008062408552006100022066417604881620326163163
12008062408552006105747067217304991610338166172
12008062408552006105923066417404901630327161166
12008062408562005104117069618605101720338171167
12008062408562005105272069918805111720339166173
12008062408572001107478066116604951610334168166
12008062408572003100386068318005031730330166164
12008062408572005106582063415904751560319000000
12008062408582001103416071018505251790346000000
12008062408582002110113068717705101720338168170
12008062408592004102788064216504771530324160164
12008062408592004103249060914204671480319161158
12008062408592005102201064616704791550324161163
12008062408592005106369063816304751560319156163
12008062408592005109299068416905151710344173171
12008062408592006100113067015905111670344168176
12008062408592006102149064216204801570323164159
12008062409002005110036065316804851690316159157
12008062409012005100891081821106072070400203197
12008062409012006104792082421706072070400203197
12008062409022003102299073319505381810357177180
12008062409022005100482069017705131690344168176
12008062409022005100813071020005101770333164169
12008062409022005106752065816604920000000000168
12008062409022006106376075620105551910364182182
12008062409032003106146070117505261740352177175
12008062409032005102125067417704971720325162163
12008062409032005102858062917804511570294153141
12008062409032006103395066617104951680327160167
12008062409042003106334067717705001730327164163
12008062409042004103864070619805081700338169169
12008062409042005103290065716504921600332162170
12008062409042005104961066818304851640321161160
12008062409042005107061067416705071740333168165
12008062409052002104849068318305001690331171160
12008062409052004102801074018605541870367179188
12008062409052005101585076521105541910363187176
12008062409052005102062064117004711540317157160
12008062409052006104599071918905301750355177178
12008062409052006106010071919005291750354177177
12008062409062005101256068618505011680333166167
12008062409072004103154065817104871580329163166
12008062409072005101362067618304931670326160166
12008062409072005110173063316904641660298154144
12008062409072006101117080722305842060378196182
12008062409072006101242080822305852070378196182
12008062409082005101146065116604851570328159169
12008062409092005100641067217604961640332165167
12008062409092006101512070317905241750349172177
12008062409092006101621070518305221760346173173
12008062409092006105542070418105231770346172174
12008062409102002101013067216905030000000000000
12008062409102005100175073019505351860349178171
12008062409102005102553077920505741980376190186
12008062409102006101034079920205971980399201198
12008062409112002100093069617805181780340172168
12008062409112004102943065016604841650319161158
12008062409122006100113068016705131650348172176
12008062409122006101869069117905121710341168173
12008062409122006102292067616505111650346170176
12008062409122006104744070218305191740345172173
12008062409122006105690066817004981650333164169
12008062409132005102569066117004911670324163161
12008062409152003102519064318404591530306000000
12008062409152005105374072920905201830337166171
12008062409162004102252069117205191670352175177
12008062409162005104228070917505341700364174190
12008062409162005106029069818805101700340170170
12008062409172005102589068418005041680336168168
12008062409172005103167068318105021670335168167
12008062409182005101521070014905511490402174228
12008062409192002100748070119105101760334165169
12008062409192003102965065116904821620320157163
12008062409192004106884077319905741940380194186
12008062409192005100633069017405161780338173165
12008062409192005102369066417904851710314162152
12008062409192005102613067117204991660333165168
12008062409192005103625071418205321720360177183
12008062409192005103763071418505291710358176182
12008062409192006105709065715904981650333164169
12008062409202005100620062717204551510304148156
12008062409202005102329066217804841650319156163
12008062409212003100333062116704541540300148152
12008062409252005102300078919205971930404199205
12008062409262002100093071717805391800359182177
12008062409282002100518067718004971640333165168
12008062409302003110034068616505211680353169184
12008062409302005100205069517605191710348175173
12008062409302005103505065916304961620334165169
12008062409312005107015067100000000000332162170
12008062409482001103072075522405312010330181149
12008062409482001103413074421305312010330181149
12008062409482005102233073921405251980327181146
12008062409482005103952063215904731500323151172
12008062409482005110109074421105332000333179154
12008062409502002103091066516405011610340169171
12008062409532004110164067617005061670339173166
12008062410002001103072070919405151940321179142
