02003031602541999106689000000004951710324168156
02003031602542000101615000000005071720335171164
02003031603061999106689000000004911700321165156
02003031603072000101615000000004981700328165163
02003031604251996110111000000004811610320159161
02003031604252000103548000000000001620000157000
02003031604252000105560000000004981690329160169
02003031604252000106153000000004871620325160165
02003031604252000107224000000004991660333169164
02003031604261997106455000000005151720343171172
02003031604261997110016000000004961570339166173
02003031604261998100018000000005261740352180172
02003031604261998107434000000005811990382191191
02003031604261999103686000000004741590315153162
02003031604261999105099000000006250000000000194
02003031604261999110062000000006362080428210218
02003031604262000100338000000005651850380192188
02003031604262000100593000000005712000371189182
02003031604262000101226000000005511920359183176
02003031604262000101297000000006042030401203198
02003031604262000101499000000005921900402195207
02003031604262000101511000000005301840346174172
02003031604262000102091000000005491950354185169
02003031604262000103430000000005291810348179169
02003031604262000106851000000005481950353184169
02003031604262000107239000000005781990379189190
02003031604262000110024000000005241760348171177
02003031604262000110240000000005251790346172174
02003031604271998103020000000005211760345173172
02003031604271998107262000000005341800354181173
02003031604271999104832000000005441860358182176
02003031604271999104842000000006322370395198197
02003031604271999110230000000005271750352173179
02003031604272000100472000000005121750337165172
02003031604272000101210000000006112060405203202
02003031604272000101431000000005901980392200192
02003031604272000102520000000005251690356178178
02003031604281995102712000000007332580475245230
02003031604281997104549000000005091660343170173
02003031604281997110263000000000000000400194206
02003031604281999100878000000005011670334167167
02003031604281999106033000000005401860354180174
02003031604281999110045000000007142450469237232
02003031604282000103784000000005111680343167176
02003031604282000104299000000006122010411208203
02003031604282000106136000000005461820364180184
02003031604282000106783000000006982330465233232
02003031604282000110181000000005481820366182184
02003031604282000110231000000006992340465237228
02003031604291999101962000000005921960396203193
02003031604291999104307000000005391890350178172
02003031604291999104418000000005930000000000204
02003031604291999110262000000005992060393197196
02003031604292000101728000000005081680340170170
02003031604292000104848000000005972040393198195
02003031604301997105443000000005111680343170173
02003031604301999100207000000005401960344175169
02003031604301999107132000000005281710357176181
02003031604302000100604000000005531960357180177
02003031604302000107276000000005411820359176183
02003031604311998106222000000005671990368189179
02003031604312000100101000000005561920364186178
02003031604312000102203000000006082220386206180
02003031604321995108683000000007772530524251273
02003031604321999102575000000004930000000000000
02003031604322000106750000000005781910387192195
02003031604331996110111000000004341490285144141
02003031604331997106395000000005781950383190193
02003031604331998102598000000006042030401204197
02003031604332000100441000000000000000399203196
02003031604332000100749000000005931950398203195
02003031604332000100791000000006272220405204201
02003031604332000103888000000006192140405207198
02003031604332000105870000000006092010408207201
02003031604332000106153000000004431500293145148
02003031604341999104720000000005711760395206189
02003031604342000102403000000005341700364181183
02003031604342000104912000000005361730363181182
02003031604342000107433000000005581840374185189
02003031604351998105558000000005392050334172162
02003031604352000102312000000005291820347171176
02003031604361997106455000000004441420302149153
02003031604361998101123000000000000000376186190
02003031604361999104160000000005591870372188184
02003031604361999106288000000005711970374185189
02003031604361999110202000000005281740354183171
02003031604362000100338000000005351780357177180
02003031604362000101980000000005141840330164166
02003031604362000110024000000004261430283138145
02003031604371998106265000000005281790349176173
02003031604371999104842000000003921340258129129
02003031604371999105099000000000001700000171000
02003031604372000101226000000005441880356180176
02003031604372000107136000000000000000000000000
02003031604372000110092000000005161630353172181
02003031604381996104396000000005792040375191184
02003031604381997104549000000004891610328166162
02003031604381997110263000000000001760000171000
02003031604381998107434000000005061660340172168
02003031604381999100878000000004851580327162165
02003031604381999104832000000004131420271134137
02003031604381999106033000000004141420272136136
02003031604381999106940000000005501810369180189
02003031604382000102784000000005631890374184190
02003031604382000103170000000004631640299152147
02003031604382000103784000000004891570332165167
02003031604382000110181000000004141420272135137
02003031604391998107262000000004871650322163159
02003031604392000104299000000005191840335174161
02003031604392000104848000000005361890347173174
02003031604392000105626000000005011720329164165
02003031604392000106136000000004851650320160160
02003031604401999100622000000005461740372185187
02003031604402000105099000000000000000000000000
02003031604402000110250000000000000000000000000
02003031604411996100522000000005211700351174177
02003031604411997100382000000005741820392191201
02003031604411999105498000000005251760349000000
02003031604412000101456000000005801890391194197
02003031604412000101592000000005281800348173175
02003031604421998103871000000005261800346175171
02003031604421998110164000000005491840365185180
02003031604421999104889000000004141380276134142
02003031604422000107241000000005621940368182186
02003031604422000107682000000006582210437225212
02003031604422000110006000000000001530000128000
02003031604431997105443000000000001660000145000
02003031604431999100207000000004541740280149131
02003031604431999101962000000004521490303151152
02003031604431999110262000000004971750322162160
02003031604432000100604000000004471520295147148
02003031604432000101728000000004631570306151155
02003031604441998101469000000004981620336166170
02003031604441998106222000000004891570332166166
02003031604441999101049000000005571880369186183
02003031604441999104418000000004861560330000000
02003031604442000100101000000004961660330163167
02003031604442000103888000000005551890366184182
02003031604442000105870000000005651790386189197
02003031604442000107433000000004701610309157152
02003031604462000110092000000004411450296150146
02003031604471997106455000000000001260000125000
02003031604471999106940000000005011650336171165
02003031604472000100921000000005141700344175169
02003031604472000105982000000005471810366180186
02003031604481997104549000000004251420283143140
02003031604481999104186000000005221690353173180
02003031604482000102784000000005211710350174176
02003031604482000105626000000004661560310156154
02003031604491997100382000000005251660359177182
02003031604491998107164000000005301790351179172
02003031604491999100622000000005321680364188176
02003031604492000103595000000004691580311154157
02003031604492000106250000000005321720360175185
02003031604492000109399000000005732020371184187
02003031604502000101456000000005591890370185185
02003031604502000102907000000005411850356176180
02003031604502000105940000000006092130396204192
02003031604502000110250000000004781670311162149
02003031604521998102400000000000000000000000156
02003031604521998105841000000005131640349168181
02003031604522000100664000000005151630352174178
02003031604522000102681000000005161660350172178
02003031604522000105125000000005111670344167177
02003031604531999110202000000004871530334169165
02003031604542000106172000000005571840373183190
02003031604551997110111000000005151600355171184
02003031604551998101862000000005331880345175170
02003031604551998102233000000007232540469242227
02003031604552000100266000000005381900348172176
02003031604552000100458000000005852060379196183
02003031604552000105829000000005740000000000185
02003031604561998110236000000005321950337170167
02003031604562000104436000000005391760363177186
02003031604562000105676000000006532110442216226
02003031604562000105982000000004411540287145142
02003031604562000106040000000005441850359179180
02003031604562000110180000000005471810366178188
02003031604572000100921000000004571550302152150
02003031604572000106250000000005541900364184180
02003031604572000107465000000005211790342173169
02003031604572000110196000000004981640334165169
02003031604581997100382000000004401440296146150
02003031604582000103375000000005611810380191189
02003031604591999104186000000000000000332165167
02003031604592000100152000000004941680326163163
02003031605001996103452000000003871310256129127
02003031605001997106281000000005311900341172169
02003031605001999110122000000005021730329166163
02003031605002000102092000000004041290275133142
02003031605002000107285000000005011710330168162
02003031605002000110244000000005151860329163166
02003031605011997103646000000003771280249124125
02003031605012000101153000000005832000383195188
02003031605012000101526000000005311910340172168
02003031605012000102387000000005531820371186185
02003031605012000102401000000005001710329165164
02003031605012000102907000000005381830355181174
02003031605012000103595000000003851260259127132
02003031605012000105940000000004931720321170151
02003031605021999105701000000006282220406203203
02003031605022000102976000000005691960373188185
02003031605031999106004000000005631830380189191
02003031605042000100047000000005121740338167171
02003031605051998102233000000006652160449216233
02003031605052000106172000000004941660328163165
02003031605061998103530000000005051670338168170
02003031605071999101531000000004311490282139143
02003031605072000101430000000004611520309154155
02003031605072000101518000000005141820332167165
02003031605072000104909000000004521530299000000
02003031605081996106608000000006152210394205189
02003031605081999105715000000000000000000179000
02003031605081999107266000000005221880334173161
02003031605082000100600000000005291710358179179
02003031605082000101727000000005501800370178192
02003031605082000102280000000005511930358184174
02003031605091999101739000000004071400267133134
02003031605092000100152000000004411490292143149
02003031605092000100537000000005121750337173164
02003031605092000102087000000005061790327166161
02003031605092000103375000000005351670368179189
02003031605101998110236000000004571590298147151
02003031605101999100628000000006482170431218213
02003031605101999110116000000006072290378191187
02003031605102000100801000000005862230363187176
02003031605102000102305000000006622300432217215
02003031605102000105522000000005871960391196195
02003031605102000105664000000005911990392204188
02003031605102000106040000000004841690315155160
02003031605112000101153000000005421810361179182
02003031605121997107053000000005011760325165160
02003031605121999106004000000005351810354182172
02003031605122000102976000000005381850353181172
02003031605131999106610000000005491750374181193
02003031605141996107052000000005892060383197186
02003031605141997104727000000005361750361184177
02003031605141997106281000000004431480295145150
02003031605141999100642000000005691880381194187
02003031605141999103675000000006082020406204202
02003031605141999106732000000006012020399198201
02003031605142000106114000000006222150407207200
02003031605142000107285000000005031700333169164
02003031605151999103542000000005571870370183187
02003031605151999107384000000005371760361179182
02003031605152000101975000000006422190423216207
02003031605152000104874000000005481850363183180
02003031605152000105239000000005491840365181184
02003031605162000100129000000005241720352174178
02003031605172000110145000000005521930359180179
02003031605181999102136000000005391980341176165
02003031605192000101613000000005691880381188193
02003031605192000103375000000005141630351168183
02003031605201999105715000000000000000000000000
02003031605201999110116000000004621590303152151
02003031605202000101518000000004971680329165164
02003031605202000101727000000005291760353176177
02003031605202000106889000000005611860375188187
02003031605202000109297000000005271820345174171
02003031605212000100600000000004521500302154148
02003031605212000101384000000005601940366181185
02003031605221999100628000000005261720354175179
02003031605222000101430000000003951340261130131
02003031605222000102305000000005571940363183180
02003031605222000104909000000003941320262130132
02003031605222000105522000000005511920359179180
02003031605222000105664000000006042010403204199
02003031605222000110149000000004411640277142135
02003031605231997107053000000004651600305155150
02003031605232000100801000000005461910355178177
02003031605232000106229000000006292190410204206
02003031605241996107052000000000000000270131139
02003031605241999103542000000005241760348171177
02003031605241999106610000000004781590319171148
02003031605251999100642000000005381740364184180
02003031605251999103675000000005631870376189187
02003031605251999106732000000004631620301153148
02003031605251999107053000000005421700372185187
02003031605252000100129000000005331730360179181
02003031605252000106114000000005571870370190180
02003031605252000110145000000005361810355180175
02003031605261998101616000000005471890358178180
02003031605262000101975000000005341750359179180
02003031605262000105105000000005751980377191186
02003031605271997100711000000005211790342178164
02003031605271998101592000000006602190441223218
02003031605281999102136000000003981460252129123
02003031605301998100789000000005071640343000000
02003031605302000101455000000006032050398203195
02003031605311999110121000000004661500316155161
02003031605312000101370000000004551440311145166
02003031605312000105000000000004481470301148153
02003031605321998104555000000005431860357175182
02003031605322000101518000000004791570322000000
02003031605322000109297000000005141770337168169
02003031605331998105919000000005591890370185185
02003031605331998106079000000005491780371182189
02003031605332000101613000000004001410259129130
02003031605332000106889000000003991400259129130
02003031605332000110267000000004011320269127142
02003031605341999100628000000005431890354000000
02003031605342000101384000000005451940351175176
02003031605342000106231000000005501990351177174
02003031605351996107052000000003791210258126132
02003031605351999106610000000003821220260126134
02003031605352000100801000000005191840335167168
02003031605352000101473000000006102160394204190
02003031605352000105522000000005481830365182183
02003031605361999103675000000005531820371184187
02003031605361999106732000000004371540283146137
02003031605362000106575000000005181770341172169
02003031605362000110177000000004331460287144143
02003031605371997100711000000003891340255125130
02003031605372000100003000000005301820348173175
02003031605372000101331000000005401830357176181
02003031605372000104499000000005431760367177190
02003031605372000105359000000005562030353186167
02003031605372000106796000000004971710326165161
02003031605372000109231000000005361820354181173
02003031605411998101546000000000000000331167164
02003031605411998102847000000005081710337170167
02003031605411999106997000000005091720337169168
02003031605411999110120000000005021730329167162
02003031605431999110121000000004121340278135143
02003031605432000101370000000004281420286140146
02003031605432000105000000000004331410292144148
02003031605432000105050000000004141420272136136
02003031605432000106518000000005471800367182185
02003031605441998101164000000005251740351176175
02003031605441998106079000000005321710361179182
02003031605441999110095000000005591830376183193
02003031605442000107004000000004761480328156172
02003031605451997103860000000004881700318160158
02003031605452000102723000000005771850392194198
02003031605452000105359000000005341950339186153
02003031605452000106231000000005001660334160174
02003031605472000103524000000004941680326159167
02003031605472000104499000000004831610322158164
02003031605482000102474000000004881710317153164
02003031605492000106450000000004871500337159178
02003031605501996105177000000005662030363189174
02003031605522000105050000000004031370266134132
02003031605531998101164000000004601570303152151
02003031605532000106180000000004841450339162177
02003031605532000106518000000005441740370184186
02003031605542000103960000000005961910405198207
02003031605551997103860000000005972070390197193
02003031605551998105301000000000000000000000000
02003031605552000100922000000005151710344167177
02003031605552000101424000000004171490268138130
02003031605562000104049000000006432180425210215
02003031605571999100565000000005251790346171175
02003031605571999106754000000005101660344170174
02003031605572000101342000000005151650350172178
02003031605572000102207000000005071690338169169
02003031605572000110206000000004941660328162166
02003031605582000101629000000005091810328170158
02003031605582000103098000000005371800357181176
02003031606001996105177000000004811620319161158
02003031606012000106180000000005111560355172183
02003031606021998109005000000005611820379189190
02003031606021998110206000000005461840362181181
02003031606022000101713000000005691960373186187
02003031606022000102048000000005381820356183173
02003031606041999102982000000004981700328162166
02003031606042000101488000000004841590325160165
02003031606042000106425000000004861570329159170
02003031606051996104207000000005471820365183182
02003031606051998101443000000006332060427202225
02003031606052000101435000000005701870383191192
02003031606052000102032000000005251790346176170
02003031606052000102552000000005041640340165175
02003031606052000104236000000005621830379189190
02003031606062000102977000000004901700320163157
02003031606082000106072000000004821490333160173
02003031606082000109158000000005011680333164169
02003031606082000110206000000003791270252123129
02003031606121999101793000000004811680313152161
02003031606141998109005000000004201390281142139
02003031606142000100619000000005641930371178193
02003031606142000102048000000004201390281142139
02003031606142000102590000000000000000338170168
02003031606151996104207000000000001650000170000
02003031606151998101443000000004580000000000158
02003031606152000101435000000005021730329170159
02003031606152000104236000000005201670353182171
02003031606161998110206000000004941660328161167
02003031606162000101713000000005181840334175159
02003031606162000104719000000005631940369186183
02003031606171996106265000000005151600355172183
02003031606171998104129000000005521840368180188
02003031606171999105145000000005341800354175179
02003031606181999101070000000005111590352172180
02003031606182000106072000000004781570321158163
02003031606182000109158000000003801280252125127
02003031606191998102631000000005211760345170175
02003031606192000105557000000005221780344173171
02003031606192000107516000000005191770342172170
02003031606201998105495000000004211410280137143
02003031606202000105938000000004521450307154153
02003031606211998102780000000005381830355175180
02003031606211998104172000000005611870374184190
02003031606212000105028000000005401780362177185
02003031606222000100619000000004121220290134156
02003031606242000100073000000005861940392197195
02003031606242000101435000000004141370277138139
02003031606242000102777000000005521860366178188
02003031606242000107235000000005251770348176172
02003031606251996104207000000004131370276138138
02003031606251998101443000000000000000000000000
02003031606252000100125000000005041730331172159
02003031606252000102605000000004751560319159160
02003031606252000104236000000004231420281143138
02003031606262000100348000000005011710330160170
02003031606262000103800000000004921640328160168
02003031606262000104719000000005141740340171169
02003031606271998102631000000004431510292149143
02003031606272000102590000000004490000000000156
02003031606281998101314000000005351890346174172
02003031606281998104129000000005231700353179174
02003031606281999101070000000005121700342173169
02003031606281999102381000000005101680342169173
02003031606281999105145000000005311850346177169
02003031606281999106772000000004871750312157155
02003031606281999110016000000005071670340173167
02003031606292000106237000000005391770362181181
02003031606301996104945000000005461740372186186
02003031606302000105557000000004911680323165158
02003031606302000107516000000004911680323165158
02003031606311999102588000000004971700327166161
02003031606311999103619000000005060000000000181
02003031606311999103821000000006232220401203198
02003031606322000102777000000004871640323163160
02003031606331998102780000000004951670328159169
02003031606332000101489000000005992100389197192
02003031606332000101663000000005261710355175180
02003031606332000105028000000004591520307153154
02003031606352000100073000000005071700337167170
02003031606352000100125000000004981700328170158
02003031606352000102605000000004441420302150152
02003031606362000100348000000004981690329163166
02003031606362000103800000000005031740329164165
02003031606362000110034000000006202300390202188
02003031606362000110243000000004821620320164156
02003031606371998101314000000005191760343176167
02003031606372000105364000000005421830359182177
02003031606381999102381000000003641190245119126
02003031606381999103821000000005641940370180190
02003031606381999110016000000004461460300148152
02003031606382000103858000000005591960363184179
02003031606382000106237000000004521540298148150
02003031606391996104945000000005001710329166163
02003031606391998110040000000004371560281142139
02003031606401997101073000000005461860360183177
02003031606401998104129000000005121660346170176
02003031606401999102560000000005641990365186179
02003031606401999105145000000005391820357178179
02003031606401999105377000000005141780336171165
02003031606402000106768000000005832060377189188
02003031606422000109249000000004911600331164167
02003031606431998106017000000005691890380185195
02003031606431999103619000000005051680337170167
02003031606441999106814000000005781930385190195
02003031607021998103351000000000001610000162000
02003031607031996110150000000007662500516275241
02003031607031997100593000000004391420297000000
02003031607031997103738000000005181740344175169
02003031607031997103770000000004531530300149151
02003031607031997106672000000005461830363181182
02003031607031997110223000000005331670366178188
02003031607031998100988000000005711920379189190
02003031607031998101766000000004881680320157163
02003031607031998106528000000005451860359184175
02003031607031998106615000000005351820353177176
02003031607031998110080000000005411750366185181
02003031607031999100723000000005031700333166167
02003031607031999106165000000005381760362174188
02003031607031999106757000000004821530329154175
02003031607031999110083000000005631920371185186
02003031607032000100409000000005161730343172171
02003031607032000101559000000004701510319159160
02003031607032000102388000000005401730367183184
02003031607032000103126000000004651660299150149
02003031607032000103254000000005361730363171192
02003031607032000104109000000006112080403208195
02003031607032000104139000000005231750348178170
02003031607032000104220000000004691580311152159
02003031607032000105332000000004841600324160164
02003031607032000105550000000004801500330156174
02003031607032000106667000000004931630330164166
02003031607032000107284000000005071750332172160
02003031607032000110195000000005511760375180195
02003031607041997102871000000005852010384188196
02003031607041997106359000000005752060369186183
02003031607041998103586000000004451480297147150
02003031607041999102282000000004861610325165160
02003031607041999102913000000005041740330164166
02003031607041999103141000000005281690359178181
02003031607041999104121000000004881580330159171
02003031607041999105378000000005772080369186183
02003031607041999110237000000005511860365186179
02003031607042000100038000000005101730337167170
02003031607042000100315000000005701960374193181
02003031607042000100956000000005261780348176172
02003031607042000101209000000004461570289149140
02003031607042000104423000000006202170403201202
02003031607042000105040000000006352260409205204
02003031607042000105999000000005511930358180178
02003031607051997106849000000004991580341164177
02003031607051998106565000000005041660338165173
02003031607051999110054000000005691890380188192
02003031607052000100961000000005361810355173182
02003031607052000102453000000005421800362185177
02003031607052000104988000000005361760360174186
02003031607052000106725000000005291780351175176
02003031607052000107087000000005221790343169174
02003031607052000107437000000005571910366184182
02003031607061998100245000000005091790330165165
02003031607061998103480000000005641950369183186
02003031607061998104779000000000000000410207203
02003031607061998104872000000005281810347174173
02003031607061999100613000000004581610297153144
02003031607062000100940000000004491520297148149
02003031607062000103549000000005481880360185175
02003031607062000104182000000005431790364183181
02003031607062000105044000000005701970373187186
02003031607062000105640000000004491530296147149
02003031607062000105654000000005651850380187193
02003031607062000106042000000005692030366185181
02003031607062000106763000000005381810357183174
02003031607071997106672000000004381530285145140
02003031607071999105261000000004821550327163164
02003031607072000101380000000005751990376191185
02003031607072000101664000000005401950345180165
02003031607072000102582000000004971590338164174
02003031607072000102683000000005591880371184187
02003031607072000104382000000005001750325164161
02003031607072000104427000000005521840368184184
02003031607072000104778000000005792080371192179
02003031607072000105169000000005031640339167172
02003031607072000105543000000005161780338172166
02003031607072000107547000000005021660336164172
02003031607072000110137000000004921610331164167
02003031607081999110170000000005341940340177163
02003031607081999110191000000005641940370188182
02003031607082000100279000000005271810346176170
02003031607082000100953000000005061640342172170
02003031607082000105869000000005141650349168181
02003031607082000106979000000005321860346172174
02003031607082000107054000000005051510354170184
02003031607091996110350000000005471920355180175
02003031607091999100614000000005101670343163180
02003031607091999104789000000000001830000180000
02003031607091999106831000000005621970365189176
02003031607092000101211000000005521810371184187
02003031607092000101403000000005611930368185183
02003031607092000103208000000005531910362179183
02003031607092000106154000000005641900374187187
02003031607092000110123000000005641920372184188
02003031607102000109416000000005231700353177176
02003031607102000109434000000005631890374185189
02003031607111996110340000000005910000000000203
02003031607111999100879000000005281690359182177
02003031607112000103335000000005201700350177173
02003031607112000105332000000004041350269133136
02003031607112000107221000000005181680350176174
02003031607112000107284000000004591480311159152
02003031607112000107655000000005211710350168182
02003031607121995108873000000006372190418209209
02003031607121998106528000000004071380269135134
02003031607121999107353000000005461840362183179
02003031607122000104120000000004631520311150161
02003031607122000104220000000004531570296149147
02003031607122000106709000000004930000000000168
02003031607122000107332000000005011760325160165
02003031607122000107343000000005001740326163163
02003031607122000110207000000005231770346172174
02003031607131996105954000000005341870347174173
02003031607131997102871000000005271830344169175
02003031607131998102865000000005331820351177174
02003031607132000103792000000005621900372186186
02003031607132000106657000000005231870336174162
02003031607132000200023000000005231860337175162
02003031607141997103738000000003981300268132136
02003031607141997110223000000003961330263129134
02003031607141998101485000000006122150397203194
02003031607141998106615000000000000000313160153
02003031607141999100723000000004011400261133128
02003031607141999105378000000005481950353182171
02003031607141999107490000000006652540411223188
02003031607141999110206000000005521870365193172
02003031607142000100038000000005011710330168162
02003031607142000100409000000004961720324164160
02003031607142000101319000000005091820327168159
02003031607142000103126000000004831600323160163
02003031607142000104109000000005651910374190184
02003031607142000104139000000004901760314161153
02003031607142000104423000000005551970358178180
02003031607142000105040000000005521950357180177
02003031607142000110256000000005081840324168156
02003031607151996110056000000004991710328167161
02003031607151997101068000000005271850342000000
02003031607151997103770000000004051390266135131
02003031607151997106359000000005200000000000167
02003031607151997106849000000004691480321159162
02003031607151998102000000000005121760336171165
02003031607151998103586000000003841250259126133
02003031607151998106565000000004481470301154147
02003031607151998110166000000004561480308151157
02003031607151999102913000000004351510284146138
02003031607151999103141000000003901330257128129
02003031607151999104121000000004081340274137137
02003031607151999105379000000004141470267133134
02003031607151999110237000000004991680331167164
02003031607152000101628000000003961350261132129
02003031607152000104988000000004851600325157168
02003031607152000105311000000005261970329164165
02003031607152000105654000000004491530296149147
02003031607152000105999000000005131770336173163
02003031607152000106725000000004821590323164159
02003031607152000107087000000004831590324157167
02003031607152000107437000000004891730316158158
02003031607161998104872000000005181740344174170
02003031607161999102471000000004181440274131143
02003031607162000100193000000005731790394208186
02003031607162000100940000000004271420285143142
02003031607162000101045000000005361780358173185
02003031607162000101209000000003971380259131128
02003031607162000101664000000004891640325163162
02003031607162000102652000000005661790387191196
02003031607162000103549000000004781570321161160
02003031607162000103970000000005431750368182186
02003031607162000104182000000004791590320161159
02003031607162000104653000000004751640311158153
02003031607162000104802000000004251470278138140
02003031607162000105640000000004281420286143143
02003031607171997100593000000003771260251123128
02003031607171997110011000000000001550000160000
02003031607171998100955000000004721550317153164
02003031607171998103480000000004451590286149137
02003031607171998104779000000004311460285141144
02003031607171999101142000000005241800344170174
02003031607171999104398000000004241430281138143
02003031607172000104382000000004241480276140136
02003031607172000107547000000004931690324163161
02003031607182000102151000000005531890364183181
02003031607182000102582000000004661510315150165
02003031607182000104778000000005671990368189179
02003031607182000107054000000004511470304150154
02003031607182000107102000000005501900360182178
02003031607182000110260000000005481860362184178
02003031607191998100037000000000000000304155149
02003031607191998101711000000005792010378189189
02003031607191999102282000000004331520281142139
02003031607192000100267000000004461530293147146
02003031607192000100961000000004901610329158171
02003031607192000101403000000004351430292149143
02003031607192000106154000000004151350280139141
02003031607192000110123000000004351420293150143
02003031607202000106414000000004921610331163168
02003031607202000109416000000004831590324168156
02003031607211995108873000000005271800347174173
02003031607211996110340000000005221710351178173
02003031607211999106847000000004791600319153166
02003031607212000102117000000005521800372186186
02003031607212000105865000000005201780342170172
02003031607212000107343000000004591590300150150
02003031607221997102871000000005151700345169176
02003031607221999105261000000004411390302149153
02003031607221999107490000000003691210248120128
02003031607222000101208000000005101730337165172
02003031607222000101380000000004281430285139146
02003031607222000101979000000004391560283140143
02003031607222000102683000000004211500271139132
02003031607222000103335000000004411560285144141
02003031607222000106657000000004861740312157155
02003031607222000107221000000004411560285143142
02003031607222000109434000000004911670324158166
02003031607222000200023000000004851730312156156
02003031607231998102865000000004951720323166157
02003031607231999101718000000005691860383189194
02003031607231999104850000000000000000354178176
02003031607232000104109000000005431840359184175
02003031607232000104423000000005091750334169165
02003031607232000105040000000004291810248127121
02003031607241999110206000000004221420280135145
02003031607242000103792000000005121770335173162
02003031607242000110256000000005101760334173161
02003031607251996110056000000000000000000000181
02003031607251997106359000000004880000000000167
02003031607251998106615000000004681570311158153
02003031607252000104617000000006382190419213206
02003031607261998100955000000004951590336163173
02003031607261998103994000000005561920364182182
02003031607262000102652000000005131740339166173
02003031607262000103970000000005011650336163173
02003031607262000104653000000003921310261128133
02003031607262000107366000000005621910371187184
02003031607262000110093000000005141730341170171
02003031607272000101357000000005021630339165174
02003031607272000101517000000004871630324162162
02003031607281998104779000000003730000000000123
02003031607282000105543000000004441490295151144
02003031607291995108873000000004151470268137131
02003031607292000101514000000005261750351173178
02003031607292000103054000000005642080356178178
02003031607292000104307000000006392090430211219
02003031607301998100037000000000000000000126000
02003031607301998101027000000005191720347177170
02003031607302000100267000000004231460277141136
02003031607302000101344000000005711950376185191
02003031607311996110340000000004091360273000000
02003031607312000101007000000005201820338176162
02003031607321999105305000000000001960000191000
02003031607322000100271000000006282140414208206
02003031607322000100494000000005952040391200191
02003031607322000102820000000005291830346171175
02003031607322000102968000000005621860376192184
02003031607322000104802000000003791320247125122
02003031607322000106221000000005331810352179173
02003031607331997100151000000004891760313161152
02003031607331999101142000000005711970374190184
02003031607331999104398000000004161510265137128
02003031607332000101208000000004101340276139137
02003031607332000101979000000004101340276139137
02003031607332000102603000000004741660308153155
02003031607341998104727000000005431980345176169
02003031607341998105845000000004611540307152155
02003031607342000105426000000005872030384197187
02003031607342000107342000000004961730323158165
02003031607351998100284000000005121640348168180
02003031607351999100881000000003991320267131136
02003031607361996105112000000005051570348168180
02003031607361998103994000000003851260259124135
02003031607371999101104000000004921560336163173
02003031607381997106580000000000001880000184000
02003031607381999106847000000003741280246122124
02003031607382000102117000000004301350295143152
02003031607382000105865000000004291350294143151
02003031607391998105032000000005251740351171180
02003031607391999105945000000004881720316162154
02003031607392000101373000000005261770349174175
02003031607392000101712000000005341730361183178
02003031607392000103157000000000000000353173180
02003031607401998101027000000004431490294149145
02003031607401998105995000000004791520327160167
02003031607402000101007000000005021750327172155
02003031607402000105165000000005061710335162173
02003031607412000101344000000005411830358173185
02003031607412000101514000000005011700331165166
02003031607412000103054000000005031730330166164
02003031607421996107477000000000001960000000000
02003031607421998104636000000000000000254126128
02003031607421998105921000000005811970384193191
02003031607422000101440000000004911730318160158
02003031607441995106936000000004471510296142154
02003031607442000105426000000004531560297150147
02003031607442000107342000000004521600292143149
02003031607451998100284000000004571510306149157
02003031607451998105845000000003821260256126130
02003031607452000101968000000004471550292147145
02003031607461999103000000000004391450294150144
02003031607472000100271000000005341910343173170
02003031607472000101646000000004961630333165168
02003031607472000102125000000005111770334168166
02003031607472000106898000000005021620340170170
02003031607482000101712000000004931600333163170
02003031607491997106580000000000001600000155000
02003031607491998101590000000000000000306159147
02003031607491999101171000000005191730346175171
02003031607492000101373000000000001730000164000
02003031607492000101941000000005521810371179192
02003031607492000105041000000000000000000000000
02003031607501998104079000000005101880322168154
02003031607511998105995000000004371460291144147
02003031607512000105165000000004371460291144147
02003031607512000107046000000004111420269133136
02003031607522000106716000000004671520315154161
02003031607531996107477000000000000000359183176
02003031607531998105921000000005451820363185178
02003031607551998107067000000005561870369189180
02003031607561999103000000000003751250250123127
02003031607562000101968000000004351440291143148
02003031607562000104546000000000001670000000000
02003031607572000101646000000004881610327162165
02003031607572000102125000000005011760325168157
02003031607572000106898000000004961730323168155
02003031607582000110165000000005571880369182187
02003031607591998101397000000005231780345173172
02003031607592000101232000000005652080357187170
02003031608001998104079000000003921360256129127
02003031608001999103793000000005391840355177178
02003031608012000106716000000005271740353178175
02003031608021996107477000000000000000318157161
02003031608022000100575000000005481970351177174
02003031608032000102266000000006482210427209218
02003031608032000102536000000006162060410205205
02003031608032000107046000000003721270245119126
02003031608062000100703000000005081740334167167
02003031608072000105567000000005171860331169162
02003031608072000106113000000004761560320159161
02003031608072000109454000000004771630314158156
02003031608081998107067000000005121690343175168
02003031608081998107109000000004731470326153173
02003031608082000101232000000005251860339173166
02003031608091997104142000000004791550324161163
02003031608091998101397000000005011730328165163
02003031608091999102562000000004781640314154160
02003031608092000101983000000005610000000000186
02003031608092000102529000000005291840345173172
02003031608092000110165000000005281700358169189
02003031608101998101626000000005341760358176182
02003031608101999106109000000005851910394193201
02003031608102000101407000000005431890354173181
02003031608102000101570000000005791980381191190
02003031608111999101347000000005821880394195199
02003031608111999101759000000005882010387192195
02003031608111999106301000000005411810360177183
02003031608112000101792000000005221800342170172
02003031608112000103248000000007292380491241250
02003031608122000100575000000004091380271137134
02003031608131998100436000000005131750338166172
02003031608132000100328000000006122110401196205
02003031608132000104928000000004281520276137139
02003031608132000107035000000004111440267132135
02003031608141998101793000000005051790326165161
02003031608142000102241000000006272290398205193
02003031608142000103283000000006272290398205193
02003031608162000109454000000004621550307151156
02003031608172000101785000000005531870366181185
02003031608172000102529000000005251750350174176
02003031608181998107109000000004771560321153168
02003031608182000103093000000004931640329166163
02003031608182000106500000000004931710322160162
02003031608192000106511000000005812010380199181
02003031608201999106109000000005311690362182180
02003031608202000101792000000004151410274137137
02003031608211998101626000000005181690349173176
02003031608211999100563000000004701590311158153
02003031608212000101407000000004991680331160171
02003031608221996107367000000006112050406208198
02003031608221999101759000000005171760341171170
02003031608221999104772000000005661910375196179
02003031608231999101347000000005541940360180180
02003031608232000100328000000004651600305151154
02003031608242000103248000000006282150413206207
02003031608252000109087000000004041390265135130
02003031608262000102241000000005311920339179160
02003031608262000103283000000005321930339179160
02003031608271998101569000000005211710350174176
02003031608281998100436000000005191670352177175
02003031608282000101785000000004761550321159162
02003031608282000104928000000004181420276140136
02003031608282000107035000000004061400266135131
02003031608301998100227000000004931610332164168
02003031608302000106500000000004961800316159157
02003031608311999100563000000004491500299149150
02003031608311999106109000000004021290273135138
02003031608321998101626000000004241390285144141
02003031608321999104772000000005491910358186172
02003031608322000101407000000004291480281139142
02003031608331996107367000000005541810373188185
02003031608341998100168000000004920000000000161
02003031608351997103521000000005301790351177174
02003031608351998110216000000005121680344173171
02003031608351999101759000000005381830355177178
02003031608352000102261000000005221780344173171
02003031608352000103904000000005401810359181178
02003031608352000104270000000005121620350171179
02003031608352000110230000000005872040383195188
02003031608361999101347000000005341890345173172
02003031608371999101115000000005451830362178184
02003031608372000101790000000006192110408203205
02003031608411999103927000000006041940410204206
02003031608412000104559000000005932130380199181
02003031608431996107367000000005261780348175173
02003031608431999104772000000004091350274134140
02003031608441998100168000000000000000309153156
02003031608451998110216000000003761280248124124
02003031608452000101790000000005481810367180187
02003031608452000102261000000003731300243121122
02003031608452000103904000000004561510305149156
02003031608452000104270000000003911330258132126
02003031608461998109326000000005391790360178182
02003031608461999100869000000005200000000000177
02003031608461999102587000000005411820359183176
02003031608461999109402000000005431850358181177
02003031608472000106442000000005201730347173174
02003031608472000110230000000004151410274134140
02003031608482000100836000000005501960354168186
02003031608521998102043000000005501860364181183
02003031608531999106849000000004891630326163163
02003031608541997102034000000005541910363182181
02003031608542000101790000000003881300258126132
02003031608551999102868000000005191750344173171
02003031608561995107777000000005151620353173180
02003031608582000100836000000005331810352167185
02003031608582000103496000000005281860342172170
02003031608582000103832000000005331950338171167
02003031608591998102043000000005921950397197200
02003031608591998105513000000005181720346168178
02003031608591999100869000000000001890000167000
02003031608591999102587000000003621240238117121
02003031608592000104723000000005181780340174166
02003031609001997106652000000005451870358184174
02003031609002000106442000000005301770353176177
02003031609002000109464000000005621910371185186
02003031609011997103431000000005141670347171176
02003031609011998103323000000005481830365182183
02003031609012000100938000000005141800334169165
02003031609012000107208000000005391870352178174
02003031609012000107471000000005111760335170165
02003031609022000100967000000004571530304152152
02003031609022000103718000000004551530302152150
02003031609031995107777000000004881600328161167
02003031609041999102868000000004401470293139154
02003031609052000103519000000005251800345179166
02003031609061999110139000000006181990419208211
02003031609071999109439000000004871650322160162
02003031609072000103832000000005211820339172167
02003031609081996101484000000000000000374186188
02003031609082000100836000000005321840348172176
02003031609092000104723000000004461490297149148
02003031609101995107777000000005161670349181168
02003031609101997106652000000005491700379189190
02003031609101998105513000000005011660335166169
02003031609102000101089000000006912440447226221
02003031609102000109464000000005341870347179168
02003031609112000100967000000004421470295147148
02003031609112000103718000000004381440294148146
02003031609112000105136000000005722020370190180
02003031609112000107471000000000001730000173000
02003031609121998103323000000004351430292145147
02003031609122000100938000000005111720339174165
02003031609142000110103000000005611970364182182
02003031609202000105136000000006832370446227219
02003031609381996107222000000004961680328164164
02003031609381999100118000000005011660335166169
02003031609382000100123000000005161670349174175
02003031609382000101819000000005641840380193187
02003031609382000103525000000005171800337168169
02003031609382000105054000000005361800356181175
02003031609382000109167000000005561890367184183
02003031609382000109460000000006552220433217216
02003031609391997100733000000005441840360179181
02003031609391999100714000000006532170436220216
02003031609391999102256000000005111660345170175
02003031609392000101294000000005922040388200188
02003031609392000103531000000006772380439227212
02003031609392000103747000000005621910371187184
02003031609401997110267000000005702040366188178
02003031609401998105857000000004861660320160160
02003031609402000101985000000004971730324168156
02003031609402000102472000000004881730315159156
02003031609402000103574000000004341430291142149
02003031609402000105421000000000001740000169000
02003031609402000110155000000004671520315000000
02003031609411997103620000000004081410267132135
02003031609411998101445000000005301640366181185
02003031609411998102595000000005460000000000182
02003031609411999103777000000004531510302145157
02003031609421998102949000000004811670314161153
02003031609421998103145000000000001950000189000
02003031609421998106220000000004921690323156167
02003031609422000101201000000006372230414214200
02003031609422000101411000000005451790366187179
02003031609422000105848000000000000000000000000
02003031609422000107226000000005511840367185182
02003031609422000110047000000006362230413214199
02003031609422000110164000000004871700317158159
02003031609431997102981000000005221880334166168
02003031609431998104728000000005561790377192185
02003031609431999105517000000005912000391196195
02003031609432000101088000000005231770346174172
02003031609461996104909000000005121680344172172
02003031609461999101413000000005041740330173157
02003031609462000102369000000005111760335171164
02003031609471999100997000000004941710323165158
02003031609482000103525000000004631620301148153
02003031609491997100733000000004921700322161161
02003031609491999100118000000004971560341165176
02003031609491999101517000000005561890367185182
02003031609492000100123000000004321420290146144
02003031609492000105054000000004421510291147144
02003031609501996107222000000000000000000000155
02003031609501998105857000000004031360267135132
02003031609502000101985000000004011370264130134
02003031609502000105421000000004031390264130134
02003031609511998102949000000005011850316174142
02003031609511998104584000000005281730355177178
02003031609511999106477000000005261760350170180
02003031609512000105551000000005441940350177173
02003031609512000106105000000005321820350176174
02003031609512000107613000000005771790398206192
02003031609521998101445000000005051700335176159
02003031609521998102595000000005101720338171167
02003031609521998103145000000005451820363178185
02003031609521998106220000000005241780346175171
02003031609522000101411000000005101720338172166
02003031609522000103531000000005781980380188192
02003031609522000107226000000005141750339171168
02003031609531998104728000000005451860359178181
02003031609531999105517000000005661790387185202
02003031609532000101201000000005291810348178170
02003031609532000110047000000005291810348178170
02003031609561996104909000000004801590321159162
02003031609561997103620000000003891330256130126
02003031609561999100997000000004881620326167159
02003031609562000110155000000000000000000000000
02003031609572000110164000000003851380247122125
02003031609581997102981000000003651190246117129
02003031609581997110157000000005091770332166166
02003031609581998102076000000004821680314160154
02003031609591997100733000000004211520269139130
02003031609591999101517000000005521870365184181
02003031610002000102366000000004561530303154149
02003031610002000106298000000004561540302154148
02003031610012000107613000000005481790369185184
02003031610021998103145000000005131750338169169
02003031610031998101445000000004261410285137148
02003031610031998102595000000004081440264000000
02003031610031998104728000000004901660324162162
02003031610042000101201000000004211460275138137
02003031610042000110047000000004211460275137138
02003031610061998101985000000005081690339169170
02003031610062000101460000000005481920356187169
02003031610062000101796000000005581840374193181
02003031610081999106046000000005091770332169163
02003031610081999106841000000004831590324164160
02003031610091998102076000000004631540309155154
02003031610092000103336000000004621490313155158
02003031610092000105949000000004971630334165169
02003031610102000102366000000004211420279139140
02003031610102000106298000000004221420280139141
02003031610111997110157000000004911710320157163
02003031610131996110064000000004821600322161161
02003031610131998106637000000004631550308155153
02003031610132000100513000000004991630336167169
02003031610141998107188000000005381850353182171
02003031610161998101985000000004341450289143146
02003031610172000101460000000005521950357180177
02003031610172000101796000000005661860380186194
02003031610202000103336000000004901690321164157
02003031610202000105179000000004271460281145136
02003031610212000105949000000004921700322162160
02003031610241999103723000000005271740353175178
02003031610251999100646000000004761600316160156
02003031610251999100695000000005291770352173179
02003031610252000101565000000005391840355179176
02003031610271997103952000000005281790349172177
02003031610271998107188000000004751610314158156
02003031610271999103725000000004831610322000000
02003031610341999100646000000004961680328165163
02003031610341999100695000000005031710332165167
02003031610342000101565000000005121780334170164
02003031610381997106374000000004991720327160167
02003031610401998105274000000004430000000000149
02003031610401999100807000000005762080368184184
02003031610411997103201000000004421510291144147
02003031610411997103952000000004791610318159159
02003031610421996107405000000005171700347175172
02003031610422000107339000000004151360279138141
02003031610431999100646000000004761660310000000
02003031610431999100695000000004771620315157158
02003031610431999110008000000003881340254124130
02003031610432000101565000000004821700312162150
02003031610441998101604000000004841590325162163
02003031610441999103712000000004891550334000000
02003031610471997106374000000004571580299149150
02003031610481998100512000000004931730320166154
02003031610511998105274000000004401510289149140
02003031610521999100807000000005451960349175174
02003031610551997103201000000004341490285145140
02003031610561999110008000000004021440258130128
02003031610562000107339000000004011430258129129
02003031610571998100512000000003951350260132128
02003031611031999100807000000004351480287142145
