02013103005592008103159062115704641520312152160
02013103005592009100090052814403841320252128124
02013103005592010102816056514504201440276140136
02013103005592010104918052614303831320251124127
02013103005592010105789053614403921320260127133
02013103005592011100573054715203951340261130131
02013103005592011101743054715303941340260129131
02013103005592011102613054715303941340260130130
02013103005592011103650053714503921340258127131
02013103005592011103763052014303771310246125121
02013103005592011105716053514803871360251125126
02013103005592011106335053314703861350251124127
02013103006002006109255073719505421780364185179
02013103006002007103917073618805481850363184179
02013103006002008106388071317705361750361175186
02013103006002010101182070318205211740347173174
02013103006002010101329072418905351810354178176
02013103006002010106343071117405371720365174191
02013103006002010106531075819705611880373185188
02013103006002011100198071817405441800364181183
02013103006002011102029070817505331710362174188
02013103006002011102580071217605361780358179179
02013103006002011102822071317505381790359179180
02013103006002011103565074618605601810379194185
02013103006002011104136077019705731860387195192
02013103006002011104208074918505641880376185191
02013103006002011104730071619105251780347177170
02013103006002011106023071017405361720364178186
02013103006002011106134068818305051770328166162
02013103006002011106423071818005381740364180184
02013103006012009103890071318205311790352176176
02013103006012009104485074618605601870373189184
02013103006012009105757068417105131670346174172
02013103006012010102497077622505512000351190161
02013103006012010103286070118605151750340174166
02013103006012010104258068917105181670351174177
02013103006012010104349067718004971660331168163
02013103006012010105439074418905551910364185179
02013103006012011100179071218705251740351182169
02013103006012011100813070718605211710350173177
02013103006012011101526070819505131780335176159
02013103006012011102014073419305411850356178178
02013103006012011102304075419205621870375189186
02013103006012011102945067616705091660343167176
02013103006012011104417068817205161650351175176
02013103006012011104597074318705561890367185182
02013103006012011105557074518705581840374183191
02013103006012011105642073918505541850369182187
02013103006012011106338073018005501790371189182
02013103006022008100088072018505351770358185173
02013103006022008100114067416605081660342173169
02013103006022009106185073618205541850369180189
02013103006022010104164074818105671870380188192
02013103006022010109120072618205441810363185178
02013103006022011100470070217905231730350178172
02013103006022011104166075818905691880381189192
02013103006022011104486074319305501740376182194
02013103006022011105271070417805261740352176176
02013103006022011106146071917105481760372185187
02013103006022011106399075618905671870380189191
02013103006022011109035070517805271760351175176
02013103006032008100544071417405401780362180182
02013103006032008102865067817105071690338171167
02013103006032008104268072519505301830347177170
02013103006032008105124072619305331860347175172
02013103006032009102513070317905241760348178170
02013103006032009105726073318305501820368184184
02013103006032010100768078420205821980384197187
02013103006032010102412070718005271750352175177
02013103006032010103656069518405111620349172177
02013103006032010104789071517005451770368183185
02013103006032010106414073217705551830372187185
02013103006032011100946069918305161790337171166
02013103006032011101569069718105161770339179160
02013103006032011104296069818205161750341176165
02013103006032011104343071217705351730362181181
02013103006032011104634071717705401740366181185
02013103006032011104790073618305531840369183186
02013103006032011104800102727107562590497243254
02013103006032011104882072217205501710379190189
02013103006032011105178073219605361840352178174
02013103006032011105390073319605371850352177175
02013103006032011105956070717905281770351176175
02013103006032011106036072919305361860350177173
02013103006032011109143068917505141640350174176
02013103006042007101163074017505651830382194188
02013103006042007104972077719605811860395196199
02013103006042008101165072517105541750379190189
02013103006042009102554074618105651880377191186
02013103006042009104771076718505821850397194203
02013103006042010105413068217605061690337176161
02013103006042011101136068517405111680343173170
02013103006042011102771072818305451810364184180
02013103006042011102926077620005761860390196194
02013103006042011103251075317905741880386201185
02013103006042011103504069317705161780338171167
02013103006042011105266078520405811900391197194
02013103006042011105980070417105331690364181183
02013103006042011109118071317405391700369176193
02013103006042011109228072318305401800360181179
02013103006042011109229071018105291800349178171
02013103006052011100102071917405451800365187178
02013103006052011100287071017605341790355177178
02013103006052011100462071217405381760362186176
02013103006052011100883072618605401820358181177
02013103006052011102343071017805321790353173180
02013103006052011103720072317705461760370184186
02013103006052011104461069917205271800347176171
02013103006052011105939074118205591830376188188
02013103006052011106123071418105331790354180174
02013103006052011106124070117905221740348171177
02013103006062009110051077419705771930384194190
02013103006062010105329074219005521850367188179
02013103006072007102929066016704931730320160160
02013103006072009102441066517104941710323167156
02013103006072010104114068717405131780335175160
02013103006072011100773070717405331750358177181
02013103006072011102363070817705311780353177176
02013103006072011103497070518105241780346177169
02013103006072011103801068017505051800325167158
02013103006072011103936070217705251810344176168
02013103006072011104159070818105271760351182169
02013103006072011104198066617104951720323164159
02013103006072011105184053714903881340254124130
02013103006072011106139069017305171790338174164
02013103006072011106140068217005121660346172174
02013103006072011106147070017305271730354181173
02013103006072011106504070517305321790353179174
02013103006072011109130054315003931350258126132
02013103006072011110001066517104941750319160159
02013103006082009102385068217205101680342169173
02013103006082009106227069416605281710357183174
02013103006082011100492054514703981390259131128
02013103006082011101149069717205251750350175175
02013103006082011101907072318505381780360176184
02013103006082011109056053814703911370254127127
02013103006092009106746067416905051620343166177
02013103006092010101037068417605081710337164173
02013103006092010103651058714904381470291148143
02013103006092010103713052813703911260265129136
02013103006092011101738051713203851290256126130
02013103006092011101747052613603901290261130131
02013103006092011103162051813203861260260131129
02013103006092011103861069216805241690355185170
02013103006092011104203052213603861280258127131
02013103006092011104704052013403861270259127132
02013103006092011105950051513103841290255124131
02013103006092011106185068416705171600357177180
02013103006102009104562066917504941610333166167
02013103006102009105961055614304131430270133137
02013103006102009106339055014804021400262129133
02013103006102010102023054814704011390262130132
02013103006102011103876055114304081390269135134
02013103006102011104295054914204071390268134134
02013103006112009100906070018705131720341170171
02013103006112009102873065917604831580325158167
02013103006112010101017069716105361710365185180
02013103006112010101787055214404081400268136132
02013103006112010102079070817105371770360182178
02013103006112010104929054414304011340267133134
02013103006112010106157055214504071400267135132
02013103006112011100853070317305301730357179178
02013103006112011100870056615504111470264133131
02013103006112011101774071918005391780361181180
02013103006112011101943066217604861640322160162
02013103006112011102104082721006172030414205209
02013103006112011102301070317305301700360176184
02013103006112011102694069717005271730354174180
02013103006112011103457054714404031360267131136
02013103006112011103915073519605391810358183175
02013103006112011104282071818005381760362182180
02013103006112011104372070217605261760350169181
02013103006112011106614069916705321640368189179
02013103006122006109255055015603941370257129128
02013103006122007103917066117504861700316160156
02013103006122009110110067717405031720331162169
02013103006122010101182052614203841300254126128
02013103006122010101329052414103831290254127127
02013103006122010101427058618703991480251131120
02013103006122011100332054114803931360257128129
02013103006122011100902072618405421790363185178
02013103006122011102634070817805301770353179174
02013103006122011103723067017804921650327169158
02013103006122011103802054614803981370261128133
02013103006122011103928075419405601900370185185
02013103006122011104142058318603971400257130127
02013103006122011104472071218005321780354181173
02013103006122011104730054415103931380255127128
02013103006122011106460071817905391810358185173
02013103006122011106508070817905291750354178176
02013103006132006102822079620505911980393201192
02013103006132007106048055015403961390257127130
02013103006132009101347055316603871360251123128
02013103006132009101920055014404061380268134134
02013103006132009105757051813303851250260126134
02013103006132010101002053915003891410248122126
02013103006132010104258052213303891270262128134
02013103006132010106531055515903961420254128126
02013103006132011100198057115804131450268133135
02013103006132011101640057214304291410288147141
02013103006132011104136066017604841600324163161
02013103006132011104208054816503831310252123129
02013103006132011104638056114304181410277138139
02013103006132011105782054414703971320265132133
02013103006132011106423053013803921300262130132
02013103006142008103020078719105961970399200199
02013103006142009103890054115003911350256129127
02013103006142010106343053914303961360260127133
02013103006142010106449070918105281720356180176
02013103006142011100834053714203951300265130135
02013103006142011102006055915204071420265129136
02013103006142011102029055214504071380269132137
02013103006142011102249068017805021700332162170
02013103006142011102567055315204011430258131127
02013103006142011102580055813704211290292138154
02013103006142011102822052713503921300262128134
02013103006142011105674066717404931640329161168
02013103006142011106023055514604091380271132139
02013103006152006106319062115904621510311155156
02013103006152008100375055115004011420259130129
02013103006152009106224055115004011400261132129
02013103006152009110021055514404111330278132146
02013103006152010101155053113803931280265131134
02013103006152010105212069117105201680352170182
02013103006152010105714053614503911390252127125
02013103006152010109120053114403871320255126129
02013103006152011100179064117104701620308160148
02013103006152011100530068317505081630345172173
02013103006152011101171058615804281490279140139
02013103006152011102806068917405151670348173175
02013103006152011103136069017005201680352171181
02013103006152011103343054115203891360253128125
02013103006152011103356053815103871350252125127
02013103006152011104290068417305111640347174173
02013103006152011104343053514603891310258126132
02013103006152011105235054815603921370255130125
02013103006152011105635055815504031460257132125
02013103006152011105642055914704121390273138135
02013103006152011106410058216404181460272137135
02013103006162008106388053314803851330252127125
02013103006162009100292055615104051420263135128
02013103006162009102309053714903881340254128126
02013103006162009103322055215004021400262133129
02013103006162010100768056314704161450271135136
02013103006162011100813053113503961300266130136
02013103006162011101526053613604001330267133134
02013103006162011103565066616305031640339169170
02013103006162011104634055115703941330261129132
02013103006162011104790056214704151440271135136
02013103006162011104882054215303891310258128130
02013103006162011106598060315904441440300144156
02013103006172006101287052414403801310249125124
02013103006172009103716083421106232020421213208
02013103006172009106317054914304061330273136137
02013103006172010103286070417905251780347179168
02013103006172010105670055115403971370260129131
02013103006172011101754069617805181650353173180
02013103006182008102865055415404001400260133127
02013103006182008105124054514703981430255131124
02013103006182009105726052914103881320256125131
02013103006182009106603081520606092090400202198
02013103006182010105061065717404831640319160159
02013103006182011100470055215204001440256130126
02013103006182011100946058415304311450286145141
02013103006182011101569055114604051340271134137
02013103006182011101748066816904991630336168168
02013103006182011102945054615003961380258131127
02013103006182011103281071718905281800348177171
02013103006182011104416071018605241800344171173
02013103006182011105178055314704061350271134137
02013103006182011105390055014904011420259133126
02013103006182011106036054914704021340268133135
02013103006192008104268067318904841670317156161
02013103006192009102513068216905131710342170172
02013103006192009105411054814804001390261132129
02013103006192009106217058915504341460288142146
02013103006192010101619056014804121360276142134
02013103006192011100319055114004111440267138129
02013103006192011104800094525906862360450227223
02013103006202007104972053714103961310265128137
02013103006202008100544052314103821310251124127
02013103006202009102554052914603831300253125128
02013103006202009104771053914603931330260127133
02013103006202011102726055015103991390260129131
02013103006202011103737055515104041420262132130
02013103006202011103777055015103991390260132128
02013103006202011104104053514803871350252128124
02013103006202011106142055015203981390259000000
02013103006212008104255054113404071340273138135
02013103006212010103203054013404061350271136135
02013103006212011100102067516505101700340171169
02013103006212011100287055415004041300274133141
02013103006212011100462055314104121390273136137
02013103006212011100883057114904221480274143131
02013103006212011102343055114104101370273137136
02013103006212011102926063916504741580316157159
02013103006212011103504055414904051310274133141
02013103006212011104461055014704031300273132141
02013103006212011104803056014504151470268137131
02013103006212011105266068217305091730336167169
02013103006212011105939057215004221470275142133
02013103006222007101791054615103951330262129133
02013103006222009102642053114603851320253127126
02013103006222011100773059115104401490291150141
02013103006222011101053069918005191760343170173
02013103006222011105503069417105231720351173178
02013103006222011106123053914203971340263129134
02013103006222011106124054714104061360270130140
02013103006222011106140055415004041390265132133
02013103006222011106147055714804091440265135130
02013103006232007104812054215203901350255130125
02013103006232009100330073917705621840378189189
02013103006232009102678054014103991360263135128
02013103006232009105993054014603941370257132125
02013103006232009106746053714103961370259129130
02013103006232010102273072118305381750363181182
02013103006232010102404054415003941380256129127
02013103006232011101891054514004051330272131141
02013103006242007103667055115203991360263133130
02013103006242010101017058016404161490267133134
02013103006242010102079054715403931370256129127
02013103006242011101004063217904531520301152149
02013103006242011102694054715403931360257129128
02013103006242011102717054514903961340262131131
02013103006252006102822071717205451770368181187
02013103006252009105485053414203921230269126143
02013103006252011103928071917805411800361180181
02013103006252011105245052914203871240263124139
02013103006262008103020073818005581800378187191
02013103006262009100906054114703941300264131133
02013103006262009102873054714704001320268130138
02013103006262009105131054814304051440261133128
02013103006262009105870064515804871590328167161
02013103006262009110051054515003951340261129132
02013103006262011101502054514204031390264133131
02013103006262011101943054214603961330263130133
02013103006262011104119064715804891590330167163
02013103006262011105079063015704731530320157163
02013103006262011110093054115003911340257127130
02013103006272011100902067916805111650346174172
02013103006272011101774053214203901300260128132
02013103006272011103915052914203871290258127131
02013103006272011104282053813504031250278130148
02013103006272011104372054013704031250278130148
02013103006292008101165055714904081420266131135
02013103006292009103716080319706062030403205198
02013103006292010106449063715904781560322159163
02013103006292011101919063415804761600316157159
02013103006292011102797071018005301780352175177
02013103006292011104796064115204891610328164164
02013103006292011109004063415904751610314157157
02013103006312009106603077419905751920383191192
02013103006312011100530054314304001360264130134
02013103006312011103136053914203971340263129134
02013103006332011100347055214404081360272133139
02013103006332011104432055514604091350274135139
02013103006342011102156069117605151780337171166
02013103006342011103821061815304651520313158155
02013103006342011103991064615904871590328163165
02013103006342011105473063015804721560316155161
02013103006362006105899069618105151680347166181
02013103006362011103692057517404011400261131130
02013103006362011104249057117104001390261132129
02013103006372010102273069617405221690353176177
02013103006372011101053057015304171470270138132
02013103006372011105503056915204171490268137131
02013103006382008102262070618105251750350176174
02013103006382010105073068817005181720346170176
02013103006382011102824070617705291770352179173
02013103006382011102825070917305361740362183179
02013103006382011103377070817705311760355183172
02013103006382011103928070118005211750346174172
02013103006382011106522068917505141740340175165
02013103006392008102538072920005291760353175178
02013103006392010103927066916705021650337164173
02013103006392011103261073319905341950339167172
02013103006392011104138070417705271640363175188
02013103006392011106004073120005311850346170176
02013103006402009103643069817805201730347175172
02013103006402010102341068516105241780346180166
02013103006402010105719072117705441780366182184
02013103006402011100566055613804181350283137146
02013103006402011100949068016105191730346180166
02013103006402011102535074417805661860380196184
02013103006402011104158054413404101340276131145
02013103006402011105491069116205291710358180178
02013103006402011105981053013004001320268130138
02013103006402011106195076018605741890385193192
02013103006412006101222069517605191760343175168
02013103006412007106743069618405121740338173165
02013103006412010103195076320405591840375193182
02013103006412010106368069918105181790339170169
02013103006412010109237071017305371800357181176
02013103006412011100543059315004431490294148146
02013103006412011101318071717805391800359179180
02013103006412011109097071617105451810364183181
02013103006422010104409067617804981760322162160
02013103006422011100416075519505601850375190185
02013103006422011102124068116405171690348172176
02013103006422011102631064516704781600318159159
02013103006422011103349058915704321460286145141
02013103006432007104741065917604831610322163159
02013103006442011101778055014704031380265131134
02013103006442011103969056015004101400270137133
02013103006452009102231066417604881630325162163
02013103006452011100665054513804071320275133142
02013103006452011105638054513804071310276135141
02013103006462011103483069918205171840333169164
02013103006462011104523072118105401850355184171
02013103006472011102984056815104171440273140133
02013103006482006105899082724905782020376192184
02013103006502011101978073717905581810377190187
02013103006512007105629070218305191720347175172
02013103006512011100854058015504251440281139142
02013103006512011105834058015404261440282140142
02013103006522009105194054114703941300264129135
02013103006522010104907053513504001320268133135
02013103006522011102712055214004121350277137140
02013103006522011103116094124706942370457236221
02013103006522011104825055013904111350276136140
02013103006532008102262067317604971720325164161
02013103006532008105251055215303991360263129134
02013103006532010105073067716605111680343172171
02013103006532011104212055215204001370263129134
02013103006532011106522070217705251750350180170
02013103006542008102538070919405151820333168165
02013103006542010102341066317104921670325163162
02013103006542011100949067316605071660341177164
02013103006542011101399075318505681880380190190
02013103006542011102824069817505231810342175167
02013103006542011102825070117705241750349182167
02013103006542011103377070117905221800342176166
02013103006542011104611066016404961650331167164
02013103006542011105491068517105141650349172177
02013103006542011105687064715904881590329166163
02013103006542011105875070017505251810344172172
02013103006552009103643054614204041370267135132
02013103006552010101708065416804861650321161160
02013103006552010103195052713503921260266128138
02013103006552011101318053513903961330263127136
02013103006552011102535054313204111270284134150
02013103006552011104511069317805151730342173169
02013103006552011106195054613204141280286135151
02013103006562009105734052913903901290261126135
02013103006562011101677052813903891290260128132
02013103006562011102624055915304061390267134133
02013103006562011104313055615104051390266133133
02013103006572006101222056314604171360281139142
02013103006572007104741053914303961310265126139
02013103006572008102522082220706152100405205200
02013103006572010101971083120506262070419211208
02013103006572010101972082920206272070420222198
02013103006572010109237055715204051380267134133
02013103006572011100551082520306222020420206214
02013103006572011102631053913904001330267133134
02013103006572011103349053713803991340265133132
02013103006572011105873055615004061410265134131
02013103006572011106162082420206222010421206215
02013103006582009103004080819806101990411205206
02013103006582010110053079419705971930404202202
02013103006592008102525096324207212400481240241
02013103007002008104153054815203961380258128130
02013103007002009102606055315503981390259127132
02013103007002011106372071418505291790350171179
02013103007012010105203083021106192090410212198
02013103007012011109111073819505431790364185179
02013103007022009103113070319305101810329170159
02013103007022010100331064417004741600314159155
02013103007022010102663078720605811920389195194
02013103007022011100207071317705361800356177179
02013103007022011103483070118305181780340171169
02013103007032006101629071718505321780354176178
02013103007042011101096069018905011720329165164
02013103007052010109123067417105031700333168165
02013103007262006106144055014904011380263130133
02013103007262011103361054114603951380257128129
02013103007272010101708054315203911370254128126
02013103007272010101971059916704321440288146142
02013103007272010101972058417404101390271138133
02013103007272010110053061218804241440280140140
02013103007272011104511054915203971400257132125
02013103007272011104853054915403951350260128132
02013103007282006101629069517605191770342173169
02013103007282008102522058817304151380277136141
02013103007292010103681073719605411850356186170
02013103007292010104215066317304901660324165159
02013103007302007102496070916305461840362184178
02013103007302011100643070317905241770347177170
02013103007312007104901055215004021400262130132
02013103007312008100606055315004031420261129132
02013103007312010101227053014403861320254124130
02013103007312011102652054615003961390257129128
02013103007312011102662052514303821330249120129
02013103007312011102829071417805361820354179175
02013103007312011104029067317205011680333169164
02013103007312011104922055015103991410258130128
02013103007322009105718060415504491540295150145
02013103007322010104270060015104491550294152142
02013103007322011105819070017105291670362178184
02013103007332008102750069617305231700353166187
02013103007332009103518054514803971370260130130
02013103007332010102453051914203771270250122128
02013103007332010103812053014503851310254127127
02013103007332010103966000014100001340000133000
02013103007332010106098053414303911300261126135
02013103007332011102611054314803951360259130129
02013103007332011103454070317305301790351178173
02013103007332011104365070317205311780353174179
02013103007342011100538053814503931340259128131
02013103007342011101401053814503931330260129131
02013103007342011110081071018605241780346181165
02013103007352008102525084520606392070432213219
02013103007352009102474056515004151370278135143
02013103007352009105913056416903951380257132125
02013103007352011100595057215204201390281138143
02013103007352011102005071618305331730360182178
02013103007352011104857057115104201380282140142
02013103007362008101031069018205081730335175160
02013103007362011104167068817905091750334166168
02013103007362011104413068918105081730335167168
02013103007402008102522056016803921270265130135
02013103007402010101971055216103911280263129134
02013103007402010101972056218103811310250122128
02013103007402010110053055817903791290250123127
02013103007412009102529062714804791520327163164
02013103007412009105982053213903931390254127127
02013103007412011102644054014803921400252128124
02013103007412011104421054314703961400256128128
02013103007412011106265054614304031410262135127
02013103007422010104215058116204191420277140137
02013103007422011105166058416404201430277140137
02013103007432007102496052212903931290264132132
02013103007432010103681073220205301830347176171
02013103007452009100857052513303921280264129135
02013103007462011102829059215304391500289146143
02013103007472011101495067216905031730330165165
02013103007472011102858067317005031670336165171
02013103007492008102750070218005221780344172172
02013103007492009104938070316905341730361185176
02013103007492011103454070018305171760341175166
02013103007492011104365069918205171770340172168
02013103007522009105821067717005071670340170170
02013103007522011104141066217004921620330165165
02013103007532007103951065017904711680303154149
02013103007542011100804069317405191730346174172
02013103007542011101157069317505181720346174172
02013103007542011102669069517605191710348175173
02013103007542011103114070818505231790344176168
02013103007562006102275055615703991350264129135
02013103007562006103990054415203921350257128129
02013103007562007105631056116004011330268133135
02013103007592010106459070618005261780348176172
02013103008012011102202070217605261730353170183
02013103008012011104797068717305141680346170176
02013103008012011105721068817405141720342170172
02013103008022008106386070417705271740353176177
02013103008062011103013064116004811560325160165
02013103008062011103355064316304801620318158160
02013103008072009101184064815604921570335165170
02013103008072009105423070817805301750355175180
02013103008092006102712066216304991600339166173
02013103008092009100079065816504931590334166168
02013103008092009104870065516004951590336165171
02013103008092010106477063616404721610311160151
02013103008092011100058069116905221730349173176
02013103008092011103114064116404771600317152165
02013103008092011104568065616404921560336160176
02013103008092011105767065616704891620327166161
02013103008102009104567065518104741640310153157
02013103008102011101641075219305591850374188186
02013103008112008106104067616805081670341171170
02013103008112009106900067416305111620349174175
02013103008122008101709074718605611810380187193
02013103008122008106354070718505221780344172172
02013103008122008106728069417705171730344171173
02013103008122009105484071419605181740344170174
02013103008122011101475082021306072010406203203
02013103008132010106459052914603831270256126130
02013103008152011105794068217505071700337170167
02013103008162008106386055014904011420259134125
02013103008162011105542060914304661480318157161
02013103008172009102007097023107392280511239272
02013103008172010106017096923107382310507238269
02013103008192009101027065216004921620330162168
02013103008192010103311064815204961560340167173
02013103008192010104010065215304991640335169166
02013103008192010104291064616804781570321157164
02013103008192011102220065516104941620332165167
02013103008192011104431065415504991580341171170
02013103008202008101669065016804821560326163163
02013103008202010104971052914203871270260125135
02013103008202011101143059915104481520296153143
02013103008202011105639059915004491520297154143
02013103008212008110027069817505231740349169180
02013103008212009101517070417705271780349178171
02013103008212009110093072717905481960352181171
02013103008212011100881069718305141740340171169
02013103008212011102333070017605241710353178175
02013103008212011102905070018405161770339172167
02013103008222011100252064516104841560328162166
02013103008232007106388070917805311740357178179
02013103008232009100746074019405461860360181179
02013103008232009104718067416805061650341170171
02013103008232011103140073219005421810361182179
02013103008232011104460085522506302080422208214
02013103008232011104867073318805451840361183178
02013103008242011100661071117905321790353179174
02013103008242011105538071518705281780350179171
02013103008252009106095067718604911700321161160
02013103008252010106209066817804901640326168158
02013103008252011100126067917005091700339171168
02013103008252011101732068617705091740335169166
02013103008262011101997067017104991660333166167
02013103008262011102680067116705041650339170169
02013103008262011105739067017005001670333165168
02013103008462009102007052013203881150273125148
02013103008462010106017051512703881160272125147
02013103008472007100095053514403911280263125138
02013103008472008101811054513904061360270136134
02013103008472008102466067617605001630337178159
02013103008472009101695067018804821670315165150
02013103008472009103327053514503901300260126134
02013103008472009106042052614603801320248123125
02013103008472009106220052613303931320261129132
02013103008472009106773063616304731610312161151
02013103008472010102105052014003801340246123123
02013103008472010102853053213403981350263130133
02013103008472010105099052213903831320251122129
02013103008472010106168059614104551420313152161
02013103008472011102597055013704131380275141134
02013103008472011104390052413803861280258127131
02013103008472011104408053913404051310274137137
02013103008472011104596052113503861290257129128
02013103008472011105066052714403831270256125131
02013103008472011106356053013503951290266129137
02013103008472011106393052813303951290266130136
02013103008472011110053053614303931400253127126
02013103008482008101058085621406422110431219212
02013103008482008101669055715304041400264139125
02013103008482008105250071019805121820330163167
02013103008482009101027053014503851340251125126
02013103008482009103898053814603921310261127134
02013103008482009106202054315003931400253132121
02013103008482010101327053514603891290260126134
02013103008482010102239052313803851260259123136
02013103008482010103311053714603911390252125127
02013103008482010103579067017404961660330164166
02013103008482010104010053214303891320257125132
02013103008482010104291053314403891380251125126
02013103008482010105586067016605041650339171168
02013103008482011100613055515104041390265133132
02013103008482011101143054814304051320273138135
02013103008482011101959055515004051400265133132
02013103008482011102220053114403871350252125127
02013103008482011102367067417604981660332169163
02013103008482011103976065416404901560334167167
02013103008482011104431053314503881360252126126
02013103008482011105639054714304041320272139133
02013103008492007101726052013503851270258124134
02013103008492008102873054614604001390261130131
02013103008492008102912051513403811250256122134
02013103008492008105668070418105231780345174171
02013103008492008106606066816705011640337167170
02013103008492008110027069616705291730356178178
02013103008492009100746054114403971360261135126
02013103008492009101517069018505051610344174170
02013103008492009104439052913903901360254125129
02013103008492009106013067516805071690338173165
02013103008492009110047054614504011350266132134
02013103008492009110093070919405151650350176174
02013103008492010104043067116605051650340169171
02013103008492011100126053814303951370258127131
02013103008492011100881069817105271690358186172
02013103008492011100922070617805281720356172184
02013103008492011101005068516705181620356178178
02013103008492011101732053614403921370255127128
02013103008492011101997054914404051370268133135
02013103008492011102192066917004991650334168166
02013103008492011102333068817005181740344178166
02013103008492011102905073218405481850363187176
02013103008492011103140053814803901310259132127
02013103008492011103165071018505251760349179170
02013103008492011104867054414503991360263136127
02013103008492011105739055314304101350275137138
02013103008502006103369070618405221790343176167
02013103008502006106754070418105231790344173171
02013103008502007106154070118405171700347177170
02013103008502007106388069918205171730344174170
02013103008502008105633070519005151700345174171
02013103008502009100368052613703891290260128132
02013103008502009100877070018105191760343171172
02013103008502009101279052313603871280259127132
02013103008502009105781066517004951700325166159
02013103008502009105825056515004151400275135140
02013103008502010101435070617905271770350176174
02013103008502010103099054014803921300262128134
02013103008502010110014056214904131410272137135
02013103008502011100191070719105161700346176170
02013103008502011101766069918405151710344173171
02013103008502011102680067416805061710335167168
02013103008502011102993068217105111700341172169
02013103008502011104310054014503951320263132131
02013103008502011104451070118405171640353186167
02013103008502011104460058515204331480285146139
02013103008502011104718052513503901280262126136
02013103008502011104915068517405111690342171171
02013103008502011105663069918305161760340169171
02013103008502011105941070318305201720348174174
02013103008502011109113069218205101730337170167
02013103008512006101748051513203831270256122134
02013103008512008104846072418505391790360184176
02013103008512009101600070016505351740361177184
02013103008512010104124061614904671520315156159
02013103008512010104259066116804931620331164167
02013103008512010105980052714503821260256126130
02013103008512011101133067717705001690331164167
02013103008512011102007061215004621480314156158
02013103008512011102026068315905241700354179175
02013103008512011102533062615204741530321156165
02013103008512011104348070018005201700350173177
02013103008512011105424070316905341750359179180
02013103008512011105452067017404961690327164163
02013103008512011105763066816205061590347166181
02013103008522009104718068516905161670349175174
02013103008522010100979053513603991330266132134
02013103008522010105450052413403901330257130127
02013103008522010105803070417905251720353180173
02013103008522011100164058414704371490288145143
02013103008522011100215066116504961640332166166
02013103008522011100259055114404071370270130140
02013103008522011100954055714504121420270134136
02013103008522011101568067816805101690341169172
02013103008522011101576056214604161410275135140
02013103008522011102283066716605011690332172160
02013103008522011102702070618005261760350177173
02013103008522011103677066617504911660325168157
02013103008522011104752058314604371500287144143
02013103008522011105158059114804431420301148153
02013103008522011105261059114904421420300147153
02013103008522011106030067717904981710327165162
02013103008522011106464063716304741510323162161
02013103008522011109103056214404181390279131148
02013103008532007100784056114904121440268139129
02013103008532007106551069716505321600372175197
02013103008532008100673063717204651590306151155
02013103008532008109195054114903921390253129124
02013103008532009103160074119205491810368181187
02013103008532009110062055515304021430259130129
02013103008532010106338069118405071720335171164
02013103008532011100267055615104051470258134124
02013103008532011102828071518105341810353178175
02013103008532011103065072218505371840353177176
02013103008532011103606060416504391430296151145
02013103008532011103634072318505381850353175178
02013103008532011103729052214203801320248126122
02013103008532011103933070017805221680354175179
02013103008532011104150055415104031360267129138
02013103008532011104631056115604051390266129137
02013103008532011105086054914804011410260132128
02013103008532011105182070017805221740348175173
02013103008532011106577069918505141770337171166
02013103008532011110091051814003781320246124122
02013103008542007100100068317805051710334168166
02013103008542010100035066316305001670333168165
02013103008542010103024066616804981640334167167
02013103008542010110088065418204721590313156157
02013103008542011100066070518305221760346175171
02013103008542011100505053914803911330258133125
02013103008542011101449052914103881330255127128
02013103008542011101696053214503871330254126128
02013103008542011103240065716104961640332165167
02013103008542011103932063215804741530321157164
02013103008542011104011065716104961630333166167
02013103008542011104213055814804101380272139133
02013103008542011105075052714203851300255126129
02013103008542011106545052914303861300256129127
02013103008552007100163057014804221450277143134
02013103008552007102727052613703891290260129131
02013103008552009103104056015504051370268137131
02013103008552009105803050912903801230257125132
02013103008552009106151051413103831240259125134
02013103008552009106213052113503861280258128130
02013103008552010102804056815704111390272139133
02013103008552010103481052713603911300261128133
02013103008552011100990068117005111730338164174
02013103008552011102927053912804111240287132155
02013103008562009101850052813803901310259127132
02013103008562011101215057815304251390286138148
02013103008562011101386054514404011340267133134
02013103008562011101700054715103961320264128136
02013103008562011101749065116604851680317156161
02013103008562011103889065016204881560332161171
02013103008562011104291068216505171660351172179
02013103008562011104411065015804921580334161173
02013103008562011105098064716304841660318159159
02013103008562011105206055414504091390270134136
02013103008562011106411055315204011360265129136
02013103008572007103108073518205531860367188179
02013103008572008103244067816505131680345172173
02013103008572009105739067416505091690340169171
02013103008572009110017067216205101640346172174
02013103008572009110094068216905131680345170175
02013103008572010104208068717105161730343164179
02013103008582007102972050713303741160258122136
02013103008582011102982056214604161390277138139
02013103008582011106258055415104031400263131132
02013103008592009103896069417605181670351163188
02013103008592009105910069417505191690350164186
02013103008592010103794052913403951300265134131
02013103008592011100143052913803911230268126142
02013103008592011101685051813703811210260124136
02013103008592011103897068617205141660348171177
02013103008592011104350052713803891210268126142
02013103009002009105838065316104921610331165166
02013103009002011100421065115904921610331167164
02013103009002011104201063515304821550327167160
02013103009002011105047064715604911610330166164
02013103009012011101729052813703911350256126130
02013103009012011102908054914604031300273132141
02013103009022009104487100530706982700428227201
02013103009032008102466055414704071360271133138
02013103009032010105586053114103901330257131126
02013103009032010106168073218905431790364183181
02013103009032011101005055614404121310281136145
02013103009032011102587070718905181780340164176
02013103009032011103976055514404111320279135144
02013103009042008106606051813303851240261128133
02013103009042010104043053514503901310259129130
02013103009042011102192053714503921310261132129
02013103009042011103165070817705311720359183176
02013103009052006103369056414904151400275134141
02013103009052007106154055815304051420263130133
02013103009052008105633070618305231830340174166
02013103009052009100877070718305241820342174168
02013103009052009105781064116704741560318155163
02013103009052010101435061216104511490302153149
02013103009052010104410053414203921310261127134
02013103009052011101766070618205241800344171173
02013103009052011104451055315204011440257132125
02013103009062010103732071917905401890351176175
02013103009062010104259052813903891280261130131
02013103009062010110088054215603861350251127124
02013103009062011102146053815603821320250126124
02013103009062011102993065916604931620331165166
02013103009062011103350072818105471840363189174
02013103009062011104915066916505041640340171169
02013103009062011105452055915004091400269129140
02013103009072009101600062816104671530314155159
02013103009072011101133055915004091400269128141
02013103009072011104348067017704931620331166165
02013103009082010102217066317304901640326164162
02013103009082011102828067716705101740336174162
02013103009092011100758067617205041670337164173
02013103009092011103104066917304961600336166170
02013103009092011103790066616605001690331165166
02013103009102010102580071618405321810351180171
02013103009102010106338073419405401820358181177
02013103009112006103082055215204001330267133134
02013103009112009105739066316105021700332166166
02013103009122007103108066416405001700330168162
02013103009122008103244065116304881650323167156
02013103009122009110017065016304871640323162161
02013103009122009110094064616304831680315159156
02013103009122010104208066416704971710326164162
02013103009132007100241069217705151720343169174
02013103009132008102809065315704961590337164173
02013103009132009106895066815705111590352171181
02013103009132010100803066716705001640336170166
02013103009132011102013065816004981590339169170
02013103009142009103896066516904961620334167167
02013103009142009105910066817004981620336165171
02013103009142010103652062215404681470321157164
02013103009142011103897068117205091640345168177
02013103009162008102064071917905401770363180183
02013103009172010103016078319105921900402196206
02013103009172010104559077219205801890391195196
02013103009172011104396086621706492130436219217
02013103009182007102905081419906151970418208210
02013103009182008105572071617305431780365187178
02013103009182011104694055214604061360270133137
02013103009182011105644081720706101990411208203
02013103009192010101975082020806122000412203209
02013103009392009100794051412903851230262127135
02013103009392011104036053614103951330262127135
02013103009392011105103051313103821210261125136
02013103009392011106071052013203881230265128137
02013103009392011109122052714003871280259127132
02013103009402007102905057716204151380277142135
02013103009402008105572000000000000000000000000
02013103009402010103016060017204281400288143145
02013103009402010104559059717704201440276139137
02013103009402011104396060618704191410278139139
02013103009412011104594052813803901270263125138
02013103009412011105644070618405221750347179168
02013103009412011105938052613903871280259126133
02013103009412011106336052013803821300252124128
02013103009422005102317066018104791610318158160
02013103009422008101397058214804341420292146146
02013103009422008102809051813103871240263129134
02013103009422009105837054514404011410260134126
02013103009422010103652052713303941240270130140
02013103009422010104353065918804711700301159142
02013103009422011103498067918404951660329162167
02013103009422011103834069817705211720349171178
02013103009422011104172069817605221750347169178
02013103009422011104723064316104821580324164160
02013103009422011105811052914303861290257127130
02013103009422011110017053214103911320259128131
02013103009432009100653067516405111610350165185
02013103009432009102249067816605121630349174175
02013103009432009105148055414504091400269137132
02013103009432010101975080019206082010407205202
02013103009432010104759055314704061390267136131
02013103009432011100615055114404071380269136133
02013103009432011103743069816705311730358177181
02013103009432011103841067616605101720338170168
02013103009432011103935073519005451830362184178
02013103009442008104714052913303961260270131139
02013103009442008106019065317904741560318161157
02013103009442009105878053013803921330259129130
02013103009442011101921065918204771660311156155
02013103009442011110034053113203991280271131140
02013103009452009102028057814704311480283145138
02013103009452009106895061614804681550313157156
02013103009452010100803062815504731550318158160
02013103009452011101218068917105181730345172173
02013103009452011102013000015300001530000156000
02013103009452011102450069017505151720343169174
02013103009452011102667067917905001650335163172
02013103009452011103382056014804121400272141131
02013103009462008104812056315004131440269137132
02013103009472009101001053914803911320259128131
02013103009482007103968057316504081380270135135
02013103009502007100241053714003971300267132135
02013103009502010103985053114203891290260129131
02013103009502011100861053814303951340261129132
02013103009502011104132054114104001340266128138
02013103009502011104360053114003911330258126132
02013103009522007102905055317003831290254122132
02013103009522009100378065417304811630318168150
02013103009522010103016054617003761240252124128
02013103009522010104559054116103801270253121132
02013103009522010106624053414803861350251124127
02013103009522011101237053414703871360251124127
02013103009522011104396055717903781250253124129
02013103009522011104801054414903951380257127130
02013103009522011105496054214903931380255126129
02013103009532008105344054915203971390258131127
02013103009532009103373062016404561610295146149
02013103009532011101572056714404231400283140143
02013103009532011105141055314304101390271139132
02013103009542008101397053214203901340256126130
02013103009542011105644067718404931700323168155
02013103009542011106352053714703901340256126130
02013103009562009102249065316404891640325160165
02013103009562011103935059716104361450291143148
02013103010012007103968056916204071380269133136
02013103010072008103075081020906012000401200201
02013103010072011110038079619206042010403201202
02013103010082009102505091122706842160468221247
02013103010202008103075068317105121730339170169
02013103010202011110038071317805351760359181178
02013103010332008103075066717304941670327166161
02013103010332011110038068017005101740336170166
