12013100305582007101272059116904221530269138131
12013100305582008110131053114103901310259128131
12013100305582009103064054814804001370263130133
12013100305582009103251055715504021460256133123
12013100305582009105925056415704071500257134123
12013100305582010102514053414303911320259127132
12013100305582010110032077221605561890367181186
12013100305582011100752065316904841650319157162
12013100305582011101052057515304221480274141133
12013100305582011103540058017004101520258136122
12013100305582011106021057615404221470275142133
12013100305582011106107059217004221540268138130
12013100305592008103019053714803891380251127124
12013100305592008104852055915704021460256132124
12013100305592009100785055615604001360264132132
12013100305592009101813070318705161780338162176
12013100305592009102657061916604531620291148143
12013100305592009104511054614504011380263129134
12013100305592009104943066018404761720304154150
12013100305592009106074053414103931380255129126
12013100305592009106270056915604131530260134126
12013100305592010101355059415604381490289147142
12013100305592010105754060015904411500291149142
12013100305592010105834067416705071700337173164
12013100305592010106302053314303901360254125129
12013100305592011100429059115504361510285145140
12013100305592011100590055514704081390269135134
12013100305592011100712076020505551890366186180
12013100305592011101506073819505431850358178180
12013100305592011103129055414604081380270135135
12013100305592011103668067717405031690334170164
12013100305592011103807053714703901350255128127
12013100305592011103895062516704581460312153159
12013100305592011104058064716604811600321160161
12013100305592011104106055915604031400263131132
12013100305592011104456053814703911360255128127
12013100305592011105111054514703981370261128133
12013100305592011106377064717904681700298152146
12013100306002006106794067118604851670318163155
12013100306002007103165054414803961340262127135
12013100306002008101076071718805291840345177168
12013100306002008105549059916304361520284141143
12013100306002008105768070617505311700361181180
12013100306002009101231056715604111510260135125
12013100306002009104261059115704341550279146133
12013100306002010101570071419705171740343171172
12013100306002010102487071018405261760350177173
12013100306002010102608071118305281780350174176
12013100306002010104535071418405301720358174184
12013100306002011101138071618205341750359174185
12013100306002011101846070118705141760338170168
12013100306002011102735067517305021660336167169
12013100306002011103404070418105231730350180170
12013100306002011105065072018605341740360181179
12013100306002011106298070817905291830346179167
12013100306002011106557056815404141520262136126
12013100306012008102652053514803871340253126127
12013100306012008103548068418604981760322164158
12013100306012009101874067318404891680321158163
12013100306012009110040066216804941670327166161
12013100306012010102878067317704961660330165165
12013100306012010103871065316804851610324160164
12013100306012011100290065317104821620320158162
12013100306012011100294052912804011250276130146
12013100306012011100857053313204011270274128146
12013100306012011101553066917504941650329163166
12013100306012011103997068517405111710340169171
12013100306012011104052065318104721520320154166
12013100306012011104738070117905221810341178163
12013100306012011104949058414304411440297146151
12013100306022006101297067118704841670317161156
12013100306022008101990074120305381810357177180
12013100306022008102566068317505081780330165165
12013100306022008103188064916504841640320156164
12013100306022008103982052714203851350250123127
12013100306022009104366060415104531520301152149
12013100306022009104585069818905091740335173162
12013100306022009105680064816504831620321160161
12013100306022009106383057715204251450280142138
12013100306022010104264067019504751690306157149
12013100306022011102996077019205782020376188188
12013100306022011103602056314304201410279144135
12013100306022011103783052014103791300249123126
12013100306022011104434077319905742010373184189
12013100306022011105386067317205011670334165169
12013100306022011110096056414404201400280145135
12013100306032007100569074718805591950364179185
12013100306032008103009069418605081760332166166
12013100306032009106282073419405401850355176179
12013100306032009106555071118205291750354175179
12013100306032010102713076720005671980369187182
12013100306032010104059074919005591880371185186
12013100306032010104439069218205101770333168165
12013100306032011103219067916705121710341172169
12013100306032011103557069618405121740338172166
12013100306032011103572071418805261740352181171
12013100306032011104020075018705631930370191179
12013100306032011106375076019705631870376192184
12013100306032011106524077019705731980375187188
12013100306042006102839068217705051740331164167
12013100306042010101218069618605101750335171164
12013100306042010104962074219305491850364183181
12013100306042011103088070319305101730337169168
12013100306042011103757061615204641490315155160
12013100306042011105321066217404881600328161167
12013100306042011106148056615104151420273136137
12013100306052008100364066618904771680309155154
12013100306052009101016055614904071460261133128
12013100306052009101682072618505411860355180175
12013100306052009103597055815804001430257131126
12013100306052009104586082522705982150383198185
12013100306052009106126053613803981330265130135
12013100306052009109160069919905001790321163158
12013100306052010100703069020004901710319163156
12013100306052010102709079520905862030383193190
12013100306052011100780056314904141410273134139
12013100306052011100943065816304951720323159164
12013100306052011101007063916304761580318156162
12013100306052011101230068117005111770334172162
12013100306052011101722058115004311510280141139
12013100306052011103186068916605231810342169173
12013100306052011104093065318004731630310161149
12013100306052011104148055414704071400267136131
12013100306052011105920055615604001450255129126
12013100306062008104081064715704901590331166165
12013100306062009100594053314003931300263131132
12013100306062009103522053213803941310263134129
12013100306062009103967061215604561530303154149
12013100306062009104635053214203901350255125130
12013100306062011100540057015304171450272135137
12013100306062011100560064316304801620318157161
12013100306062011103693073217805541800374181193
12013100306062011103812063715804791510328160168
12013100306062011105911065816904891650324161163
12013100306072002107238060115404471480299150149
12013100306072008102944057316004131430270135135
12013100306072009102540060115704441530291141150
12013100306072009102619056115004111480263135128
12013100306072009104307069718405131780335169166
12013100306072010103862068017905011750326161165
12013100306072010104204056615804081410267137130
12013100306072011100532055915504041410263134129
12013100306072011100783057115504161490267137130
12013100306072011101523071917905401800360181179
12013100306072011102076070717905281750353174179
12013100306072011104371071218105311750356175181
12013100306072011104585069718805091770332168164
12013100306072011104722072119405271740353180173
12013100306072011105738068616505211720349168181
12013100306082006102738073420305311760355180175
12013100306082007106523059616404321410291143148
12013100306082008104316067617904971750322164158
12013100306082008105592058517004151500265133132
12013100306082009100259059215204401410299142157
12013100306082009100705066716405031630340166174
12013100306082009102973059015004401450295146149
12013100306082009106551071719805191780341169172
12013100306082010100698066917804911680323158165
12013100306082010102526063916704721540318158160
12013100306082010104347064717604711600311152159
12013100306082011105498069619405021750327160167
12013100306092006103340054913904101390271134137
12013100306092008101974068118604951820313160153
12013100306092011103332059216404281510277142135
12013100306092011106400069816905291680361173188
12013100306102009102583067818604921670325163162
12013100306102011102015059214904431490294145149
12013100306102011105320077319805751940381195186
12013100306102011105826059215004421480294143151
12013100306102011106331071617505411780363184179
12013100306112007102887062516204631550308155153
12013100306112010100443068917705121810331169162
12013100306112011103942065917204871610326160166
12013100306122010103543069719305041770327167160
12013100306122010105028053614603901310259126133
12013100306122011100420068717605111690342171171
12013100306122011102037061516204531480305146159
12013100306122011104695053614703891300259126133
12013100306122011106192068817605121690343172171
12013100306132009100254055115104001410259132127
12013100306132009103283054414503991370262128134
12013100306132009103390057215804141490265136129
12013100306132009106154069418605081710337169168
12013100306132010102508054214403981380260126134
12013100306132011100308070119405071760331164167
12013100306132011100859069817605221750347173174
12013100306132011102245069017605141740340171169
12013100306132011103323064917504741610313156157
12013100306132011103665055414504091390270133137
12013100306132011104513055514704081390269133136
12013100306132011105717068518005051660339169170
12013100306132011105960068217605061670339169170
12013100306132011109054056815104171430274137137
12013100306142007106416066416804961640332164168
12013100306142010104155060117004311560275139136
12013100306142010104680080921105982000398200198
12013100306142011103348069719305041720332167165
12013100306142011104039062816604621610301148153
12013100306152008101926053614103951350260128132
12013100306152009105108066617304931710322164158
12013100306152011100157072017405461780368179189
12013100306152011105606071616905471770370177193
12013100306152011105985075519805571930364186178
12013100306152011106181073419205421870355181174
12013100306152011106596073619805381860352180172
12013100306162010102713054515703881300258124134
12013100306162010110052064315804851570328162166
12013100306162011102561053514603891320257126131
12013100306162011102996054815503931300263125138
12013100306162011104398068817405141730341169172
12013100306162011105681053514703881330255125130
12013100306162011106375070020005001790321167154
12013100306172010103287060115104501470303152151
12013100306172010104309064918104681630305157148
12013100306172011100241068118404971680329160169
12013100306172011102079059316704261440282141141
12013100306172011102511059316604271460281140141
12013100306172011105647054815403941350259127132
12013100306172011106344069016705231700353175178
12013100306182008100364069918805111750336170166
12013100306182011104676072818305451830362180182
12013100306192011100841071218305291780351176175
12013100306192011102507071618205341800354177177
12013100306202007104877069316705261800346177169
12013100306202009101220071518105341770357178179
12013100306202009106571055715704001420258129129
12013100306202011100136063017904511650286145141
12013100306202011100638067918404951730322165157
12013100306202011105520064818404641690295148147
12013100306202011105849068518604991670332162170
12013100306212006103063065717704801580322157165
12013100306212007105681071418405301780352178174
12013100306212009100610069018805021710331167164
12013100306212009105704068517805071700337170167
12013100306212009106742053514803871310256125131
12013100306212010103339052914303861290257124133
12013100306212011100716069418605081730335167168
12013100306212011104468072319505281850343178165
12013100306212011105012066317904841600324163161
12013100306212011105747072019105291800349172177
12013100306212011105806073019105391850354171183
12013100306222005100089073819605421880354178176
12013100306222007100206060615504511600291148143
12013100306222008102849052714103861320254128126
12013100306222009104205068418904951770318161157
12013100306222010102174053214203901310259125134
12013100306222010110055063717304641620302154148
12013100306222011100775073319105421850357179178
12013100306222011104626053314403891300259126133
12013100306222011105000070317905241770347173174
12013100306232007102397071219005221820340167173
12013100306232009101989077521305622020360185175
12013100306232010106242054014303971350262131131
12013100306232011102554070620305031810322167155
12013100306232011103510053813604021360266131135
12013100306242008101252069617905171710346171175
12013100306242009102303053814703911390252127125
12013100306242010103915064717804691690300142158
12013100306242011100187058515804271430284137147
12013100306242011103666066317804851570328163165
12013100306242011106401068718904981770321164157
12013100306242011110089057214404281480280143137
12013100306252010100617069618205141770337170167
12013100306252010106256068118204991620337163174
12013100306252011100634053113803931340259127132
12013100306252011101713067618504911640327167160
12013100306252011103445069317005231740349173176
12013100306252011104464053714203951320263128135
12013100306252011106193065317804751550320153167
12013100306262007103402067717605011790322168154
12013100306262008104815053113603951310264126138
12013100306262011102526069617605201710349178171
12013100306272010100093069617605201830337165172
12013100306272010102889071918705321820350178172
12013100306272011105707055315004031370266133133
12013100306282010104137062016304571550302149153
12013100306282011104034069018105091690340168172
12013100306282011104402062716504621610301154147
12013100306292010105828051413403801240256122134
12013100306292010105860051113203791240255123132
12013100306302008103259073120005311890342173169
12013100306302010101775082022605942100384197187
12013100306302010104486069619105051780327168159
12013100306302010104866071219105211820339173166
12013100306302010106579069017905111660345172173
12013100306312011105913066117504861570329160169
12013100306332008101737070518305221760346174172
12013100306332010104297072217205501740376182194
12013100306342010100128075720305541970357184173
12013100306362011102872071618405321800352169183
12013100306372011103554068517705081690339167172
12013100306372011110069065216904831620321158163
12013100306382007104301054213604061440262135127
12013100306382009103991060616304431540289141148
12013100306382010104113058416504191510268137131
12013100306392011103202056216004021450257128129
12013100306392011103962067318004931700323158165
12013100306392011105334069216905231780345174171
12013100306402008102293066216504971630334165169
12013100306402010100540068918505041770327164163
12013100306402011100046081120806032160387192195
12013100306402011105094068018304971680329165164
12013100306412009106181064015004901490341166175
12013100306412010105167069617305231680355176179
12013100306422008100726070618105251810344174170
12013100306422009102866066117204891660323163160
12013100306422011100414070918505241800344174170
12013100306432008104053068918505041740330163167
12013100306432010102857055916803911380253129124
12013100306432011101130062016304571560301151150
12013100306442006102741070017805221740348173175
12013100306442009101550073619805381880350177173
12013100306452007101565073917405651810384188196
12013100306462009101599068119604851690316159157
12013100306472008102629054014503951360259128131
12013100306472009103445069217505171720345171174
12013100306472011101063055214604061390267134133
12013100306472011103462057315104221420280134146
12013100306472011104294065016604841620322160162
12013100306472011105337069118905021750327170157
12013100306482010104477065818104771630314156158
12013100306482011102353075619605601960364189175
12013100306482011103038065115304981650333167166
12013100306482011105095077721005671940373189184
12013100306492008106586068917305161760340170170
12013100306492008106634063117904521600292153139
12013100306492011104684067818204961660330162168
12013100306492011106433068518505001700330164166
12013100306502009105546071618805281750353173180
12013100306502011103128067017104991640335167168
12013100306512009102644063016004701620308159149
12013100306522011101983068617605101670343168175
12013100306522011102719070717905281760352172180
12013100306532011100412066817104971700327162165
12013100306532011101918075919205671910376189187
12013100306532011101936066817104971700327160167
12013100306532011103407078820105872000387198189
12013100306532011104707055714204151460269135134
12013100306542007100764056916104081390269141128
12013100306542008106182067317904941680326162164
12013100306542011100211071317705361780358179179
12013100306542011101916056316004031420261129132
12013100306542011105345072719105361840352177175
12013100306542011106304080920806012010400199201
12013100306552009100363065617004861570329164165
12013100306562010102925074919205571930364185179
12013100306562011100702065316904841650319159160
12013100306562011103006070218205201800340173167
12013100306572011102960077120305681890379188191
12013100306572011103930066916205071630344170174
12013100306582009100991063216704651520313156157
12013100306582011100756066416504991720327165162
12013100307002010105905072019105291820347177170
12013100307002011104859068416605181730345175170
12013100307012011100295065916804911720319163156
12013100307012011104026065016504851630322161161
12013100307012011104163066116804931730320163157
12013100307182007101419052313803851290256124132
12013100307182008110055054014603941450249126123
12013100307182009102068052514403811350246123123
12013100307182010103921054414603981370261131130
12013100307182011104454053514403911370254128126
12013100307192008102584053613703991390260133127
12013100307192008103035052414103831340249123126
12013100307192008105554053114503861370249123126
12013100307192009100288069818505131760337169168
12013100307192009101761055114604051370268129139
12013100307192009104475054714903981440254129125
12013100307192010102894051312903841270257126131
12013100307192010105769054114903921350257128129
12013100307192010105807054814804001370263127136
12013100307192011100369056515804071490258132126
12013100307192011103792055414004141370277138139
12013100307192011104232056515704081510257132125
12013100307192011105077067418704871640323162161
12013100307202010104993069317405191740345174171
12013100307202011101250055115203991410258128130
12013100307212009102469083722906082020406203203
12013100307222008101671064015704831550328164164
12013100307222011101009062815104771630314155159
12013100307232011101890063916504741610313153160
12013100307232011109127063716904681560312158154
12013100307242010105889052914603831320251122129
12013100307262008101078062415904651610304155149
12013100307262009106054062917104581610297151146
12013100307272009102491066317204911690322164158
12013100307272010100498071319105221740348169179
12013100307272011100844064717404731580315156159
12013100307272011103091064717504721570315155160
12013100307282007104599062417004541620292149143
12013100307282008100563063316604671600307153154
12013100307282011100584070019005101710339167172
12013100307282011103940063416704671600307158149
12013100307292010104479071417305411860355178177
12013100307292011102542067116905021690333164169
12013100307312008100219065517304821620320170150
12013100307322011105077066317204911680323164159
12013100307362010102730070317505281740354173181
12013100307372008105162058418304011450256124132
12013100307372009103775060517704281510277137140
12013100307382011102116057515204231430280143137
12013100307432011103048070017005301760354176178
12013100307442011100364075922105381920346179167
12013100307442011102340075721105461890357181176
12013100307442011102417076121605451920353176177
12013100307442011104389075921905401900350180170
12013100307442011105555070819205161720344179165
12013100307442011106292072621005161850331167164
12013100307452009106379054215103911340257128129
12013100307452010104225055216003921350257128129
12013100307462011100407074220105411910350176174
12013100307462011102040073519805371850352172180
12013100307472010102500067516905061630343169174
12013100307492005103350067417405001730327168159
12013100307492006103493072718105461820364179185
12013100307492010102730067417105031720331162169
12013100307502009105629069619305031780325166159
12013100307502011103977068017905011730328165163
12013100307502011104171066717204951690326167159
12013100307522011100296072518705381790359179180
12013100307522011101292072417905451830362186176
12013100307522011101656071418505291790350178172
12013100307522011103781072419505291750354174180
12013100307572011105555054314603971360261128133
12013100307572011105696072919005391900349176173
12013100307572011106114072919005391910348175173
12013100307582008101278074219805441870357174183
12013100307582010102520059314804451480297147150
12013100307582010104289074119805431840359182177
12013100307582011101833070416805361760360179181
12013100307582011103900076020005601920368182186
12013100308002011104046068517405111630348170178
12013100308002011104265068816705211680353172181
12013100308002011104478067916805111600351167184
12013100308012006106134068218904931660327162165
12013100308012006106309069518705081680340173167
12013100308012011103952066617104951700325157168
12013100308032011101782070217505271710356177179
12013100308032011102436070417705271700357177180
12013100308042011102579067316405091680341168173
12013100308042011106077067916705121680344170174
12013100308052006105228069318605071690338168170
12013100308052011102349077921405651860379189190
12013100308052011103041076520405611840377186191
12013100308072010100739063817104671560311152159
12013100308082011102995070718405231780345169176
12013100308092009110064065615904971570340159181
12013100308092011103659065317204811580323158165
12013100308112008101278069318505081840324171153
12013100308122009105355066316305001610339167172
12013100308122010102212072418205421790363180183
12013100308122010102979067117704941700324164160
12013100308152010104869069717605211740347171176
12013100308162008101275068817105171680349173176
12013100308162011102196074618205641820382185197
12013100308162011103203072817705511800371182189
12013100308172008101936063715904781600318153165
12013100308172011100411070018305171700347174173
12013100308172011101782069516905261720354173181
12013100308182009102179058015604241470277139138
12013100308182009105016071218305291820347168179
12013100308182011104650057016504051470258131127
12013100308192011102128064415504891610328169159
12013100308202007101421069119005011780323161162
12013100308202009102836072818005481800368182186
12013100308202010106174073619905371860351177174
12013100308212011100635070418505191770342177165
12013100308212011105914069818705111690342167175
12013100308222007105064074719005571850372191181
12013100308222009105345077719505821930389194195
12013100308222011100805074818005681830385191194
12013100308222011101653076818905791930386194192
12013100308222011103071070418505191790340174166
12013100308222011103458071517905361800356179177
12013100308232011100338082320906142130401209192
12013100308232011100524080020905912060385193192
12013100308232011104366082620806182140404206198
12013100308232011106368074221205301880342172170
12013100308242011100025076120805531920361182179
12013100308402011105554053313903941340260129131
12013100308412009102923053014003901340256130126
12013100308412011100649055515304021460256134122
12013100308412011103059055615404021460256132124
12013100308412011103990054815103971470250130120
12013100308412011110071055914504141450269139130
12013100308422007101370057614404321410291140151
12013100308422008106301053814503931360257131126
12013100308422009100020053414703871400247124123
12013100308422009100505073118605451830362181181
12013100308422010103259072419205321830349179170
12013100308422010103743059816404341510283143140
12013100308422010105925052814503831370246121125
12013100308422011102621073719505421790363180183
12013100308422011103007073819505431800363182181
12013100308422011103179071017005401780362178184
12013100308432007103305067218204901640326161165
12013100308432008104830063917104681710297147150
12013100308432010110122057815004281470281142139
12013100308432011100558065117004811740307154153
12013100308432011104907056115004111370274131143
12013100308432011106427055514804071360271131140
12013100308442006104989054514404011310270132138
12013100308442009100927064316104821650317162155
12013100308442009103471050413103731210252119133
12013100308442009105738069417105231760347177170
12013100308442010104473066517104941690325174151
12013100308442011100419068018204981700328166162
12013100308442011100614068919204971720325170155
12013100308442011100986070717705301770353175178
12013100308442011102132071218105311780353176177
12013100308442011103648083722706102100400203197
12013100308442011105072069918605131720341171170
12013100308452007105440056014804121430269142127
12013100308452008101894068717805091660343169174
12013100308452009100969054215003921310261124137
12013100308452009103875093624506912270464233231
12013100308452009105219053115003811300251125126
12013100308452011101278052514103841280256124132
12013100308452011103966067318304901700320163157
12013100308452011104305075518805672010366190176
12013100308452011105074052314003831280255124131
12013100308462010103602064817204761660310157153
12013100308462010110107067216605061690337171166
12013100308462011103224063715804791570322161161
12013100308462011104854062314704761550321161160
12013100308472008110077065218104711660305151154
12013100308472009103012064416504791590320158162
12013100308472010101559077419705771950382187195
12013100308482010104614063816704711580313160153
12013100308482010105282071518505301820348174174
12013100308482011100641054514703981330265127138
12013100308482011101858054614803981340264126138
12013100308482011102053092523706882290459240219
12013100308482011110076068617005161800336168168
12013100308492007102177053314503881360252127125
12013100308492009100613055914304161350281142139
12013100308492011102600055515104041370267131136
12013100308492011104097065717504821720310156154
12013100308492011105341056615204141420272138134
12013100308492011106276055315104021390263129134
12013100308502009106469066216704951690326159167
12013100308502010103402078421705671940373189184
12013100308502010104460072317605471850362183179
12013100308502011101160067917305061730333170163
12013100308502011101468068817905091710338166172
12013100308502011103875067817405041710333171162
12013100308502011106175068918005091710338165173
12013100308502011110090068518405011690332168164
12013100308512008103047071717905381740364187177
12013100308512008103256070519305121760336171165
12013100308512010101696070418605181650353178175
12013100308512010104509069317505181780340172168
12013100308512011101574077920405751940381193188
12013100308522011103340071617705391840355178177
12013100308522011104680075419705571890368190178
12013100308522011105015068917805111740337168169
12013100308542010104444070718705201750345172173
12013100308542011104147068717705101740336170166
12013100308542011105918070218105211810340171169
12013100308552008101619052515003751250250119131
12013100308552008106716065115704941560338164174
12013100308552011110025066017704831680315157158
12013100309002010100652063816004781680310159151
12013100309022009105017072217805441650379188191
12013100309022011102384072519505301820348175173
12013100309022011102451080119606052070398202196
12013100309022011102913080320006032040399201198
12013100309022011103430079319905941970397199198
12013100309022011105534072319205311820349175174
12013100309032005100413069018905011720329166163
12013100309042010101879075720005571900367181186
12013100309042011102292076418805761950381196185
12013100309042011104984076318805751940381195186
12013100309052008103255056516104041490255132123
12013100309052011102456076020405561890367184183
12013100309082011102018056514104241400284142142
12013100309102009100502068717905081700338169169
12013100309112010100855068518305021690333166167
12013100309122010104033064817204761630313159154
12013100309122011105594069418705071760331173158
12013100309132007110072057015004201460274141133
12013100309132009103866079422005741950379189190
12013100309132010104990081621705992020397194203
12013100309132011103207076619505711850386188198
12013100309142009102879065018504651640301151150
12013100309182008101504058416804161490267131136
12013100309182010104274055614904071400267133134
12013100309212009110044068317105121700342171171
12013100309212011103479074219905431970346183163
12013100309212011105009067618604901640326161165
12013100309212011105428066718304841660318158160
12013100309222009104087082821706112120399201198
12013100309232011100473078320805751940381193188
12013100309232011100774079621405821930389191198
12013100309372009106275069718005171780339173166
12013100309372010104446074820905391950344176168
12013100309552009103652068520304821800302154148
