12009040906582003110117074919905501840366184182
12009040906582005102358053514903861320254124130
12009040906582006100588078020505751840391189202
12009040906582006102766053614903871330254124130
12009040906582006102772054414503991340265132133
12009040906582006103691066917804911700321166155
12009040906592001103389062917104581630295151144
12009040906592002110020062116304581580300150150
12009040906592003101859052514303821310251128123
12009040906592004101706052913403951320263126137
12009040906592004102030061216504471620285149136
12009040906592004103277062416504591580301151150
12009040906592004110096077919405851890396199197
12009040906592005104807067919004891710318160158
12009040906592005104937068018204981640334169165
12009040906592005110065073519005451800365184181
12009040906592006100477054314503981380260124136
12009040906592006101304054914904001390261132129
12009040906592006101324054114503961420254129125
12009040906592006101441064617204741620312153159
12009040906592006101792054713604111380273135138
12009040906592006102297064200000000000319157162
12009040906592006102530054613604101380272134138
12009040906592006102958054214803941390255130125
12009040906592006103105054114503961390257133124
12009040906592006103154054614803981390259135124
12009040906592006104754056115204091410268133135
12009040906592006105488054314803951400255129126
12009040906592006106226055500000000000262134128
12009040906592006106530054714404031360267134133
12009040907002003100463062616704591640295152143
12009040907002003100652069017805121740338170168
12009040907002003100839057115404171420275136139
12009040907002004101367069918205171780339176163
12009040907002004102878070717505321720360182178
12009040907002004106003067918004991670332167165
12009040907002005100803057116504061420264135129
12009040907002005102083063100000000000000000000
12009040907002005102391063516904661620304159145
12009040907002005102879066616704991620337168169
12009040907002005110148054214303990000000000134
12009040907002006100561060416604381440294148146
12009040907002006100852071017705331710362176186
12009040907002006100861070018305171780339166173
12009040907002006101054068717705101750335169166
12009040907002006102067071719505221750347165182
12009040907002006102863074219905431800363184179
12009040907002006102985071318905241770347172175
12009040907002006103082063918304561580298152146
12009040907002006104689065116504861660320163157
12009040907002006104716078020005801940386193193
12009040907002006104970064816704811600321161160
12009040907002006106774053813704011330268133135
12009040907012004103465079820305952020393201192
12009040907012004105766074619905471910356177179
12009040907012005101791054314304001380262132130
12009040907012005105383051514103741280246120126
12009040907012005110174000000000000000000000163
12009040907012005110226060115704441560288147141
12009040907012006102264083921506242020422217205
12009040907012006102304065616904871670320163157
12009040907012006102760074119305481790369183186
12009040907012006102877062017104491550294152142
12009040907012006102929053615903771370240000000
12009040907012006104013067817005081770331171160
12009040907012006105229068918405051780327162165
12009040907012006106311053514203931310262125137
12009040907012006106434070518505201800340168172
12009040907012006109296073819305451880357177180
12009040907012006110145062516704581580300155145
12009040907022005100764074218305592030356183173
12009040907022006100398067718204951670328167161
12009040907022006100814088023806422080434212222
12009040907022006101425062216304591500309151158
12009040907022006101650075619105651920373188185
12009040907022006102133060915604531470306150156
12009040907022006102154084221506272100417212205
12009040907022006103275063716304741540320155165
12009040907022006105021070918205271760351174177
12009040907022006110092077520405711860385192193
12009040907032005102626069217405181780340173167
12009040907032006100028071918505341720362179183
12009040907032006100700078419805861940392193199
12009040907032006100745067716605111660345171174
12009040907032006102841072518905361850351179172
12009040907032006102907068517205131640349174175
12009040907032006103187072919205371830354181173
12009040907032006103198066216804941680326162164
12009040907032006103319068917105181730345172173
12009040907032006104730070017805221840338171167
12009040907042003103038075818805701880382190192
12009040907042005102337052513003951280267131136
12009040907042005103851054413804061370269132137
12009040907042005106352055515004051490256133123
12009040907042006101262069217405181730345172173
12009040907042006101286070615805481770371191180
12009040907042006102785072920405251790346173173
12009040907042006103150066316604971560341172169
12009040907042006103174068216205201640356177179
12009040907042006103412000000000000000000000179
12009040907042006103662064316104821630319154165
12009040907042006105848061313804751470328156172
12009040907042006106568070819605121700342169173
12009040907052003101066071617505411810360182178
12009040907052004104556073220705251840341173168
12009040907052005103174053114103901320258124134
12009040907052006100037069718005171700347176171
12009040907052006101260053914603931330260128132
12009040907052006102702072119705241810343169174
12009040907052006102715066917804911700321161160
12009040907052006103037070418305211770344173171
12009040907052006104932072019805221770345174171
12009040907052006106156071017405361840352183169
12009040907052006106397057816304151450270134136
12009040907062003105337069318905041720332164168
12009040907062004103098069217805141660348172176
12009040907062004106348057814004381540284151133
12009040907062005101111073619205441810363180183
12009040907062005104529071718705301750355179176
12009040907062005105973068017505051650340169171
12009040907062006101754067816705111680343170173
12009040907062006101761077420305711940377188189
12009040907062006106079065915805011600341165176
12009040907062006106414066516205031660337169168
12009040907062006106526070718605211740347175172
12009040907062007102316070318505181740344173171
12009040907072004100044052213203901280262129133
12009040907072005101630054714504021340268135133
12009040907072006100014075319905541880366182184
12009040907072006100459075419805561900366186180
12009040907072006102024073418905451850360182178
12009040907072006105382080220605961990397200197
12009040907082002107254055814304151450270137133
12009040907082003101657054814604020000000000130
12009040907082005103035068217805041660338171167
12009040907082005105009070018305171710346175171
12009040907082005106040053214503871310256128128
12009040907082006101239066317004931590334166168
12009040907082006105649069517605191670352176176
12009040907082006106099068316405191720347175172
12009040907092002107238056915004191400279139140
12009040907092003107389069118005111630348170178
12009040907092003110117000000004931670326165161
12009040907092004102801055614504111390272140132
12009040907092005102180077420605681970371194177
12009040907092005104145069918105181700348170178
12009040907092006101284057015504151450270143127
12009040907092006102804066116804931640329166163
12009040907092006103170070116405371700367000000
12009040907092006103963066217604861620324163161
12009040907092006104713071819305251800345173172
12009040907092006106541067617505011650336169167
12009040907102004100256070117705241660358174184
12009040907102004109152072300000000000352000000
12009040907102004109291073818505531800373185188
12009040907102005105831068317205111650346173173
12009040907102006102205071719605211790342173169
12009040907102006102584071717705401700370182188
12009040907102006103475073217205601830377190187
12009040907102006106508076919205771900387196191
12009040907112001103725053513803971360261129132
12009040907112004101627078022005601900370187183
12009040907112006103710052813603921360256129127
12009040907112006103743063716704701570313157156
12009040907112006106793058714504421390303153150
12009040907122003104416000016100001690000160000
12009040907122005110065073519205431760367176191
12009040907122006100086067217105011610340168172
12009040907122006100861066916705021740328164164
12009040907122006102582063916004791610318159159
12009040907122006102985072317505481740374184190
12009040907122006104813067716805091670342170172
12009040907122006109293079919906001860414201213
12009040907132001103334066717504921690323161162
12009040907132002103163056814504231410282143139
12009040907132002110059067319004831710312164148
12009040907132006100154052814203861310255127128
12009040907132006100397069019005001710329170159
12009040907132006105315066316604971670330165165
12009040907132006106664071118305281810347181166
12009040907142005103581064617004761550321165156
12009040907142005104817073019505351860349175174
12009040907142005105890066117204891610328160168
12009040907142006100126054714504021320270136134
12009040907142006100981053914103981350263136127
12009040907142006101200066517804871630324166158
12009040907142006102264079721005872080379196183
12009040907142006102607068319004930000000000156
12009040907142006102665071319005231800343172171
12009040907142006105781060816304451570288150138
12009040907142006109140064916904801580322161161
12009040907142006110024070819505131760337169168
12009040907152006101131068218005021700332163169
12009040907152006104973070418405201750345172173
12009040907152006106505066717504921580334164170
12009040907162002103901055715504021400262134128
12009040907162004104423056814204261390287148139
12009040907162006100471064917304761580318158160
12009040907162006104949056615604101440266134132
12009040907172002110076066019004701630307154153
12009040907172003107285064216104811650316160156
12009040907172004103073053814603921340258130128
12009040907172005102143069417305211710350174176
12009040907172006103413064816304851570328164164
12009040907172006103988070917605331690364183181
12009040907172006104744053714603911340257129128
12009040907172006106514068017505051710334166168
12009040907182004105619064316304801620318159159
12009040907182006103177070318205211720349174175
12009040907182006104888067617105051670338170168
12009040907192004103098053714703901390251127124
12009040907192005105973053200000000000251127124
12009040907192006100066074319505481840364176188
12009040907202005106934068216005221650357177180
12009040907202006100285066216704951640331166165
12009040907202006106099069917505241740350177173
12009040907202006106346064116104801570323157166
12009040907202006106745069617705191760343172171
12009040907212004106071071218905231640359181178
12009040907212005105820055814704111420269135134
12009040907212005110170071419705171830334171163
12009040907212006100624054714404031440259132127
12009040907212006102243071520405111790332168164
12009040907212006103200069917005291700359177182
12009040907212006105669071519005251790346176170
12009040907212006105670071219005221790343175168
12009040907212006106092068018005001660334166168
12009040907222004100256052513103941280266130136
12009040907222005103543066017404861650321163158
12009040907222005106342062915704721540318159159
12009040907222006105466067618904871630324000000
12009040907232006101074064315904841620322161161
12009040907242006100106064416204821530329162167
12009040907242006100721073718505521860366185181
12009040907242006104371072320105221770345168177
12009040907252005105377068117905021700332167165
12009040907252005106424072118505361810355178177
12009040907252005110202068117305081740334171163
12009040907252006100560066218004820000000000168
12009040907252006101586066917604931650328166162
12009040907262004110030062316104621500312152160
12009040907262005106229053214003921350257131126
12009040907262005106470064717504721620310154156
12009040907262006101838075620305531870366191175
12009040907262006103135073419605381810357181176
12009040907262006104566061916204571610296148148
12009040907272006100021067318304901580332167165
12009040907272006100352064716304841630321157164
12009040907272006100851067416305111630348176172
12009040907272006101789068919304961610335163172
12009040907272006102175059415404401390301148153
12009040907272006103284069218205101760334168166
12009040907272006104935076519505701820388195193
12009040907272006106031074419105531750378185193
12009040907272006106878065115704941610333168165
12009040907272006110072069717705201710349172177
12009040907282004103324000000004631640299151148
12009040907282006102921071518605291820347180167
12009040907282006103301069019304971730324162162
12009040907282006104305070718505221700352175177
12009040907282006106508061517104441540290145145
12009040907292005106897066517704881630325161164
12009040907292006101876059615604401450295142153
12009040907292006102323072019305271780349172177
12009040907292006103664072419305311790352172180
12009040907302003102533067518404911620329162167
12009040907302003104103066017704831630320160160
12009040907302006100243072118505361780358180178
12009040907302006103219070417005341700364183181
12009040907312002109448066016604941570337167170
12009040907312006105955068217405081750333158175
12009040907312006106908000000004731580315155160
12009040907332005106934066716305041640340170170
12009040907342006101232065717004871610326159167
12009040907342006101902068618105051730332170162
12009040907342006102776055915004091420267135132
12009040907352004107141067616105151620353175178
12009040907352006100787069217105211730348174174
12009040907352006101956061416204521500302150152
12009040907362002103169056915404151470268136132
12009040907362004104973068516705181630355175180
12009040907362006104679071818105371810356177179
12009040907362006105579078020605741940380191189
12009040907362006105675067816405141620352175177
12009040907362006106907073919405451730372177195
12009040907372005106003073920505341850349175174
12009040907372006100491077620205741950379188191
12009040907372006101048066917704921590333172161
12009040907372006103740065917404851640321162159
12009040907372006104503070720405031750328166162
12009040907372006105844067217704951630332170162
12009040907382003102466067617804981720326167159
12009040907382006101770069417405201700350174176
12009040907382006104658059315104421430299151148
12009040907392004110162053015103791300249123126
12009040907392006100364071017205381740364184180
12009040907392006105118083421306212100411205206
12009040907392006105230082520306222080414206208
12009040907392006105891053814803901390251128123
12009040907402004101804075619505611800381189192
12009040907402004104433072221305091790330162168
12009040907402005102595072618205441750369180189
12009040907402006105080066017404861620324166158
12009040907412006100023072817805501810369187182
12009040907412006101954070217605261690357178179
12009040907422003101156070318305201720348170178
12009040907422005109208071118305281750353170183
12009040907422006100784074418505591880371187184
12009040907422006104083056615604101420268133135
12009040907432004102001071817605421790363180183
12009040907432004104726075620005561850371184187
12009040907432005105410067217105011670334170164
12009040907432006100279071616805481750373187186
12009040907432006102534077619105851920393196197
12009040907442003102853073318805451810364182182
12009040907442003106753052214203801270253125128
12009040907442005101782000000000000000000170000
12009040907442005106166058914704421500292147145
12009040907452005104694068317005131660347170177
12009040907452006100781092725806692300439226213
12009040907452006102055054214603961360260132128
12009040907452006109124069117605151740341170171
12009040907462003106779060015204481470301149152
12009040907462004102502088322806552210434226208
12009040907462004104973065816104971610336163173
12009040907462006100200066516405011630338166172
12009040907462006103270074319205511850366179187
12009040907462006103427063415704771590318159159
12009040907472005100782071620305131740339165174
12009040907482004110107071818805301760354183171
12009040907482005101190064617204741630311159152
12009040907492004102949057414104331430290145145
12009040907502002100501077120505661930373189184
12009040907502003102466062217204501520298149149
12009040907502006100198065915705021590343165178
12009040907502006106375067117105001670333170163
12009040907512003105013066116404971640333167166
12009040907522004101775064416804761620314161153
12009040907522006101526073118405471830364183181
12009040907522006101954071016805421710371182189
12009040907532003101156062114204791460333163170
12009040907532006101516070518205231750348176172
12009040907542005105280073418205521820370187183
12009040907542006106417066716904981640334165169
12009040907552006100815072318805351800355179176
12009040907552006106831063815804801530327168159
12009040907562006102146070919105181750343169174
12009040907562006105038070518905161710345170175
12009040907572004103588069418505091670342172170
12009040907581999105407076721705501930357179178
12009040908002006102317069619605001730327168159
12009040908002006104651074418805561870369184185
12009040908012002106778069517905161720344174170
12009040908032002100471064416704771570320157163
12009040908032005101222062817104571520305152153
12009040908032006101240061516104541530301149152
12009040908042006101556068018104991670332166166
12009040908202006101121055915904001430257132125
12009040908211999105407068619004961730323162161
12009040908212001100686072718805391790360180180
12009040908212006101516052314103821330249126123
12009040908212006102006053915003891330256125131
12009040908212006102463054014903911320259125134
12009040908212006102795055815304051430262131131
12009040908222004106316052213203901290261129132
12009040908222005103157074118905521820370185185
12009040908222005106244052313203911290262130132
12009040908232005102286072518805371830354179175
12009040908232006100448071818205361810355178177
12009040908232006100812080419606082010407207200
12009040908232006105502065616104951530342166176
12009040908242004100592055915404051450260132128
12009040908242004103616055115403971450252128124
12009040908242004104094063816104771610316159157
12009040908242005103150054414803961400256130126
12009040908242006100266055715704001460254130124
12009040908262004110033070219005121710341169172
12009040908332006102209073019405361880348183165
12009040908332006106484072919005391820357185172
12009040908342006103489067417405001650335169166
12009040908342006106221073720105361850351179172
12009040908342006109260072518605391790360177183
12009040908382006103273064716204851610324159165
12009040908412004105982067916705121610351170181
12009040908452006100622066717004971670330162168
12009040908462006102504065400000000000000000171
12009040908472006106534073420805261840342172170
12009040908502005102704064018404561530303147156
12009040908512006105928055415004041400264135129
12009040908512006106453069217405181720346174172
12009040908582002102727069418105131770336169167
12009040908582006100151075720005571910366189177
12009040908582006100622064816104871670320160160
12009040908582006101086070717605311750356177179
12009040908582006101765072019705231800343173170
12009040908582006102332070318005231750348173175
12009040908582006103195075919705621870375187188
12009040908582006105139075019405561900366188178
12009040909002003104603068718205051700335168167
12009040909002005105957067817105071630344169175
12009040909002006100790071617605401780362176186
12009040909012004104345061215904531560297151146
12009040909012006103237000000000000000276133143
12009040909012006106794068917705121750337172165
12009040909022004102855073620405321860346185161
12009040909022004103096073220005321820350187163
12009040909022004103327073620505311900341184157
12009040909022006103277073420105331810352187165
12009040909032005105110068916905201710349173176
12009040909042006101011058316304201510269141128
12009040909042006104696056015304071410266132134
12009040909042006109274070918605231730350175175
12009040909052002102505069518205131720341166175
12009040909062003102985070616905371780359175184
12009040909062005105307069717405231680355178177
12009040909072006104347054100000000000270133137
12009040909072006110062072421105131800333170163
12009040909082006104222097823307452330512252260
12009040909112006104524067517904961690327162165
12009040909122005103725071719305241790345173172
12009040909122006100444067917705021670335166169
12009040909122006102540067517405011680333167166
12009040909132000102811059016004301520278000000
12009040909132005105910071618505311820349176173
12009040909132006102528070417505291830346177169
12009040909132006105578067917105081670341172169
12009040909132006105883071318305301720358178180
12009040909132006106502051913403851260259125134
12009040909142004104912065317804751560319155164
12009040909142006103432061719204251440281137144
12009040909142006103729061519104241430281137144
12009040909152005103586062316904541590295150145
12009040909152006100251065416504891620327162165
12009040909172004103103063615804781550323158165
12009040909172004104762069517805171750342171171
12009040909172006103999067518004951640331165166
12009040909182005103448071118305281780350176174
12009040909182006105690065315904941600334165169
12009040909192006103527067818204961690327168159
12009040909242005101133070118605151800335170165
12009040909242006104865070117605251690356178178
12009040909242006105747071818905291810348179169
12009040909252005102837070717905281720356173183
12009040909412004100416053015003801350245120125
12009040909422003104006077920305761990377198179
12009040909422005104982054814604021390263133130
12009040909422006101125069317905141770337169168
12009040909422006101207065517004851600325162163
12009040909422006103226063516204731650308155153
12009040909422006103571053514303921330259127132
12009040909422006105494053915603831400243122121
12009040909432004106884077620505711960375196179
12009040909432004110268071516405511930358187171
12009040909432006100017065816504931550338166172
12009040909432006100026055714504121410271136135
12009040909432006101669068117305081630345172173
12009040909432006104420065516004951560339168171
12009040909432006104798078520705781980380195185
12009040909432006104819065817304851660319162157
12009040909432006109159068417505091730336174162
12009040909442005103389085823106272060421214207
12009040909442005106089076420205621880374186188
12009040909442006101173074518405611810380188192
12009040909442006101627074420905351850350183167
12009040909442006102058070318305201850335170165
12009040909442006103225081121605951950400202198
12009040909442006103498075419205621820380187193
12009040909442006104725088123106502250425213212
12009040909452002106399065217204801570323164159
12009040909452003105842064019204481680280139141
12009040909452004102859064815604921460346162184
12009040909452004103201067117304981620336166170
12009040909452004103215067917605031700333163170
12009040909452004104328065616004961590337170167
12009040909452005102610057615604201480272139133
12009040909452006103306064018204581660292000000
12009040909452006103344069018305071770330167163
12009040909452006110054069218505071770330167163
12009040909462004101704071619005261780348173175
12009040909462004102837067117204991690330163167
12009040909462005105913069018105091690340166174
12009040909462006100577067716505121680344172172
12009040909472003101751067718604911710320163157
12009040909472003106133063816404741550319160159
12009040909472003107224051613603801230257125132
12009040909472005100918000016100001530000152000
12009040909472005103112067217704951660329165164
12009040909472006100084062916004691540315153162
12009040909472006104987065716404931740319162157
12009040909472006105109066417504891610328165163
12009040909472007103022066516005051740331170161
12009040909482005101747067718304941600334167167
12009040909482005103958065115304981630335175160
12009040909502006101932068117905021690333169164
12009040909502006105652071718205351840351179172
12009040909502006105922070218105211770344171173
12009040909512004102216073218405481880360181179
12009040909512004102248089322106722110461223238
12009040909512004104702052914303861300256124132
12009040909512006100580056714804191450274136138
12009040909512006110123053214403881310257126131
12009040909522004103583070618505211740347175172
12009040909522005106463069016605241780346178168
12009040909532005100155055515703981420256127129
12009040909532005100930055615903971460251125126
12009040909532006102157070520105041800324160164
12009040909532006102845069817905191740345172173
12009040909532006104580079021305771970380188192
12009040909532006104750068918405051730332169163
12009040909542005102373059415804361590277146131
12009040909542005106188059315804351560279143136
12009040909542006101125070919205171780339171168
12009040909552002102876055615104051400265134131
12009040909552005100752064416704771610316160156
12009040909552006102240068016805121680344170174
12009040909552006105084066216704951650330166164
12009040909582002102283052414303811290252127125
12009040909592004100661063916904701630307155152
12009040909592005106274062616504611570304154150
12009040909592005106346064417304711580313154159
12009040909592006100703057815104271430284146138
12009040909592006102966053414003941370257133124
12009040909592006109266065116004911640327162165
12009040910002004101400073719205451800365183182
12009040910002006101869074218105611850376188188
12009040910002006102905074219805441860358180178
12009040910002006106678068916805211730348176172
12009040910012004103858071917405451780367182185
12009040910032005102454064516904761590317157160
12009040910032005110011066815305151600355172183
12009040910032006103023073018805421640378183195
12009040910032006110117069816805301640366177189
12009040910032006110121068316805151600355171184
12009040910052004103163000015500001430000000000
12009040910052005105769062416204621490313158155
12009040910062006103987072819905291870342178164
12009040910092004103984054314304001350265128137
12009040910122003102838067117504961620334165169
12009040910122005102557063116704641540310152158
12009040910152005101581067018404861700316160156
12009040910152006100868071520105141750339000000
12009040910152006102127073420305311800351173178
12009040910152006102223074620805381880350177173
12009040910162006100287053314303901330257127130
12009040910162006102270078020105791880391194197
12009040910162006102738074417605681810387189198
12009040910162006103023053714603911330258127131
12009040910172005110115070020005001780322170152
12009040910172006101978076719205751950380191189
12009040910182005106725066917104981640334165169
12009040910192003103513053214303891300259129130
12009040910192003110033053514803871310256127129
12009040910202005102653065717204851640321162159
12009040910202006102952066217204901670323160163
12009040910262006103063070717905281700358180178
12009040910282004100462067616705091640345174171
12009040910282005105372073619105451850360183177
12009040910322006106312072221305091750334171163
