02007011206592001110059075116905821760406188218
02007011207002002100260067516205131570356171185
02007011207002002100383074918205671790388190198
02007011207002002109472072417005541760378183195
02007011207002004102570068616205241640360172188
02007011207002004106818069116805231670356173183
02007011207012001103599066716705001650335164171
02007011207012002100576076418305811880393195198
02007011207012002100701073818805501810369184185
02007011207012002105350072318505381740364181183
02007011207012002107229072918705421840358186172
02007011207012003101572078419105931920401199202
02007011207012003104882066916805011650336166170
02007011207012004100327068617005161700346175171
02007011207012004101625068617705091700339171168
02007011207012004101928073018605441810363184179
02007011207012004102130071118305281760352177175
02007011207012004102512072718605411750366182184
02007011207012004104684066817004981650333168165
02007011207012004105102069117905121660346000000
02007011207012004105103069518605091650344172172
02007011207012004105587077318205911940397197200
02007011207012004110160068916805211600361172189
02007011207022001104853074920305461860360181179
02007011207022002110183081621206042020402205197
02007011207022003105150070517405311720359177182
02007011207022004101592072418305411780363180183
02007011207022004104166075818005781840394201193
02007011207022004104602069717105261700356175181
02007011207022004105945074918605631790384189195
02007011207022004106053068717005171720345169176
02007011207022004106837072418405401810359177182
02007011207032002100819072418105431740369175194
02007011207032003106527079419705971900407203204
02007011207032004101527082220206201990421214207
02007011207032004102816077119605751900385193192
02007011207032004103255063716204751590316153163
02007011207032004103905066616505011600341163178
02007011207032004104353073818405541790375189186
02007011207032004105088085421906352090426216210
02007011207032004105126077720105761890387191196
02007011207032004105337083621206242060418214204
02007011207032004105495069218005121730339167172
02007011207032004105505077019105791860393197196
02007011207032004105673076619705691910378189189
02007011207032004105985078919105981860412204208
02007011207032004106350077320205711860385191194
02007011207032004107029079620805881920396201195
02007011207042001103410071618005361740362178184
02007011207042003103797066316604971650332166166
02007011207042003104447068617705091700339167172
02007011207042004103239069217005221630359179180
02007011207042004105856073418105530000000000187
02007011207042004107054076119405671810386186200
02007011207042004109256064415604881540334161173
02007011207052001107009068119504861620324162162
02007011207052002101104070218105211710350173177
02007011207052003105022067417405001690331164167
02007011207052004100908068617505111670344176168
02007011207052004101137066317904841630321160161
02007011207052004104275066016904911610330163167
02007011207052004104375066216904931610332165167
02007011207061999110237068717405131700343172171
02007011207062003105620071917505441730371184187
02007011207062003109197073918505541820372183189
02007011207062004100147078420105831930390196194
02007011207062004100830073818505531830370188182
02007011207062004101324069717705201740346172174
02007011207062004105236066316404991660333164169
02007011207062004105245074518505601810379188191
02007011207062004105874082520706182060412202210
02007011207072004100384072918305461780368175193
02007011207072004101873073318405491810368178190
02007011207072004102800067717305041630341172169
02007011207072004105137074817105771780399193206
02007011207072004109147068316705161680348169179
02007011207082002102159065616704891560333164169
02007011207082003109304066716405031590344161183
02007011207082004103051076720005671910376193183
02007011207082004105857068616805181670351172179
02007011207092001103864093223207002190481229252
02007011207092003106044094122207192210498242256
02007011207092004100413072517905461760370184186
02007011207092004103335074718105661810385190195
02007011207102004101594083721206252100415207208
02007011207102004103150081520706081970411207204
02007011207102004105872073118005511750376182194
02007011207112001105444000016100001440000127000
02007011207112002100260000000004801520328156172
02007011207112002100420069117705141670347172175
02007011207112004102314069817605221650357176181
02007011207112004103380075820905491850364178186
02007011207112004107030103727707602510509254255
02007011207112004107269070818205261750351173178
02007011207112004109333069117605151690346170176
02007011207132002105350073918305561820374183191
02007011207132003105155087521606592060453229224
02007011207132004107294076518105841810403199204
02007011207142002100398082720206251970428214214
02007011207142004101928061615904571520305154151
02007011207142004103171083620906272070420208212
02007011207142004107325075719705601880372190182
02007011207152001103599055915204071420265134131
02007011207152003102200067517105041640340167173
02007011207152003103141071818405341750359179180
02007011207152003104882000015300001410000000000
02007011207152004100655069416005341620372180192
02007011207152004102130061116004511510300146154
02007011207152004102512072319005331740359169190
02007011207152004103016087621606602200440220220
02007011207152004104585082820406242010423210213
02007011207152004104684054615103951410254131123
02007011207162000110226072118405371790358179179
02007011207162001103369053013803921320260128132
02007011207162001104853066917104981680330165165
02007011207162002100819066016504951640331163168
02007011207162002110183068417905051680337171166
02007011207162004100327064516304821620320161159
02007011207162004100719051413603781270251125126
02007011207162004101625063915904801570323160163
02007011207162004101718071518105341770357181176
02007011207162004102400000000000000000000000126
02007011207162004103255055315104021450257128129
02007011207162004104318070318105221750347000000
02007011207172000103853075418905651810384189195
02007011207172001107009065516204931610332167165
02007011207172002101104067718104961710325166159
02007011207172002107108069817505231710352175177
02007011207172002110141062616104650000000000168
02007011207172004101254071818105371740363176187
02007011207172004102920078519305921900402194208
02007011207172004103454077319705761860390193197
02007011207182002104149069918705121770335167168
02007011207182003103797067217205001680332168164
02007011207182003105710061815804601520308153155
02007011207182004101592069417205221710351175176
02007011207182004102816058315104321470285143142
02007011207182004103239065016004901570333168165
02007011207182004103905065716604911610330160170
02007011207182004104602057415604181460272140132
02007011207182004105495062616304631590304156148
02007011207182004105673058515304321460286144142
02007011207182004106837068016905111720339171168
02007011207182004107228066816904991710328162166
02007011207192000105094000014400000000000000000
02007011207192001103410063615404820000000000163
02007011207192003104447000015500001590000158000
02007011207192004103788072619405321790353177176
02007011207192004104275054314204011330268132136
02007011207192004104375054414204021340268131137
02007011207192004105505070617705291710358176182
02007011207192004105856069517405211710350175175
02007011207202004103051069718305141750339174165
02007011207202004106117075819605621830379185194
02007011207212004101137066617604901560334168166
02007011207212004102776081220506071930414207207
02007011207212004106227077320005731900383194189
02007011207222003105839074919405551870368184184
02007011207222004102959081120706041980406201205
02007011207242001107782077619105851970388184204
02007011207242003107183070618105251650360188172
02007011207242004104323068518704981660332163169
02007011207252002100420065417204821640318162156
02007011207252004100957065817304851690316157159
02007011207252004104178081920706122080404202202
02007011207252004106226073118505461740372178194
02007011207252004109333063117104601640296155141
02007011207262000106793072718505421750367179188
02007011207262003100781066417104931630330163167
02007011207262003105155083721206252090416209207
02007011207272003103141068617605101690341167174
02007011207272004107325067416505091600349170179
02007011207282002100398075018405661850381190191
02007011207282002106160072518705381890349171178
02007011207282004102920074017005701740396202194
02007011207292000103853070617805281760352179173
02007011207292004103454077219505771890388195193
02007011207302002107108067917205071670340168172
02007011207302003105710055415304011350266137129
02007011207302004103016064019904411490292145147
02007011207302004103171063019204381480290144146
02007011207302004104585062118604351450290145145
02007011207332001102588084120206391970442211231
02007011207332003100237067416505091670342168174
02007011207332003103615085920806512050446214232
02007011207352004101921067716105161630353170183
02007011207352004107315067218504871740313162151
02007011207372004105128082722606012010400200200
02007011207382004100635000000005511820369183186
02007011207382004101259080020805921970395197198
02007011207392004105868088523006552170438220218
02007011207402004102163085322206312050426213213
02007011207412002106160066916805011670334162172
02007011207412003105155080621405922010391192199
02007011207412004103969067616505111640347169178
02007011207412004104145069116905221660356173183
02007011207412004104178079919806011970404201203
02007011207412004104835068216705151640351171180
02007011207422002101676067517505001740326161165
02007011207422003107348076419705671870380186194
02007011207422004101236066416205021620340167173
02007011207422004104277068517205131690344167177
02007011207432001105815068417605081740334165169
02007011207432004100270072718405431770366180186
02007011207432004101197071900000000000372187185
02007011207432004101304075819405641880376188188
02007011207432004104342073700000000000370187183
02007011207442002102644077619605801950385202183
02007011207442004103016058320003831390244124120
02007011207442004103171057219203801370243123120
02007011207442004104585056919003791360243123120
02007011207452004110140070118005211680353172181
02007011207472004103449072319305301740356176180
02007011207491999101718066315605071550352162190
02007011207492004104760076718705801820398192206
02007011207492004107156084620606402110429212217
02007011207502001104710056013104291320297147150
02007011207502004101674091426806462430403216187
02007011207512001104108070316305401720368187181
02007011207512002105985073220605261850341174167
02007011207512004102316069217105211700351174177
02007011207522000104299000000005741870387191196
02007011207522003106213074718905581870371187184
02007011207522004106503064016304771510326154172
02007011207532003103682067016905011600341161180
02007011207532004101551064415804861540332159173
02007011207542004100790066214805141540360170190
02007011207542004106240089225006422360406204202
02007011207552003107064000000005451750370183187
02007011207552004105875091624106752300445225220
02007011207562004101236000015700001350000124000
02007011207562004104277055316003931370256124132
02007011207562004105159075619005661890377184193
02007011207562004109254075118705641880376184192
02007011207572004100270073317205611810380183197
02007011207572004104342065017704731710302163139
02007011207592004110202085722106362120424214210
02007011208002000101532071917805411750366180186
02007011208002004107289070418305211730348176172
02007011208002004109028072917305561800376185191
02007011208012002107299072518505401780362181181
02007011208022001110277073418605481770371184187
02007011208022003100162072118305381750363181182
02007011208022003102488086720106662050461221240
02007011208022004100281070116805331680365175190
02007011208022004101756071918505341720362176186
02007011208022004102659083020006302050425211214
02007011208022004102827082521106141990415196219
02007011208022004103375067717705001610339171168
02007011208022004104247069816705311690362176186
02007011208022004105551070717405331680365175190
02007011208022004107109078118905921880404197207
02007011208032001103362068318105021750327166161
02007011208032001110020065616904871670320159161
02007011208032002100761085521106442100434216218
02007011208032002103739068918105081800328168160
02007011208032003102358067800000000000000000000
02007011208032003110212000000005190000000000169
02007011208032004103721065716804891670322162160
02007011208241998103351000016900001430000133000
02007011208252001110203072619105351840351172179
02007011208252002103680070618405221700352177175
02007011208252004101498072518905361840352173179
02007011208252004101862071418505291830346172174
02007011208252004102827062718604411470294145149
02007011208252004102969058115404271420285143142
02007011208252004103266067717605011640337165172
02007011208252004105612055815104071410266141125
02007011208252004110128055514904061410265140125
02007011208262000101532068817105171710346167179
02007011208262002100761064719504521520300148152
02007011208262003102294068117605051680337168169
02007011208262004101756055515903961340262132130
02007011208262004102659079418706072000407196211
02007011208262004103375055916203971350262131131
02007011208262004104310069816805301710359179180
02007011208262004104363067717105061670339167172
02007011208262004104487067316505081610347170177
02007011208262004105713073819105471880359185174
02007011208262004107323069417105231730350000000
02007011208272001110184049112603651170248119129
02007011208272004109024055514904061350271134137
02007011208282002110168069917905201700350175175
02007011208282004100054089822406742150459223236
02007011208282004102439067616905071650342170172
02007011208282004102764067017005001640336169167
02007011208292004100554070017105291740355172183
02007011208302003102529073918505541800374186188
02007011208312000100785066216105011600341166175
02007011208312002103667069616905271700357175182
02007011208322004101031072819505331830350176174
02007011208342004101002076218805741880386196190
02007011208362004101942082020706131990414206208
02007011208362004106504069919705021760326166160
02007011208382000101532070617505311710360175185
02007011208382001100054066816904991620337165172
02007011208382003102832086323906242140410207203
02007011208392002100761055417803761320244122122
02007011208392003102294058317504081480260133127
02007011208392004102827056618503811360245122123
02007011208402003103777062715104761520324157167
02007011208402004102659078921005791860393189204
02007011208412000100785051314103721280244122122
02007011208412002110168053913804011380263134129
02007011208412004102439054113904021390263134129
02007011208412004104310052714303841330251124127
02007011208412004104363052714303841330251125126
02007011208412004104487053014403861330253125128
02007011208422004102764066117004911670324170154
02007011208432003104108077119105801920388194194
02007011208432004100460075719005671890378189189
02007011208432004106615080621105952000395200195
02007011208452004100280066416405001540346166180
02007011208452004103933067300000000000000000172
02007011208452004109228061715804591540305152153
02007011208472004101002074217605661810385194191
02007011208482003101238071319805151830332159173
02007011208492004101942085020806422050437218219
02007011208492004106504068018604941640330165165
02007011208512001100054066416704971580339170169
02007011208522003102832072319505281770351178173
02007011208542004105319070917005391770362183179
02007011208551999103715074218005621810381190191
02007011208572002101369067916605131640349172177
02007011208572004103334077221205601860374192182
02007011208582004107152070718305241820342176166
02007011208592004100365069618505111700341171170
02007011208592004101248070118505161720344173171
02007011209012001100869054014303971340263131132
02007011209041999107518084822206262060420206214
02007011209052004100760087522106542170437217220
02007011209052004106402072416005641700394186208
02007011209112004103443073017705531780375181194
02007011209112004106928075618205741820392190202
02007011209142004107211074619805481800368176192
02007011209152002104959067018304871700317162155
02007011209152004102327065416204921570335163172
02007011209152004109363067118304881700318163155
02007011209162002100791073818705511760375192183
02007011209162004102452073018805421780364181183
02007011209162004105373072018905311750356177179
02007011209162004110157073719105461790367183184
02007011209192004101164076119305681860382187195
02007011209192004105832063315404791500329157172
02007011209192004107177067717205051690336169167
02007011209212002105027071418005341770357178179
02007011209212003103806065715904981570341166175
02007011209212004106908069517205231700353167186
02007011209222002100517066917304961730323163160
02007011209222004103112066817304951730322162160
02007011209222004103603071217905331720361178183
02007011209222004103634066700000000000325165160
02007011209242003110122079120305881830405200205
02007011209252001101307079119505961930403200203
02007011209252002110013066515505101690341174167
02007011209252004101819076919405751920383192191
02007011209252004103784074117505661810385195190
02007011209252004106263073317305601760384195189
02007011209452004101795056515404111450266139127
02007011209462002104881068117005111710340169171
02007011209462002105164066215905031560347169178
02007011209462002109421076219805641920372188184
02007011209462003103806069017205181670351171180
02007011209462003104568066016604941590335162173
02007011209462004100776068317405091640345170175
02007011209462004104816071916905500000000000191
02007011209471999101413076119005711870384191193
02007011209472002102820000000005451750370178192
02007011209472002103088069017905111660345170175
02007011209472002104887065916604931590334166168
02007011209472002110013066116804931670326170156
02007011209472003106043078419005941880406199207
02007011209472003107470066916805011640337165172
02007011209472004101265073017705531760377187190
02007011209472004101537071217905331760357175182
02007011209472004101671075119605551830372186186
02007011209472004102323070318105221790343168175
02007011209472004102699070717805291770352172180
02007011209472004105535075319105621830379182197
02007011209472004106865071518705281720356180176
02007011209472004107119072418005441780366185181
02007011209482001102242067817605021650337162175
02007011209482002100271068217005121650347170177
02007011209482003106382074018305571780379184195
02007011209482004100236080920606032010402198204
02007011209482004101834063215104811530328161167
02007011209482004104461076919105781860392201191
02007011209482004105660079020105891870402196206
02007011209482004107003081321006031940409201208
02007011209492002107350092520007252260499245254
02007011209492004101224071618405321710361176185
02007011209492004105408076519205731790394200194
02007011209502002107270069116205291680361179182
02007011209502003102486053913704021270275128147
02007011209502004101840065016604841590325163162
02007011209502004104335065416504891620327164163
02007011209512003101272070317605271730354176178
02007011209512004103603067016805021650337166171
02007011209512004105067067916805111640347169178
02007011209512004106908067416305111600351173178
02007011209512004107026067216505071640343169174
02007011209522000107645080320905942010393196197
02007011209522001106208052414003841290255126129
02007011209522002106279067018104891620327161166
02007011209522004100088078420605781970381194187
02007011209522004100598095422907252290496250246
02007011209522004100869067715905181640354173181
02007011209522004101919052113803831280255126129
02007011209542001103444070418605181710347177170
02007011209552000106616075720005571840373185188
02007011209552001105209075018905611900371184187
02007011209552002110201066517604891680321162159
02007011209552003106173090022706732220451216235
02007011209552004106883066517704881670321162159
02007011209562003107422067717705001740326156170
02007011209562004104185072017605441750369181188
02007011209562004105738072218205401780362184178
02007011209572001100355065517204831670316158158
02007011209572002101564073618405521770375187188
02007011209572002103435074719605511850366183183
02007011209572003105475073517705581760382189193
02007011209572003107187065116604851570328161167
02007011209572004100015074719205551820373187186
02007011209572004100728071418305311740357179178
02007011209572004105501071018005301720358179179
02007011209572004106781066617304931660327162165
02007011209592002109421069419205021890313164149
02007011209592004101217081519906162010415204211
02007011209592004104132070717905281740354175179
02007011210002003105098071317605370000000000191
02007011210002004101671071518705281770351177174
02007011210002004105535074118805531800373183190
02007011210012002104887066216604961590337164173
02007011210012004100328065216704851640321162159
02007011210012004100776065618204741700304153151
02007011210012004101265070517405311690362177185
02007011210012004101408065016804821660316156160
02007011210012004101537053414603881340254124130
02007011210012004102323053915003891360253124129
02007011210012004102652067117105001670333163170
02007011210012004102699053314703861340252124128
02007011210012004103378000000004600000000000158
02007011210012004104777068219704851710314154160
02007011210012004105660075819405641870377188189
02007011210032000107645053014203881310257127130
02007011210032002103088067816805101700340165175
02007011210032004100236071818605321720360176184
02007011210032004101224073820305351820353176177
02007011210032004101840054214403981340264131133
02007011210032004104335054414603981340264131133
02007011210032004104725077719805791970382192190
02007011210032004107003071918905301710359175184
02007011210042004103531072019305271720355174181
02007011210042004103790075720505521900362186176
02007011210052000100335069017305171670350172178
02007011210072004100144068917305161710345172173
02007011210072004102199068817305151690346174172
02007011210082000101315067018404861600326159167
02007011210082000106616068719004971720325166159
02007011210082002105604060615704491530296147149
02007011210092003105475072317805451730372181191
02007011210092003106998065116504861610325161164
02007011210112001110083083620506312000431216215
02007011210112003101688067116805031680335164171
02007011210112004110082064315804851570328163165
02007011210152004101217077618605901890401196205
02007011210162000110222115930008592860573288285
02007011210172004100048068816705211670354172182
02007011210172004102321069217405181640354178176
02007011210172004104754096723107362300506243263
02007011210172004110218069517305221690353176177
02007011210182003102535077118805831910392194198
02007011210182004103047074018105591780381183198
02007011210182004109217080920106082020406207199
02007011210192002100888080319806051950410204206
02007011210192004103541070917705321710361175186
02007011210192004103790072719405331810352180172
02007011210222004100144055215004021420260132128
02007011210222004102199054715003971410256131125
02007011210232000101315065017604741580316156160
02007011210232002102046059716904281430285141144
02007011210242004103924082621106151920423209214
02007011210242004105911112124908722660606299307
02007011210252004101826082321206112040407207200
02007011210252004104700082420606182040414207207
02007011210262004100376080219606061930413201212
02007011210282001103375072820005281800348174174
02007011210292004100048065816304951550340162178
02007011210302001104466066318204811700311153158
02007011210302003102514067018104891750314157157
02007011210312003102949066917204971770320162158
02007011210312003104145072718505421820360181179
02007011210312004102321067516305121610351178173
02007011210312004105647067017504951760319162157
02007011210312004110218066916705021580344170174
02007011210332002100888075018605641840380189191
02007011210332004107174071417605381710367182185
02007011210332004109217082020506152040411200211
02007011210342002100818000000005551780377188189
02007011210342002103090070017105291670362175187
02007011210342003102535079421105831850398200198
02007011210342004100456065816804901580332164168
02007011210362002103791073719105461860360188172
02007011210362004104754088624506412260415208207
02007011210372003103290069817105271720355176179
02007011210402004103088071218005321760356177179
02007011210402004105040071317705361730363181182
02007011210442004102101069917905201700350178172
02007011210462003102949054415503891350254126128
02007011210482002103791072518805371790358178180
02007011210482004109217079620205941970397197200
02007011210492003102535080225205501760374181193
02007011210512004104754078020505751940381194187
02007011210582000101348072017805421840358180178
02007011210582004103832078121505661980368187181
02007011211022004104445099127507162500466249217
02007011211052002110174082820906192020417206211
02007011211062004110181078820205861850401196205
02007011211072003102852084521206332040429213216
02007011211072004106082081621506011980403199204
02007011211142004100169069217005221660356176180
02007011211151999106989076819205761880388190198
02007011211192002110174074118505561810375186189
02007011211202004110181073018005501790371185186
02007011211222003102852081421306011950406204202
02007011211222004106082083121506162030413198215
02007011211232003102694075318705661810385190195
02007011211242002106023080818406241990425208217
02007011211271999106989076119605651810384195189
02007011211322002110174073119005411820359178181
02007011211332004110181068716905181660352174178
02007011211352003102852076819305751890386189197
