12007012003582001102686073919605431890354182172
12007012003582001103178058616404221470275138137
12007012003582004103185064317604671590308157151
12007012003582004110005064117404671570310157153
12007012003592002100954061016504451530292147145
12007012003592002102739066818104871600327166161
12007012003592002110254066217604861570329165164
12007012003592003110185066220104611500311155156
12007012003592004100724070818905191790340175165
12007012003592004100879067819304851620323159164
12007012003592004103089070719005171600357177180
12007012003592004103267070719605111840327172155
12007012003592004104183069319205011670334165169
12007012003592004104258062516904560000000000144
12007012003592004105652066217104911670324166158
12007012004002000104004077920805711910380192188
12007012004002001101705075620205541850369184185
12007012004002001103237073319105421800362181181
12007012004002002100694073620405321800352174178
12007012004002004100661078923005591920367185182
12007012004002004103090076820505631890374187187
12007012004002004103502076720405631900373187186
12007012004002004103679075518405711820389193196
12007012004002004105329073120205291770352171181
12007012004002004106808070918405251770348175173
12007012004002004110033070217705251760349175174
12007012004022003100828078421305710000000000189
12007012004022004100504069017905111700341174167
12007012004022004100583000000005331690364179185
12007012004022004102404072217705451730372184188
12007012004031997103474079420605881900398192206
12007012004032003101234074718505621890373182191
12007012004032003103925067517505001700330158172
12007012004032004100503073520605291900339174165
12007012004032004100596070218905131620351168183
12007012004032004101232082022605941930401197204
12007012004032004102150086123406272100417210207
12007012004032004102857081823505831980385194191
12007012004032004103468070117905221690353177176
12007012004032004104479073718505521800372186186
12007012004042000110170070020504951780317163154
12007012004042001103413071221005021780324166158
12007012004042002100971078221005721930379191188
12007012004042002100997072220405181750343172171
12007012004042003107193077221605561880368185183
12007012004042004100589079221005821940388193195
12007012004042004102384073817905591900369191178
12007012004042004102909068417905051710334163171
12007012004042004102999073620205341910343180163
12007012004042004103007073720305341890345175170
12007012004052001106642080421405902020388197191
12007012004052003105102080420505991970402200202
12007012004062004101261075419105631840379185194
12007012004072004100026071118405271740353174179
12007012004082004104160072218205401760364182182
12007012004082004104173073619105451790366182184
12007012004092002105730082921806112130398203195
12007012004092003102053071519205231770346174172
12007012004092004100276069517805171780339170169
12007012004092004102382076620605601820378189189
12007012004092004103419070117305281690359179180
12007012004102004102182072319005331810352174178
12007012004102004104432070217805241710353000000
12007012004102004105966071216605461720374183191
12007012004112000101394063715704801570323160163
12007012004112004104427071818705311800351179172
12007012004122002102903074919805511740377194183
12007012004122003100262064416404801560324157167
12007012004122003102472075521705381780360180180
12007012004122004100355072221705051630342168174
12007012004122004103980069717805191740345174171
12007012004132001104603073318505481770371184187
12007012004132002100694066618304831710312161151
12007012004132003102952076219905631820381192189
12007012004132004110033066516604991660333168165
12007012004132004110113069119604951740321160161
12007012004142000104004067216905031640339168171
12007012004142001101705068317605071650342172170
12007012004142003106551070518605191710348172176
12007012004142003110087069317805151690346167179
12007012004142004100348071319105221750347174173
12007012004142004106808069117605151700345174171
12007012004152001103454068317005131610352172180
12007012004152004100102074520905361820354177177
12007012004152004101560074121205291850344175169
12007012004152004102838077721205651870378191187
12007012004152004103679075218805641830381199182
12007012004152004103871076519605691900379190189
12007012004152004105365073819205461830363188175
12007012004162003102983075400000000000368185183
12007012004162004101984076721405531940359185174
12007012004162004102150077920505741990375199176
12007012004162004102287072518905361780358182176
12007012004162004105623061616804481520296147149
12007012004162004105837074020405360000000000177
12007012004162004110151061016504451500295147148
12007012004172003103658073518605491730376188188
12007012004172003107193070919205171750342171171
12007012004172004100099078420605781940384193191
12007012004172004101764065816104971630334166168
12007012004172004102807068717605111700341169172
12007012004172004105781074518205631840379190189
12007012004172004110223070718605211840337176161
12007012004182001107191081621406022080394198196
12007012004182002100772075720405531880365183182
12007012004182002110001000020800000000000000000
12007012004182003107269078522705581970361186175
12007012004182004101015073220505271810346174172
12007012004182004101356074820105471830364183181
12007012004182004106141072818305451800365183182
12007012004182004106607076220205601860374187187
12007012004192001106642069818305151700345174171
12007012004192003105102082824305852030382191191
12007012004192004100596068817305151600355177178
12007012004192004102243068500000000000000000163
12007012004192004105662070218605161700346172174
12007012004202001110038070016805321750357181176
12007012004202002101683074219505471820365181184
12007012004202004100026070718605211690352179173
12007012004202004105936077622905471870360183177
12007012004202004110065074922005291810348173175
12007012004212004106018070118605151720343169174
12007012004222001104489073119405371770360180180
12007012004232001102438000000005381910347177170
12007012004232002106272072918005491820367189178
12007012004232004107121074217905631920371190181
12007012004232004107147073518505501800370184186
12007012004242001103935070617205341690365179186
12007012004242003102053069319005031680335164171
12007012004242004100611075520105541880366186180
12007012004242004100730080523105741910383193190
12007012004242004101438075020305471810366179187
12007012004242004102172075119005611900371187184
12007012004242004102382070619905071700337167170
12007012004242004106467073618605501780372181191
12007012004252000100158072119505261760350175175
12007012004252001103317074220105411830358181177
12007012004252004105018072720405231850338170168
12007012004252004105034068118204991690330163167
12007012004252004106086068318404991700329161168
12007012004272004110042064816904791560323158165
12007012004282004103226063714704901510339161178
12007012004292001103396069318805051720333169164
12007012004292002100645068517305121720340169171
12007012004292004104658067315605171560361172189
12007012004292004106080071218605261720354173181
12007012004292004110030073120405271700357173184
12007012004302001110211074517205731730400194206
12007012004302002102126064118804531710282146136
12007012004302004100943078618805981940404198206
12007012004302004101995071118105301730357176181
12007012004302004103462071219705151720343169174
12007012004312000101479070618005261870339175164
12007012004312002100093072519205331830350178172
12007012004312002104681076323205311910340177163
12007012004312002110207000020600001780000000000
12007012004312003101938070819605121810331168163
12007012004312003106813055916803911370254126128
12007012004312004102897068618505011710330168162
12007012004312004103003069518505101770333166167
12007012004312004110131070719305141770337171166
12007012004332002102674000000005450000000000184
12007012004342004100262078020205781900388197191
12007012004342004102261082421806062060400205195
12007012004342004103187071018805221740348176172
12007012004352000101634000018900001740000183000
12007012004352001102223074618605601820378189189
12007012004352002100477073719305441780366182184
12007012004352002100840075621605401890351179172
12007012004352004100486072719005371830354178176
12007012004352004104174069718605111720339170169
12007012004352004105013074100000000000366186180
12007012004362002106061072219405281790349178171
12007012004362003109445069519405011700331167164
12007012004362003110108073322505081830325000000
12007012004362004105073067817805001670333166167
12007012004372002100288075119905521830369189180
12007012004372002104139070618405221700352175177
12007012004372004100468066817704911610330162168
12007012004372004100611066616205041680336168168
12007012004372004100677076320005631830380188192
12007012004372004101669068017905011720329171158
12007012004372004104694071917605431760367182185
12007012004372004107121067717405031660337165172
12007012004372004107147073119505361800356173183
12007012004382002100471073518705481790369185184
12007012004382004102048075820205561850371186185
12007012004382004110172086824306252230402210192
12007012004392004105074066517204931670326167159
12007012004392004105987067016905011640337169168
12007012004402003102646073921705221830339169170
12007012004402004102138076620305631980365188177
12007012004402004103825070518805171720345172173
12007012004412004103259076920105681900378187191
12007012004412004105024070318405191730346176170
12007012004422003106551068917405151680347170177
12007012004422004103750076619805681920376191185
12007012004432001104731055115004011500251127124
12007012004432004100362072317805451790366190176
12007012004442000101466065118204691660303154149
12007012004442002100732069817805201650355176179
12007012004442003105419065016204881580330164166
12007012004442004100943081419406202050415203212
12007012004442004101278076619405721870385190195
12007012004442004101997071418305311800351178173
12007012004442004105913077919205871960391195196
12007012004452002100093072919305361790357178179
12007012004452003106419069017705131650348180168
12007012004452004107007070417005341710363182181
12007012004462001103725071618805281770351177174
12007012004462002102706068818205061720334167167
12007012004462003107181070318005231770346176170
12007012004462004101825070600000000000366180186
12007012004462004105089070017705231800343174169
12007012004462004106458073518105541800374183191
12007012004472000101550077020805621960366186180
12007012004482004105973068819504931720321160161
12007012004492002102283072519805271750352178174
12007012004492002107509083121806132060407210197
12007012004492003103442070421004941750319163156
12007012004492004105982072416905551710384189195
12007012004502003102784073618505511850366185181
12007012004502004100688066117904821630319161158
12007012004502004105764081322005932050388200188
12007012004512002106391067619504811650316165151
12007012004512003102742072118605351760359180179
12007012004512004100966072618805381760362182180
12007012004512004105509073619305431740369182187
12007012004522002100852000000000000000000000000
12007012004532003100546073919305461850361178183
12007012004532003101633055415304011350266130136
12007012004532003101933065915705021550347163184
12007012004532004100692068117705041700334000000
12007012004532004105150059617404221650257134123
12007012004532004106003071318405291790350173177
12007012004532004110255062220204201600260127133
12007012004552004103557068117405071640343170173
12007012004552004105998077521405611910370186184
12007012004561999105929073818405541860368188180
12007012004562001107508073219605361770359180179
12007012004562002103816069618505111730338171167
12007012004562003101812068317705061730333168165
12007012004562004103461072219605261800346174172
12007012004562004103524070219005121800332166166
12007012004562004103539070419205121790333167166
12007012004562004104076073620105351790356178178
12007012004571999101279069918005191770342166176
12007012004572001110100055716003971360261134127
12007012004572004101968073719605411780363184179
12007012004572004107168071919505241750349174175
12007012004581998100689073619005461830363180183
12007012004582002102231074120005411810360180180
12007012004582002103803069919405051710334163171
12007012004582002110114074420605381860352180172
12007012004582003110085072019705231670356169187
12007012004582004100597074120105401820358179179
12007012004582004101172075020805421880354176178
12007012004582004101851068317605071690338174164
12007012004582004102841072019105291690360175185
12007012004582004105071000000005982020396199197
12007012004582004110165069318105121710341172169
12007012004582004110180067217804941620332169163
12007012004592003100591072318105421800362182180
12007012004592003105266072718405431710372188184
12007012004592004100685073718705501830367181186
12007012004592004101100071417505391780361180181
12007012004592004106458075519405611840377186191
12007012004592004107124067316505081640344173171
12007012005002000105073073519605391760363182181
12007012005002000110053070318205211700351178173
12007012005002002102015070319905041770327172155
12007012005002004104122072819205361730363182181
12007012005002004106610075018805621760386189197
12007012005012001100778071818905291710358178180
12007012005012002106614070318205211750346173173
12007012005012003100905053514403911370254128126
12007012005012004103681069918305161730343172171
12007012005012004105381067417704971640333168165
12007012005012004106343071518905261780348180168
12007012005022002106896067817605021660336165171
12007012005022002107509077020305671900377191186
12007012005022002109448071918205371860351178173
12007012005022004102874076220705551910364186178
12007012005022004103006075520005551790376182194
12007012005032004101181071517505401730367179188
12007012005032004105764077520905661900376189187
12007012005042001100877073418305511840367182185
12007012005042004102200076021505451910354178176
12007012005042004104162071718605311740357179178
12007012005042004105509071918905301750355174181
12007012005062002102283067117204991610338166172
12007012005062003102784069318005131700343168175
12007012005072004101857070419005141740340170170
12007012005072004104713070017905211710350174176
12007012005082001100668068716905181700348174174
12007012005092000103579065916704921560336162174
12007012005092002102727077921205671930374196178
12007012005092004102303071417905351710364181183
12007012005102002103816066918104881660322160162
12007012005102003101812066117404871650322162160
12007012005102004101968066017704831650318163155
12007012005102004102145066418004841620322159163
12007012005102004102296075620105551900365186179
12007012005111999101279069118305081710337171166
12007012005112002110128091025606542250429222207
12007012005112004101190070317905241760348174174
12007012005112004102841077121005611940367188179
12007012005112004103733063916604731580315161154
12007012005112004104066074818305651830382197185
12007012005112004104481077419505791950384190194
12007012005122000106061067818404941660328161167
12007012005122004100685054715003971390258131127
12007012005132004100541064815904891530336161175
12007012005132004101694075918605731870386193193
12007012005132004103291079721105861930393198195
12007012005132004103872069017905111700341166175
12007012005132004106077076320405591900369181188
12007012005132004110272075020605441740370183187
12007012005142002102282077820805701860384188196
12007012005142003102816071019005201710349176173
12007012005142003103892068018005001660334173161
12007012005142004102141066717004971670330168162
12007012005152002100603075220305491860363186177
12007012005152004103543072819105371750362182180
12007012005152004103648072719605311760355179176
12007012005152004107137073620505311780353177176
12007012005162001103312080123805631950368187181
12007012005162004100377077821305651980367189178
12007012005172003105071072020805121750337171166
12007012005182001103121064915904901530337164173
12007012005182002105266066417404901610329161168
12007012005182004103202074718905581860372185187
12007012005192002102265074620405421810361182179
12007012005192002103110068318404990000000000160
12007012005192003100630070318505181790339172167
12007012005192003102234079621505811870394199195
12007012005192003102822075019905511860365186179
12007012005192004100648075220405480000000000177
12007012005192004101055072919305361800356180176
12007012005192004105726071819505231790344174170
12007012005202004102120070118105201750345176169
12007012005202004104311077522405511980353187166
12007012005202004106840067217105011670334164170
12007012005212002100648075319205611860375186189
12007012005212002107010078120005812000381191190
12007012005212003100168066217704851640321159162
12007012005212003100913074019505451810364184180
12007012005212004103864074719005571840373186187
12007012005222004106505075018305671870380189191
12007012005232004100942078922705622000362188174
12007012005242003103804060718704201540266133133
12007012005242003105442070819405141700344171173
12007012005242004104004067716505121640348171177
12007012005242004104138073117405571770380193187
12007012005242004106786063819004481790269140129
12007012005262003101825070517605291720357176181
12007012005262004109053073418005541850369181188
12007012005272004110227071218005321790353179174
12007012005282004104436064315304901550335170165
12007012005292001100385078820505831940389197192
12007012005292002101220073220305291780351177174
12007012005292003102840066116105001590341168173
12007012005292004101969068118105001690331166165
12007012005302002106400070717605311710360179181
12007012005302004102075096025907012390462234228
12007012005302004104287068215805241620362177185
12007012005302004104861074719605511770374187187
12007012005302004105552070016505351700365184181
12007012005302004105684069418005141690345175170
12007012005302004106461071817105471770370182188
12007012005322001110249069518105141750339170169
12007012005342003104812067219004821630319159160
12007012005342004106590066800000000000335164171
12007012005352003100913070518605191720347177170
12007012005352004105216069917505241780346179167
12007012005352004105222070418305211770344177167
12007012005362004101080074119605451810364181183
12007012005402004103154070418105231670356171185
12007012005412003102309072119905221750347177170
12007012005421999106730076321205511930358184174
12007012005422004101396066916905001610339171168
12007012005422004101969065117304781650313155158
12007012005432001100385071617805381750363183180
12007012005432001106157072319705261860340173167
12007012005432001109047072618705391800359180179
12007012005432002101220070219305091710338172166
12007012005432002102879060816504431500293144149
12007012005432003107211067617804981670331169162
12007012005432004102013073118705441820362182180
12007012005452000103680069418205121660346169177
12007012005462004100672070219105111730338165173
12007012005482002104214074118605551890366189177
12007012005482003101722000000005541940360186174
12007012005492003102542084322206212000421207214
12007012005492003104203080720206051940411205206
12007012005492004109197076020205581850373186187
12007012005502002104935076618805781860392193199
12007012005502003101156071018005301770353175178
12007012005502003109318071318105321700362176186
12007012005502004103329071618205341750359177182
12007012005532004101117073319605371840353182171
12007012005532004101620073719905381830355184171
12007012005561999102072000019500001790000177000
12007012005572000103680069418105131710342171171
12007012005572002100832067516605091670342167175
12007012005572002100991066116504961660330164166
12007012005572004102942065816604921640328163165
12007012005592004103414080120805931950398202196
12007012006002002100906072219805241910333171162
12007012006002004110107070216105411720369185184
12007012006012001103283067717705001670333167166
12007012006012001104213077522105541850369185184
12007012006012002104391077921505641980366187179
12007012006032003100656075119705541880366184182
12007012006032004104689063315004831570326158168
12007012006042003102455067917405051680337165172
12007012006042004103033070217405281720356176180
12007012006052003105611072918105481850363183180
12007012006062002106403092725106762300446224222
12007012006062004102271093024606842220462235227
12007012006062004104964084021706232070416209207
12007012006062004105766082221106111970414209205
12007012006062004105977091623106852260459228231
12007012006062004110096076618305831960387192195
12007012006082003102985075920205571860371187184
12007012006092000105531067317604971620335160175
12007012006092004100937079419106031970406204202
12007012006092004100950074818505631900373195178
12007012006102004107309073619805381840354179175
12007012006102004110048081822605922130379199180
12007012006112000101773069420404901720318161157
12007012006112004106147068718205051710334168166
12007012006112004107141068618205041700334168166
12007012006112004110047064116204791540325158167
12007012006122004100432073020005301830347177170
12007012006122004101683076622305431860357177180
12007012006132001110237071218905231740349176173
12007012006132004101702065917104881710317160157
12007012006132004104534065216404881670321165156
12007012006142001104213072919205371780359178181
12007012006142004102001071117805331780355179176
12007012006142004105983073618405521740378188190
12007012006162002101006079521205831970386197189
12007012006162003110073079722705702070363192171
12007012006162004103027076920505642020362192170
12007012006162004103108079522705682040364189175
12007012006162004103198079422605682040364189175
12007012006172002105565070319805051690336168168
12007012006172002106021065917304861610325161164
12007012006172004103862074719505521820370186184
12007012006172004104255069718405131760337170167
12007012006172004105511069718405131760337170167
12007012006182001105278069317405191670352173179
12007012006182003100949076221205501850365173192
12007012006182004103168066716405031590344174170
12007012006182004103455070318605171740343170173
12007012006192004104964079220605861980388193195
12007012006192004105766076019305671850382189193
12007012006201999106409077021905511880363184179
12007012006202002106403081620506112040407202205
12007012006202004102271078521105741930381187194
12007012006202004105977078220405781890389193196
12007012006212004110096074418405601820378186192
12007012006232001104824074118105601790381192189
12007012006232001109085077720905681950373190183
12007012006232004110206072218405381770361181180
12007012006242004104973069518305121730339170169
12007012006242004105821072419105331780355174181
12007012006242004110220070317505281670361176185
12007012006252000105277069721304840000000000156
12007012006262004102898067416705071710336167169
12007012006262004102943067617804981670331163168
12007012006272002101143059917104281500278138140
12007012006282003100848084322806152100405188217
12007012006302002101905070917505341710363179184
12007012006322001105278070617905271750352172180
12007012006322002100295071520205131760337173164
12007012006332002105232079222505671970370193177
12007012006332003104253000022500001960000000000
12007012006332004101820066918704821850297155142
12007012006342002101006067320004731730300155145
12007012006342003110073068819504931710322162160
12007012006342004100455081225105612100351181170
12007012006342004100675071318405291820347178169
12007012006342004103027065919604631680295150145
12007012006342004103108069719005071670340168172
12007012006502000110229069616505311660365178187
12007012006512001103305075919305661940372190182
12007012006512002103543074119005511850366185181
12007012006512002104082075519905561870369187182
12007012006512004102559074020105391820357177180
12007012006522003103338072117905421770365184181
12007012006522003105803053414703871380249125124
12007012006522003106135075019305571860371187184
12007012006522004100278069216605261700356179177
12007012006522004100560066817504931650328164164
12007012006522004100666067717804991710328162166
12007012006522004101627076720905581930365186179
12007012006522004101787075219705551840371186185
12007012006522004102162070918205271780349179170
12007012006522004102396073919505441810363182181
12007012006522004102502083621206242020422215207
12007012006522004103238075419805561900366184182
12007012006522004103342072817905491810368185183
12007012006522004104859074418805561840372188184
12007012006522004105821069018405061700336171165
12007012006522004110083066415905051740331168163
12007012006532000104348068218704951670328168160
12007012006532000105030073919705421880354179175
12007012006532001102058067018104891660323158165
12007012006532001106696000000000000000323161162
12007012006532002105674074220405381820356181175
12007012006532002109125074119905421840358178180
12007012006532002110113070218405181790339169170
12007012006532003103755065616104951590336165171
12007012006532003106503070220804941710323162161
12007012006532004100684072920305261850341173168
12007012006532004102759069119704941780316164152
12007012006532004104975086422906352080427208219
12007012006542000104260063517504601500310151159
12007012006542002101905064416404801560324162162
12007012006542002110075066517204931660327163164
12007012006542003102758070118305181720346178168
12007012006542004100063066215805041600344167177
12007012006552000106609077120305681980370188182
12007012006552002100526068117705041710333163170
12007012006552002105232080623205742040370193177
12007012006552002105564067917305061720334169165
12007012006552004100671077120105701970373194179
12007012006552004103103066416405001600340167173
12007012006562001103271076219705651900375188187
12007012006562004105644076219705651910374187187
12007012006572000101931085122906222100412206206
12007012006572002100492069819105071700337164173
12007012006572002103304070719205151790336157179
12007012006572004106169071219105211720349176173
12007012006582001100237077721005671940373190183
12007012006582001107598071618805281710357176181
12007012006582002101898066117104901550335161174
12007012006582003110179073019705331830350183167
12007012006582004100199067716605111670344170174
12007012006582004102804070118105201820338173165
12007012006582004104400076219705651920373192181
12007012006582004104809072318205411770364179185
12007012006591999104361000000000000000000000000
12007012006592003103810073518205531760377190187
12007012006592004101074081222605861950391194197
12007012006592004101213081222605861950391194197
12007012007002001101505068117305081650343170173
12007012007002003102929066816805001620338167171
12007012007002004102912067817705011650336168168
12007012007002004105467070818105271750352177175
12007012007012002110209071119005211700351178173
12007012007012004101688000000000000000000000000
12007012007022001102129081322005931980395199196
12007012007022001103305069117705141700344171173
12007012007022001110188075821505431860357180177
12007012007022002106044072119305281780350177173
12007012007022003103867068018204981650333168165
12007012007022004102850082123005912030388201187
12007012007032000102308059316604271460281000000
12007012007032000110229068617005161670349169180
12007012007042003101885064216604761580318158160
12007012007042004104556072818405441820362180182
12007012007052002105674075720205551830372188184
12007012007052003100665072419405301770353177176
12007012007052004101078072318005431750368179189
12007012007052004102502082621906072070400202198
12007012007052004104975089624406522290423213210
12007012007052004105203079221205801910389196193
12007012007052004109316070918505241730351177174
12007012007062000105030071218405281780350177173
12007012007062002110113068817505131730340169171
12007012007072002103205064716104861560330163167
12007012007072002109125069919505041710333174159
12007012007072003103513061617304431510292143149
12007012007072004100467071018405261770349182167
12007012007072004102924076420505591930366185181
12007012007072004103163068418904951700325163162
12007012007072004103411076217705851900395204191
12007012007072004105348069217905131670346000000
12007012007072004106760073117305581760382189193
12007012007082001103241073620705291850344176168
12007012007082003102311071218805241830341171170
12007012007082003110109082422206022070395201194
12007012007082004100684074320105421900352176176
12007012007082004105022064615404921580334168166
12007012007082004105026067617405021610341165176
12007012007082004105782080521305921980394198196
12007012007082004106037067717305041620342167175
12007012007082004106421068017605041620342168174
12007012007092003110128068717305141720342174168
12007012007092004103114068516805171720345173172
12007012007092004104403071118005311730358177181
12007012007102000106609075820005581900368183185
12007012007102001105008071418605281700358177181
12007012007111999100645068817305151660349172177
12007012007112001107598066217604861610325163162
12007012007112004101051068116505161630353173180
12007012007112004101779070619705091790330166164
12007012007112004102583069518005151710344171173
12007012007112004105699074719005571850372185187
12007012007112004106296069717205251680357179178
12007012007112004109271070319505081790329165164
12007012007122002105107070220504971680329166163
12007012007122003105148071017805321820350185165
12007012007122004100657071918305361740362185177
12007012007122004103745080121105902040386000000
12007012007122004110044068618505011660335170165
12007012007132003102910074220505371820355174181
12007012007132003104191075118805631760387189198
12007012007132004104892075718905681900378189189
12007012007132004106158076518705781880390192198
12007012007132004106290074120605351790356175181
12007012007152000103002069515805371720365184181
12007012007152004104094071317905341720362181181
12007012007152004106825066817104971610336167169
12007012007162001106254072219305291760353174179
12007012007162002101297068317805051680337173164
12007012007162003101678066316704961570339164175
12007012007162004102837071416905451840361182179
12007012007162004102868067516105141610353172181
12007012007162004105467069816805301740356174182
12007012007172000103018075220205501860364183181
12007012007172001107735059914904501490301150151
12007012007172002100922070018005201710349173176
12007012007172002101270080821305951950400201199
12007012007172003101751064916704821610321160161
12007012007172004103735069716105361720364187177
12007012007182000110004064517104741680306155151
12007012007182003102572067018204881660322163159
12007012007182003102820069717805191760343170173
12007012007182004102024070918705221720350174176
12007012007182004103039071800000000000000000000
12007012007182004106924075520505501810369171198
12007012007182004110119070818905191740345173172
12007012007192003101066073018005501820368183185
12007012007192004100662069419005041720332167165
12007012007192004101737070419105131750338174164
12007012007202000107271070319005131700343171172
12007012007202002103205063216404681560312155157
12007012007202004100197070918305261930333175158
12007012007202004100203076122005412000341177164
12007012007202004101971057014604241390285141144
12007012007202004103984068517705081690339166173
12007012007212003102311064616804781560322160162
12007012007212003105676071218505271700357177180
12007012007212004106421071819205261760350177173
12007012007222001106298073121605151850330175155
12007012007222004103507068917905101790331171160
12007012007232002103584065317304801620318158160
12007012007232003101967069618905071750332169163
12007012007232004109156066117704841730311155156
12007012007242004100833062814604821560326162164
12007012007242004105087073618505511850366185181
12007012007252004106737078922705621920370188182
12007012007262002104926071719005271770350174176
12007012007262004106016073819005481900358186172
12007012007272003110132068700000000000374170204
12007012007272004104196073518705481800368185183
12007012007282000107570070722104860000000000157
12007012007292001103093070320604971720325158167
12007012007292003102910070319505081730335167168
12007012007292003104191067517205031580345171174
12007012007292004101869066617204941720322164158
12007012007292004102777070217305291780351177174
12007012007292004103133069817905191720347175172
12007012007292004105010071318005331730360181179
12007012007292004106290070219505071730334166168
12007012007302002100955052213703851260259126133
12007012007302004102305076821405541930361180181
12007012007312002100980064217104711580313158155
12007012007312002104693067316505081680340170170
12007012007312003100053076220005621990363000000
12007012007312003102618068417705071660341171170
12007012007312004100793073717205651820383186197
12007012007312004101854061815004681450323154169
12007012007312004103716072618005461800366191175
12007012007312004105020066617504911600331164167
12007012007322002107075077121205591900369183186
12007012007322002107238077222105511850366185181
12007012007322002107301064116104801560324160164
12007012007322003102403070318505181730345174171
12007012007322003105673065016104891570332158174
12007012007322004102108069219304991680331170161
12007012007322004104079077521705581820376186190
12007012007322004105016063716404731570316157159
12007012007322004106924077420805661920374189185
12007012007332002109122067518804871670320156164
12007012007332003100739071518305321830349178171
12007012007332003101066068317405091710338166172
12007012007342002102550067416305111610350172178
12007012007352002103483054415103931320261126135
12007012007352003101967069618005161740342174168
12007012007352004100696074320605371830354179175
12007012007352004101077066716005071630344165179
12007012007352004102735073019005401820358182176
12007012007352004105112060116904321620270137133
12007012007362003107003059415304411470294148146
12007012007372001103353075319605571850372187185
12007012007372002110047059417704171560261130131
12007012007372004100609061616904471580289148141
12007012007372004103010067019304771870290160130
12007012007372004103441078819105972000397208189
12007012007372004106850000000004061490257127130
12007012007382001110187068619204941690325160165
12007012007392002101470000017500001740000167000
12007012007392002110064068400000000000000000177
12007012007392004100931073619905371810356183173
12007012007392004105670071419305211750346175171
12007012007392004106122067616205141660348174174
12007012007402004100194070418505191840335178157
12007012007402004101237071217805341750359176183
12007012007402004102475069318105121670345171174
12007012007402004103345066917004991640335168167
12007012007402004104378070618805181820336179157
12007012007402004104904068816205261690357182175
12007012007402004105864072417105531840369185184
12007012007412004104723068518704981760322159163
12007012007422002106778073218505471810366174192
12007012007422003100560064916104881600328165163
12007012007422003103005065416804861600326163163
12007012007422004105164078320005831900393195198
12007012007422004106017075919005691870382191191
12007012007422004106862074918805611850376184192
12007012007442004100643075221005421860356180176
12007012007442004100647075420605481850363186177
12007012007452003100053068717705101600350169181
12007012007452003109161072119305281770351176175
12007012007452004100452070318205211740347174173
12007012007452004106393070918305261730353175178
12007012007462000101497067116905021640338165173
12007012007462001101854073319805351810354175179
12007012007462003102004066816505031640339168171
12007012007462003102519068818505031660337168169
12007012007472002107209069000000000000000000169
12007012007472003102223078320505782010377189188
12007012007472003102395068517205131670346172174
12007012007472004104999072118205391840355180175
12007012007472004106029070919205171750342171171
12007012007482003101075067616405121630349177172
12007012007482003101168067317105021700332167165
12007012007482003106133069319105021760326165161
12007012007482004103410066914905201600360174186
12007012007482004103422074417405701840386185201
12007012007482004105795072119505261770349170179
12007012007492003103853063818004581560302152150
12007012007512000103014070017705231700353180173
12007012007512004103919072018405361800356180176
12007012007512004104003068900000000000000000172
12007012007522002106059071619805181790339173166
12007012007522003102614076920405651890376190186
12007012007532002101312069718105161710345176169
12007012007542001106134074419705471900357189168
12007012007542002110003070418905151730342171171
12007012007542003106311069018405061710335168167
12007012007552002106778069717105261630363175188
12007012007552004105164072217005521740378187191
12007012007562003109161069618305131690344170174
12007012008002003102471069718405131780335169166
12007012008002004103099073819205461890357185172
12007012008002004103139067517704981670331166165
12007012008002004105228067517704981680330165165
12007012008022003102904066516405011620339161178
12007012008022004104385072517805471790368183185
12007012008022004110154073821405241800344179165
12007012008042000103014066517004951550340168172
12007012008042001104037072218705351940341171170
12007012008042002103163073217605561860370189181
12007012008042002106548072819305351800355180175
12007012008052004104003069217505171760341173168
12007012008062004103018066817904891610328162166
12007012008082004102169072519705281780350175175
12007012008092003105275069717805191740345171174
12007012008092004103074067418504891690320161159
12007012008112002100900062116304581530305152153
12007012008112004100462066717004971690328164164
12007012008112004103193067517405011730328164164
12007012008112004104912069118505061680338165173
12007012008121998100265065216204901580332164168
12007012008132001106555069620704891580331159172
12007012008142001109135000000000000000000000000
12007012008142002100518073919905401810359181178
12007012008162004101585073318205511840367183184
12007012008172001105007056815104170000000000141
12007012008172004102698065015804921600332167165
12007012008172004107001072919705321870345179166
12007012008172004107057060314504581420316151165
12007012008202004104184072719205351810354182172
12007012008222004102010067117604951670328162166
12007012008252004100510067917205071670340169171
12007012008262000106983067317305001540346160186
12007012008302002100330075719605611840377186191
12007012008312001103232060615904471680279141138
12007012008322004104201069919005091750334166168
12007012008352002102068069717405231730350177173
12007012008402001103488062115604651540311155156
12007012008402004106033064516204831620321162159
12007012008412004106319069117905121730339168171
12007012008452004104201068217605061640342163179
12007012008472002104010070017805221730349175174
12007012008482001103040063317604571570300150150
12007012008482004101501063715404831530330161169
12007012008482004105037069218405081690339175164
12007012008492004101061072119605251780347176171
12007012008492004106922069015505351650370178192
12007012008502003103022060815304551450310151159
12007012008512001103366068417105131730340169171
12007012008512004106631063015804721490323159164
12007012008562004100188058916104281610267138129
12007012008592003100730071300000000000338169169
12007012008592004102965065117804731660307155152
12007012009042002107304070117905221750347176171
12007012009042002109410072920105281750353180173
12007012009042003106621000000000001670000000000
12007012009042004109131067418104931660327164163
12007012009052004100040072618405421830359185174
12007012009082003102496072620005261800346174172
12007012009092004102333071218605261760350177173
12007012009112001104794072719305341810353176177
12007012009112004102103072717205551740381190191
12007012009112004102775066216105011600341164177
12007012009112004106300072318905341810353176177
12007012009122003102040076219705651910374189185
12007012009122004101889077820505731960377191186
12007012009132003106239066116204991720327169158
12007012009132004103705076321405491920357180177
12007012009132004104517069217905131740339167172
12007012009152003102418064516804771570320159161
12007012009172004103522000000005080000000000175
12007012009192003104769067417205021580344162182
12007012009222004103978068118005011570344169175
12007012009232003103674067718504921640328160168
12007012009232003104953073419805361770359175184
12007012009252001104794071218605261740352175177
12007012009252004102103070016905311710360181179
12007012009252004106300070718205251740351176175
12007012009262004106250070719805091730336167169
12007012009272001100757072420005241770347172175
12007012009312003100301069817905191760343170173
12007012009341999107166073823505031690334167167
12007012009362004100320074419005541830371187184
12007012009362004101149074118505561830373187186
12007012009362004104125073818005581800378187191
12007012009432001107478066417104931630330165165
12007012009432003103773068719004971710326167159
12007012009432004100094068416505191680351178173
12007012009432004104093068919204971670330163167
12007012009432004109070068216405181670351179172
12007012009452002100046074720305441810363184179
12007012009462002100877063716904681550313156157
12007012009462004106636066118204791580321156165
12007012009472001110119069516905261720354176178
12007012009472002106338068117105101680342170172
12007012009482004103545074819905491860363181182
12007012009482004105958073419005441850359180179
12007012009492004100585065915905001620338168170
12007012009492004104018073620605301830347174173
12007012009492004104302071216305491770372186186
12007012009492004104738066516405011590342166176
12007012009511999107166071822504931660327163164
12007012009542001104248068517705081660342170172
12007012009542003110174060816204461530293000000
12007012009551999101659066417604881680320160160
12007012009552000103914072319105321780354173181
12007012009552001107515074419005541860368178190
12007012009552002102679065417604781570321159162
12007012010002004110070069417905151740341166175
12007012010022002100877073321705161810335170165
12007012010042003104070067618504911670324164160
12007012010042003105564072118905321800352181171
12007012010042004103307070217605261770349180169
12007012010052000101588062515604691540315158157
12007012010092004107041078719805892030386196190
12007012010102000106436070019105091740335171164
12007012010112004103113068416605181690349171178
12007012010112004103471069116105301650365178187
12007012010122004102507073419805361830353181172
12007012010122004104151070318305201760344175169
12007012010132004110074067717705001610339167172
12007012010202004102951070822004881770311162149
12007012010222002104353066019204681660302000000
12007012010302002103091065415704971600337167170
12007012010402004102184064216004821610321159162
12007012011091999107063078021805622000362185177
12007012011282002105495101729307242670457244213
