02014112106592009104653071118805231860337176161
02014112106592012104990065617004861640322165157
02014112107002009105278062115804631630300149151
02014112107002009105961063716704701620308153155
02014112107002010101947055415404001410259128131
02014112107002010105439068016605141730341171170
02014112107002011103784062216504571500307149158
02014112107002011104295062215804641640300149151
02014112107002011104427062516604591650294149145
02014112107002011104858068518005051690336166170
02014112107002012104487063916604731600313157156
02014112107012007105089069917205271690358178180
02014112107012008110112068517805071740333164169
02014112107012009103897068118304981670331163168
02014112107012009104127066816605021650337167170
02014112107012009106099067718604911700321164157
02014112107012010100458067318204911700321161160
02014112107012010101329066717004971650332167165
02014112107012010104875067316905041710333161172
02014112107012010106232066117704841640320166154
02014112107012010106531065517404811600321152169
02014112107012011103565075419605581850373183190
02014112107012011104417069317205211740347170177
02014112107012011104597071118505261770349173176
02014112107012011105098071717505421730369184185
02014112107012012100091070318005231670356176180
02014112107012012100112060415604481470301143158
02014112107012012100671067717405031710332171161
02014112107012012100729069216505271700357178179
02014112107012012101286060815504531530300147153
02014112107012012101558060715304541560298148150
02014112107012012102941060515504501510299152147
02014112107012012103209068318305001670333168165
02014112107012012103430067017704931690324162162
02014112107012012103510071218705251820343177166
02014112107012012104175066117104901720318159159
02014112107012012104559056415604081410267136131
02014112107012012104567067217404981690329164165
02014112107012012104584069716505321710361178183
02014112107012012105454069917705221780344172172
02014112107012012105687072419305311870344176168
02014112107012012105688096223607262400486244242
02014112107012012106129070517305321740358179179
02014112107022008102828069617205241680356174182
02014112107022010102215068817705111720339171168
02014112107022010102488075519105641880376187189
02014112107022010104030067017304971660331167164
02014112107022010104087069617505211700351166185
02014112107022010104093069117605151730342165177
02014112107022010110031067416505091670342169173
02014112107022010110044066917104981670331165166
02014112107022011100650069917105281730355176179
02014112107022011100864066416704971680329161168
02014112107022011103449068417405101690341173168
02014112107022011103964067017204981680330168162
02014112107022011104658066816505031660337167170
02014112107022011104718057714204351410294142152
02014112107022011105683070217505271780349180169
02014112107022012100141066216704951640331166165
02014112107022012100167068617605101710339170169
02014112107022012100687072518405411800361186175
02014112107022012100957069717405231700353174179
02014112107022012101040067417405001690331167164
02014112107022012101124067017304971670330162168
02014112107022012101559067617105051700335168167
02014112107022012101893068517705081720336168168
02014112107022012102184058814904391430296144152
02014112107022012102332067617305031660337166171
02014112107022012103408058714904381450293143150
02014112107022012103575068817005181730345176169
02014112107022012103637065417004841630321165156
02014112107022012104257058614704391430296145151
02014112107022012104280057714404331430290140150
02014112107022012104471058914904401450295144151
02014112107022012104698069516605291680361180181
02014112107022012105873067217105011650336167169
02014112107022012106419071618105351770358177181
02014112107032008100196073719005471840363182181
02014112107032009102249068017405061730333169164
02014112107032009104971071818805301770353177176
02014112107032009105222069917905201800340171169
02014112107032009106476069917505241760348175173
02014112107032010100034068417305111720339165174
02014112107032010101156069518005151720343175168
02014112107032010104813074818905591820377188189
02014112107032011104461071917805411860355182173
02014112107032012100573073017805521790373187186
02014112107032012100723073018505451790366179187
02014112107032012100812069517905161730343170173
02014112107032012101197069517905161770339173166
02014112107032012101706070218005221740348172176
02014112107032012103703069917405251730352174178
02014112107032012104111070217505271740353176177
02014112107032012104173070217205301780352180172
02014112107032012104314070817505331770356183173
02014112107032012104347070417505291760353179174
02014112107042006106754068817305151700345174171
02014112107042007106154069417505191810338175163
02014112107042008100661067816605121640348170178
02014112107042008104739068917805111700341171170
02014112107042010101508069518105141780336170166
02014112107042010101675073520105341890345173172
02014112107042010104032067516905061700336173163
02014112107042010104299066417304911670324162162
02014112107042011102450071118005311790352177175
02014112107042011102667070418105231790344168176
02014112107042011106522069917105281840344174170
02014112107042012100338069417405201730347175172
02014112107042012100882073619805381890349172177
02014112107042012101709071818705311830348186162
02014112107042012101860087022906412170424212212
02014112107042012102930073719905381860352177175
02014112107042012103167072518805371820355178177
02014112107042012103258071918305361830353183170
02014112107042012103310073420105331860347174173
02014112107042012105348069017005201690351174177
02014112107052007100773072317305501870363184179
02014112107052007101820087622106552140441215226
02014112107052009104724084020406362190417213204
02014112107052010103793066417104931670326163163
02014112107052010106414070418205221730349174175
02014112107052011102082070118105201760344174170
02014112107052011102824068717205151700345174171
02014112107052011102827072617905471870360182178
02014112107052011103871070117805231750348173175
02014112107052012100263084022206182070411199212
02014112107052012100974070717905281730355183172
02014112107052012102106071017405361810355182173
02014112107052012102382067117105001650335173162
02014112107052012102870070417905251740351175176
02014112107052012103871072117105501890361182179
02014112107052012104355070218305191820337173164
02014112107052012104430066317104921660326161165
02014112107052012106080075820505531920361181180
02014112107062008103993075119305581870371186185
02014112107062009101600070618005261720354173181
02014112107062009103618071417105431730370179191
02014112107062011103078065916604931660327160167
02014112107062011109229073919105481840364187177
02014112107062012100691067117404971690328169159
02014112107062012101021069517405211710350180170
02014112107062012101212068916805211700351175176
02014112107062012102434070917705321760356174182
02014112107062012102503067917005091690340169171
02014112107062012102572069017105191710348164184
02014112107062012102966071218305291770352173179
02014112107062012103579065917104881600328161167
02014112107062012103771074418805561840372187185
02014112107062012104561069917105281710357172185
02014112107062012105814069717405231760347172175
02014112107062012106216068918205071830324166158
02014112107062012106247070817605321740358174184
02014112107062012109141072118505361800356175181
02014112107072008105767066016304971650332162170
02014112107072009102606069817705211730348174174
02014112107072009106462073319105421880354181173
02014112107072010103349070317905241800344176168
02014112107072010103940061117504361550281146135
02014112107072010105893069917705221770345173172
02014112107072011100505068516705181760342173169
02014112107072011103448064617604701680302163139
02014112107072012101206070418605181780340171169
02014112107072012101567069017205181720346172174
02014112107072012102224069218905031800323165158
02014112107072012102451072818205461780368182186
02014112107072012103881077919805811920389198191
02014112107072012104480068716905181720346173173
02014112107072012105320069617305231720351175176
02014112107072012109146067617005061680338170168
02014112107082009106051087721306642160448219229
02014112107082010101017068216705151690346168178
02014112107082010102773070318805151790336165171
02014112107082010103834070718505221760346173173
02014112107082010106453066216804941650329158171
02014112107082011104589074118005611860375187188
02014112107082011105209070017205281750353180173
02014112107082012100133073118905421800362182180
02014112107082012101712073118305481820366180186
02014112107082012103712073618805481850363177186
02014112107082012105480068816905191690350168182
02014112107082012105957070918305261790347174173
02014112107082012106373070717605311770354171183
02014112107082012106398065416504891650324162162
02014112107092009105592067717005071640343169174
02014112107092012101932066016704931700323163160
02014112107092012103610070417805261780348179169
02014112107092012104185061416104531510302149153
02014112107092012105198067917405051670338165173
02014112107092012106283072718705401830357181176
02014112107102009103947065916304961520344169175
02014112107102011101732068018005001730327164163
02014112107102012104990065618204741730301149152
02014112107112010105345066617004961720324162162
02014112107112011110094061717004471530294144150
02014112107112012100787071418505291810348175173
02014112107112012101769072718005471800367189178
02014112107112012102094073218205501760374187187
02014112107112012103507070817205361700366178188
02014112107112012105730072918105481780370190180
02014112107112012106068071518505301810349177172
02014112107122010101972079919406052010404202202
02014112107122010104425079118706041970407201206
02014112107122010104559079519506002020398198200
02014112107122011101500069318005131760337171166
02014112107122012101017071118505261710355178177
02014112107122012102526074017905611820379191188
02014112107122012104331069518205131770336172164
02014112107122012104694064916304861610325160165
02014112107122012104716071018405261770349173176
02014112107122012105190072118105401780362178184
02014112107122012105812073818105571840373180193
02014112107122012106052068616205241690355176179
02014112107122012106139081520806071990408209199
02014112107132010103903075618305731910382192190
02014112107132011104858065916504941630331161170
02014112107132012101313067016605041660338174164
02014112107132012101622063115904721600312165147
02014112107132012103740062615604701640306156150
02014112107132012104320068717205151740341172169
02014112107132012104612067717305041710333169164
02014112107132012109113059914604531500303147156
02014112107142009104127065415604981660332165167
02014112107142010101329065316004931640329162167
02014112107142010104578066617204941710323168155
02014112107142011105461067916505141720342177165
02014112107142012101369069317605171740343175168
02014112107142012103647068617605101800330171159
02014112107142012105707070716705401800360177183
02014112107142012106419071217705351770358180178
02014112107152009105913094424107032380465243222
02014112107152009105944070918205271820345175170
02014112107152010105174067518604891690320161159
02014112107152010106531066218104811690312163149
02014112107152011101778067717605011780323163160
02014112107152011103565068217005121700342166176
02014112107152012100388068217305091650344174170
02014112107152012101124065717904781680310160150
02014112107152012103192071918505341780356182174
02014112107152012103290094423107132350478242236
02014112107152012110120072018405361800356181175
02014112107162009105278067618504911710320166154
02014112107162009105961066618304831700313161152
02014112107162010104441064216104811620319160159
02014112107172008104957066217304891650324163161
02014112107172010100452072118505361820354178176
02014112107172010104944069417205221710351174177
02014112107172010106232068718305041750329165164
02014112107172011104597068918105081750333167166
02014112107172011105459066118504761690307153154
02014112107172012102332064716304841630321169152
02014112107172012102364069517705181720346172174
02014112107172012103637064716604811640317163154
02014112107172012104054072518505401830357182175
02014112107172012105927067417704971740323168155
02014112107172012110094071718205351760359181178
02014112107182008100196070518205231720351177174
02014112107182008102828069617705191730346171175
02014112107182009103068074219205501840366182184
02014112107182010100034067016905011670334168166
02014112107182010101156066417304911610330161169
02014112107182010104030063515904761550321156165
02014112107182010104087069518105141760338162176
02014112107182010104813070319205111820329176153
02014112107182010110031065615804981630335164171
02014112107182011103449066116105001640336170166
02014112107182012100167065815904991620337166171
02014112107182012100687069117405171730344175169
02014112107182012100812067717105061660340167173
02014112107182012101040064216004821590323155168
02014112107182012101559066016404961630333160173
02014112107182012101706069017205181720346171175
02014112107182012103338069317005231710352170182
02014112107182012103703065416904851580327171156
02014112107182012104698069717805191740345170175
02014112107192007103968088921506742230451229222
02014112107192009100276063916604731640309157152
02014112107192010101508062916604631630300152148
02014112107192010101675070218805141730341174167
02014112107192010105379075719405631860377187190
02014112107192011105683070418005241720352179173
02014112107192011106522067818804901730317158159
02014112107192012100882069818705111710340170170
02014112107192012101183069917605231710352173179
02014112107192012102451058615104351490286145141
02014112107192012103167070818905191780341171170
02014112107192012104111066516804971660331164167
02014112107202007106154068416905151680347174173
02014112107202008104739064115904821590323160163
02014112107202011102082067417105031690334170164
02014112107202011103871067717405031680335167168
02014112107202012100691058614204441450299146153
02014112107202012101860074519605491890360178182
02014112107202012102940064816104871640323158165
02014112107202012104008064916604831630320161159
02014112107212009101806091523606792280451234217
02014112107212009103618069016705231680355172183
02014112107212009104380092423906852270458230228
02014112107212011100332072518105441840360176184
02014112107212011101304068415505291640365172193
02014112107212011102667067417504991690330163167
02014112107212012100374066717104961690327167160
02014112107212012102015068717805091750334161173
02014112107212012102343060215104511540297153144
02014112107222007100773069017205181760342170172
02014112107222008103993069918205171740343174169
02014112107222009101600067317404991630336165171
02014112107222010103579068117505061700336169167
02014112107222011101399070218105211810340172168
02014112107222011102827069817605221800342169173
02014112107222011109229070017905211770344179165
02014112107222012103771068717805091700339169170
02014112107222012103871069117305181770341170171
02014112107222012103881071519005251760349180169
02014112107222012105486075118605651900375189186
02014112107222012105967071618005361870349178171
02014112107222012110081075518305721820390195195
02014112107232010102773067117804931710322161161
02014112107232011101500062716704601580302152150
02014112107232012100545068017305071780329168161
02014112107232012101771062316604571570300149151
02014112107242012100056054814204061360270129141
02014112107242012104171053714303941350259129130
02014112107242012105180075819905591890370188182
02014112107252010104559072218105411820359181178
02014112107252012106139072418905351850350179171
02014112107262010101972072717805491790370184186
02014112107262010104425073818405541790375186189
02014112107262012101769067416805061700336166170
02014112107262012102005067216305091720337174163
02014112107262012102094066717504921640328162166
02014112107262012103507066817104971640333165168
02014112107262012105730065517204831620321153168
02014112107262012105812067817405041680336163173
02014112107272012101017068518005051810324165159
02014112107272012101639074520205431850358179179
02014112107272012101693085322406292150414214200
02014112107272012102526066316804951710324166158
02014112107272012103997083420906252200405208197
02014112107272012106052059715404431550288149139
02014112107282009105913084421106332120421220201
02014112107282011101095074720105461910355180175
02014112107292010100246074720805391920347179168
02014112107302009105944066117404871660321164157
02014112107302012110120068817905091740335171164
02014112107322012101785068516805171670350174176
02014112107322012105289077219605761900386191195
02014112107332007103968083020406262020424212212
02014112107332010102582076818805801820398192206
02014112107342006102822083921406252110414207207
02014112107342011105905101928607332620471254217
02014112107342012106093084022306172080409208201
02014112107352010101708067718404931710322163159
02014112107352010105379067016805021700332172160
02014112107352010106453061315404591520307145162
02014112107352012105486069717205251700355174181
02014112107352012110081069417405201680352175177
02014112107362012102602074318905541790375178197
02014112107372012100331071718705301760354180174
02014112107382008102865069017805121720340170170
02014112107382012101889068217905031720331169162
02014112107382012102604067116205091660343167176
02014112107382012102942067216705051680337170167
02014112107382012103009068717005171690348171177
02014112107382012106139070118105201800340175165
02014112107392010101972071117405371760361181180
02014112107392010104425070717805291770352179173
02014112107392010104559071117605351820353174179
02014112107392012100737070116505361770359181178
02014112107392012100903068617205141680346173173
02014112107392012101157072519705281870341177164
02014112107392012103396071418005341770357178179
02014112107392012105093070617205341690365182183
02014112107392012105673072618205441750369182187
02014112107392012105765068216505171670350175175
02014112107402011101495072518605391840355182173
02014112107402011101699068617505111690342167175
02014112107402012101639066317504881690319159160
02014112107402012103698074719105561860370185185
02014112107412012100102070016005401670373187186
02014112107412012101420070318405191780341174167
02014112107422010109155066917204971640333167166
02014112107422011105195071018105291790350179171
02014112107422012100718069617105251770348175173
02014112107422012101965069918405151780337171166
02014112107422012102384069818505131750338172166
02014112107422012103619070317405291780351174177
02014112107422012103700065416604881620326161165
02014112107422012104096070618605201720348176172
02014112107422012104434070818005281760352177175
02014112107422012104554066116204991650334167167
02014112107422012104895070218405181720346176170
02014112107442006103082061214904631510312155157
02014112107442012102037068317305101700340168172
02014112107442012102771068717305141720342172170
02014112107442012103086069317505181640354175179
02014112107442012105137067417604981680330163167
02014112107442012105947066617004961680328164164
02014112107442012109062066817004981680330165165
02014112107452008105250070918205271800347175172
02014112107452008105362070517605291770352175177
02014112107452011105225067416905051700335162173
02014112107452012101200072718305441830361181180
02014112107472010100675066416504991620337170167
02014112107472011103696065318504681660302156146
02014112107472011104492066617304931630330167163
02014112107472012102630066917104981660332166166
02014112107472012106323072019805221840338174164
02014112107482011105905108827208162590557272285
02014112107482012102185067317404991700329165164
02014112107482012102602081321206011990402203199
02014112107482012110063062915704721550317156161
02014112107492010101708069318005131730340167173
02014112107492012100940066716205051670338171167
02014112107492012104650063815004881530335165170
02014112107492012106093074619705491880361185176
02014112107502012105221071218405281750353177176
02014112107502012105857067417504991720327167160
02014112107522010101778066916905001650335159176
02014112107532008102865069317605171780339171168
02014112107532009105148065116604851600325161164
02014112107532011104222065516604891600329166163
02014112107532012101889068818505031780325174151
02014112107532012106269062415704671570310155155
02014112107542009102678064615904871570330162168
02014112107542011106545060716304441680276149127
02014112107542012105006069018305071740333169164
02014112107552010103093072718805391860353184169
02014112107552011101699065916404951610334162172
02014112107552011105599071817805401820358187171
02014112107552012100737065216504871660321160161
02014112107552012102361073918805511860365186179
02014112107552012103396068417405101670343170173
02014112107562009105993072316905541710383180203
02014112107562011106071068417105131650348169179
02014112107562012103698071218305291770352175177
02014112107572011105195070319005131830330168162
02014112107572012102346071018005301780352181171
02014112107572012102384064915704921670325164161
02014112107572012104096067117105001650335168167
02014112107572012104434072019105291850344178166
02014112107572012104895067016605041660338170168
02014112107582009104863067616505111760335170165
02014112107582010103016079919606031950408201207
02014112107582011102893088521006752190456226230
02014112107582011110038079119305982010397198199
02014112107582012102297069017305171770340170170
02014112107592010102663074120905321830349176173
02014112107592012104554070016605341770357178179
02014112108002008105250069118005111760335165170
02014112108002010105019072319205311760355184171
02014112108002012102676076019705631910372186186
02014112108022012101200069517805171750342177165
02014112108032009101967073418105531840369184185
02014112108042011104787066816705011640337166171
02014112108042012105897069417705171730344179165
02014112108052011101409068418804961700326167159
02014112108052012100704065917804811620319161158
02014112108062007102673076619905671970370187183
02014112108282009101967055415204021480254130124
02014112108292008104812060015504451510294148146
02014112108292009101683064917004791660313158155
02014112108292009103716079518506101880422203219
02014112108292010103016071117605351730362177185
02014112108292011102269070417605281770351174177
02014112108292011102893075219005621890373188185
02014112108292011103912069117805131740339170169
02014112108292012101097054514504001370263128135
02014112108292012102144055214604061350271131140
02014112108292012102830064616204841580326166160
02014112108292012103375065316204911600331159172
02014112108302012100858068017505051670338167171
02014112108302012105691069017705131720341168173
02014112108302012110115068217305091710338168170
02014112108312011103928078318805951900405202203
02014112108322010102379064816904791710308154154
02014112108322011102005092221507072360471243228
02014112108332010103776070016805321670365179186
02014112108332010104176061816804501550295146149
02014112108332011103583080019906012030398199199
02014112108332012104177075419405601900370186184
02014112108342012105031070518205231760347174173
02014112108352012104938067517904961640332166166
02014112108362012105256079721305842020382192190
02014112108412010103016071117405371730364178186
02014112108412011102644056014904111440267140127
02014112108432010105653069318105121690343175168
02014112108432012101034069318005131720341176165
02014112108432012101179066617004961660330165165
02014112108462011103583071118405271790348176172
02014112108472012104177066617504911640327160167
02014112108492012105031066516604991680331172159
02014112108512009104870071216705451630382182200
02014112108522010102853066916705021700332168164
02014112108522012101894066916705021700332168164
02014112108522012101987065317004831650318159159
02014112108532010102477061815804601760284143141
02014112108532011102910067617505011710330170160
02014112108532012102427071019005201770343171172
02014112109002012100096073219105411870354176178
02014112109002012104520072918605431830360177183
02014112109022008101952062814604821460336159177
02014112109022010105798072417205521780374183191
02014112109022012105988065715205051540351171180
02014112109032012101995069517205231710352175177
02014112109032012105656071117205391740365180185
02014112109042012100094076019105691890380192188
02014112109042012103262075417905751800395186209
02014112109082010102477058516504201490271134137
02014112109082011102910061117304381600278138140
02014112109082012102427066617104951630332166166
02014112109092008104087065917504841650319161158
02014112109132012100077070618805181740344171173
02014112109162009106569065216904831630320160160
02014112109162011104432059514604491480301146155
02014112109162012100678065516904861640322160162
02014112109162012104954060115804431500293147146
02014112109172008101709068217305091710338174164
02014112109172010106459066916705021610341168173
02014112109172011104125067916805111650346172174
02014112109172011106345068116605151660349172177
02014112109172012100931071417505391800359188171
02014112109172012101119068816805201740346172174
02014112109172012101598071517605391760363190173
02014112109172012102524067316705061700336172164
02014112109172012103950066317204911630328164164
02014112109172012104159068116905121640348173175
02014112109172012106191065316704861630323162161
02014112109172012106364065416604881640324164160
02014112109182009102231064116104801600320165155
02014112109182010104458063915904801580322160162
02014112109182010109068074620105451870358176182
02014112109182011100497069517305221750347174173
02014112109182012102090070117705241730351176175
02014112109182012105286073319605371820355181174
02014112109182012106012069917605231810342176166
02014112109192008101952060414504591440315150165
02014112109192009100433072417305511820369188181
02014112109192011109012061315104621520310154156
02014112109192012100094074718505621810381190191
02014112109192012100281069617205241810343182161
02014112109192012100391070017705231820341177164
02014112109192012101995068617105151690346178168
02014112109192012104238073819505431980345184161
02014112109192012104665066717104961740322164158
02014112109192012104891071317505381750363181182
02014112109192012105407077018905811950386196190
02014112109192012105656070216805341740360177183
02014112109192012110100065716004971760321163158
02014112109202012101252069517605191750344178166
02014112109202012106301067717505021670335167168
02014112109212009101353066216504971650332165167
02014112109212012100538067417305011700331170161
02014112109212012101930065516704881650323163160
02014112109222010105742068418305011690332163169
02014112109232007106388070417605281760352179173
02014112109232012100089067817904991710328162166
02014112109232012105869075919305661880378190188
02014112109232012106028076119605651850380188192
02014112109242011103280061815304651520313153160
02014112109242011105825064516404811620319156163
02014112109242012103985064816504831590324157167
02014112109242012104143065616604901590331164167
02014112109252007103990068618205041720332165167
02014112109252010102288069416905251760349177172
02014112109262011104012064116504761570319158161
02014112109472008102789062916904601610299150149
02014112109472008103258062717004571590298148150
02014112109472009110048061316204511550296148148
02014112109472010101957064615904871640323165158
02014112109472011104228062816904591600299149150
02014112109472012102024069417905151750340184156
02014112109472012103622069918205171730344169175
02014112109472012103938069518405111690342162180
02014112109472012104625061016104491570292146146
02014112109472012104649061816404541570297150147
02014112109472012106031065816104971590338167171
02014112109482008101058071918405351780357179178
02014112109482009104693063915404851520333159174
02014112109482009106213065316304901640326163163
02014112109482010102026068717705101720338168170
02014112109482010103979071317305401780362181181
02014112109482010104383072018105391730366178188
02014112109482011102350068117505061730333167166
02014112109482012100195069517605191770342169173
02014112109482012101907067516705081690339164175
02014112109482012102016068717105161700346174172
02014112109482012103562066716804991680331166165
02014112109482012103878063416304711600311157154
02014112109482012105079068617505111750336169167
02014112109482012106091071917905401770363183180
02014112109482012106110072518505401790361172189
02014112109482012106252071217805341790355177178
02014112109482012106315069416705271730354177177
02014112109482012106421067817405041710333166167
02014112109492008104268073918905501880362185177
02014112109492010100777073818605521880364182182
02014112109492010102446073919105481880360182178
02014112109492011103165068216805141660348171177
02014112109492012100371071218505271850342181161
02014112109492012100779069417305211720349176173
02014112109492012101595068616805181650353173180
02014112109492012102051071817105471740373188185
02014112109492012102772084821706312120419210209
02014112109492012102860067617205041650339168171
02014112109492012102887067617305031660337170167
02014112109492012102897067416705071620345169176
02014112109492012103940065516704881640324158166
02014112109492012104141068517505101590351173178
02014112109492012104274066316704961640332159173
02014112109492012104977068417205121700342170172
02014112109492012105243074018605541840370182188
02014112109502009103341069617505211750346170176
02014112109502009105725069717705201790341172169
02014112109502010102588072218105411820359181178
02014112109502011100271071518205331770356176180
02014112109502011100799073519105441830361183178
02014112109502011103152073818905491850364180184
02014112109502011106544066517104941740320159161
02014112109502012100725071617805381730365180185
02014112109502012101173070118105201780342173169
02014112109502012101968069217505171760341172169
02014112109502012102855076619405721890383190193
02014112109502012102865073719405431830360179181
02014112109502012102985069417305211660355173182
02014112109502012103088074118505561790377188189
02014112109502012104293069817505231700353173180
02014112109502012104993069916705321770355179176
02014112109502012105281064615604901620328159169
02014112109502012105490070216705351790356181175
02014112109502012105752072518205431800363181182
02014112109502012109142068217505071690338166172
02014112109502012110047072918105481840364185179
02014112109512009100433071517005451840361186175
02014112109512009106104071017105391750364183181
02014112109512010103237071617705391800359178181
02014112109512010103319068316905141640350171179
02014112109512011100497068417905051700335169166
02014112109512011102144065616404921590333165168
02014112109512011103251070017505251720353173180
02014112109512012100391070017505251770348179169
02014112109512012100829077420705672040363184179
02014112109512012101085069216505271680359183176
02014112109512012101491070217705251750350170180
02014112109512012102090070017705231740349171178
02014112109512012104464068717405131760337173164
02014112109512012105574064315904841600324162162
02014112109512012105598065316804851610324160164
02014112109512012106012068917505141790335170165
02014112109522008100544074519205531870366186180
02014112109522010100534069817605221750347175172
02014112109522010100966079720305941940400199201
02014112109522010106624072318305401820358181177
02014112109522011101576072217705451770368189179
02014112109522011101814069417205221690353176177
02014112109522011104125065817204861660320158162
02014112109522011106345065717104861670319156163
02014112109522012100931071417505391820357176181
02014112109522012101598069016505251750350169181
02014112109522012102524066117104901660324166158
02014112109522012102789062115904621560306151155
02014112109522012103247061215704551500305151154
02014112109522012103269068117505061680338170168
02014112109522012104159065717604811630318159159
02014112109522012104340070717205351700365178187
02014112109522012105807070217605261740352177175
02014112109522012106102066916605031640339170169
02014112109522012109052072517705481830365191174
02014112109532007103990059315104421460296144152
02014112109532009102331069316905241730351177174
02014112109532011101731067316705061650341171170
02014112109532011103821069118005111710340167173
02014112109532011109148069817505231760347178169
02014112109532012100026072118105401760364182182
02014112109532012100255071618305331770356177179
02014112109532012100474072717505521810371183188
02014112109532012100570068217405081620346168178
02014112109532012100853068517205131650348172176
02014112109532012101039065116604851650320160160
02014112109532012102622069917405251720353177176
02014112109532012102698070517005351720363176187
02014112109532012106103070418005241780346166180
02014112109532012106276068616605201720348177171
02014112109532012109104072917805511810370181189
02014112109542009106032084020806322200412210202
02014112109542010100460071818705311820349176173
02014112109542010104823084221106312080423211212
02014112109542011101280068516905161780338161177
02014112109542011109009065317104821600322160162
02014112109542012100983086621906472080439215224
02014112109542012101083085621606402060434213221
02014112109542012101790085721306442040440213227
02014112109552010103882065216604861650321159162
02014112109552010104183066116704941640330167163
02014112109552011101451059815804401460294145149
02014112109552011101463068618305031780325163162
02014112109552011104513067217304991640335169166
02014112109552012104639059315704361500286141145
02014112109552012105874065516404911600331168163
02014112109562008100579059915904401460294144150
02014112109562009106411063815504831610322160162
02014112109562011109004061215804541520302150152
02014112109562012104379064015404861620324163161
02014112109562012105373059415204421300312146166
02014112109562012105861063616204741560318158160
02014112109562012109074070917705321700362174188
02014112109562012109127070517605291700359175184
02014112109572009103849069317805151710344172172
02014112109572009106291069316905241700354175179
02014112109572011103768071419105231740349173176
02014112109572011110011070718305241790345174171
02014112109572012101379068217505071710336170166
02014112109572012101401067016805021630339171168
02014112109572012102981071318505281790349179170
02014112109572012103450071118005311730358172186
02014112109582008102694060816104471510296152144
02014112109582012104140066917304961720324164160
02014112109592010104936068217805041750329165164
02014112109592011101411076921905502040346184162
02014112109592011101693061416204521540298150148
02014112109592012100387066417104931680325169156
02014112109592012103849063816904691630306154152
02014112110002009100330079519206031980405203202
02014112110012010110016067217005021650337165172
02014112110012011100822061916104581570301154147
02014112110012011105458068217405081720336169167
02014112110012012102785061817204461660280148132
02014112110022009106213063916604731640309155154
02014112110022010101957063915304861600326165161
02014112110022011100271071818205361800356181175
02014112110022011103770066917004991590340165175
02014112110022012102024067118404871750312172140
02014112110022012106031064315704861530333170163
02014112110022012110029066117404871670320160160
02014112110032011103165067117105001680332169163
02014112110032012102016067117204991680331169162
02014112110032012102736072518905361850351180171
02014112110032012103562064915804911620329168161
02014112110032012106252068217105111750336173163
02014112110032012110046073719005471780369186183
02014112110052008104268070719105161860330164166
02014112110052010100534064316404791570322158164
02014112110052010100777070518705181900328165163
02014112110052010102446070619205141850329164165
02014112110052011103152070818505231840339170169
02014112110052012100195066216404981640334169165
02014112110052012102855061516204531520301150151
02014112110052012102865067117005011670334168166
02014112110052012105243069718305141860328167161
02014112110052012105752069617805181780340173167
02014112110052012105807065717304841650319161158
02014112110052012109142065415105031600343169174
02014112110052012110047070117705241850339172167
02014112110062009105725066717404931710322162160
02014112110062010103237068217205101740336169167
02014112110062011103650070218905131760337172165
02014112110062012101173067117304981680330169161
02014112110062012101491071418905251770348179169
02014112110072009106032070218405181900328165163
02014112110072010104823086721406532170436215221
02014112110072011103251069517605191680351176175
02014112110072012102985072217605461790367183184
02014112110072012103088072218005421790363182181
02014112110072012103269066016904911640327165162
02014112110082011100758065716504921620330166164
02014112110082011101814068117605051690336167169
02014112110082012100026066617704891630326162164
02014112110082012100474070717305341870347175172
02014112110082012102698068617205141780336170166
02014112110082012109104068717005171660351172179
02014112110092010100460063517404611620299152147
02014112110092012100983080621105951980397202195
02014112110102012101790080020805921950397200197
02014112110102012109127071717605411750366183183
02014112110112010103681066517904861660320156164
02014112110112011106143069617905171760341175166
02014112110112012101149071217505371730364181183
02014112110112012102252066016204981650333167166
02014112110112012102959067717505021720330171159
02014112110112012104062069417205221710351176175
02014112110112012105027069817505231700353165188
02014112110112012105170069917705221680354166188
02014112110122009106291064116504761560320158162
02014112110122012100306070418205221840338184154
02014112110142012103984069517405211750346173173
02014112110152011109108067517604991740325167158
02014112110172012102736066817604921750317156161
02014112110182008102522080120305981980400200200
02014112110182010100259088223006522140438219219
02014112110182010101969079420305911950396198198
02014112110192009106603082320306201990421210211
02014112110202009106039069618005161720344173171
02014112110202012102023065417204821560326158168
02014112110202012102720066815605121600352172180
02014112110232009103262075319205611850376186190
02014112110232009104718067816905091660343171172
02014112110242009105781068016805121680344172172
02014112110242012100336068716405231660357174183
02014112110242012101569064916304861620324161163
02014112110242012105032061815404641530311155156
02014112110262010103681064417204721710301156145
02014112110262010104450084320806352050430209221
02014112110262012103984068416805161710345173172
02014112110312010100259075318905641870377188189
02014112110322008102522075219105611900371190181
02014112110322009106603076019705631830380190190
02014112110322010101969075419205621890373191182
02014112110332011103520078418605981900408199209
02014112110342009106039068117605051720333168165
02014112110352010101971086926006092180391195196
02014112110402009103262069218105111730338169169
02014112110402009105781068417005141670347169178
02014112110402012100336070516805371710366179187
02014112110412010103732071718005371760361179182
02014112110412012104680067417105031670336173163
02014112110422010102642069618905071750332175157
02014112110422012101840069218905031720331165166
02014112110432012100433069317105221730349173176
02014112110432012101149072617905471730374182192
02014112110432012102252072517605491740375185190
02014112110432012103399070017405261760350176174
02014112110452008102522073317905541780376186190
02014112110452010101969072317805451810364199165
02014112110462009106603071218005321720360179181
02014112110462010100259073619305431840359183176
02014112110462011103520074618205641810383191192
02014112110482010104223075018905611850376187189
02014112110542010103732072616705591850374192182
